4.848289527210763450e-01
4.314489345856465929e-01
4.387294655536909671e-01
4.182076909134609943e-01
4.230097954419099748e-01
4.250538160787394881e-01
4.251339799797599350e-01
3.996494015254312693e-01
4.820212799512061386e-01
4.918140352967063089e-01
4.042582636745135072e-01
3.639731337094718744e-01
3.683636588223679897e-01
3.806967715649984263e-01
3.995300891411914246e-01
3.346710333952986338e-01
3.191898164017735740e-01
3.171194905583653023e-01
3.212823061176484640e-01
3.191124362333165321e-01
3.268114843500198319e-01
3.205886487983506949e-01
2.983447178527566801e-01
3.021639516659411773e-01
2.960762494129782207e-01
2.974261356806774947e-01
3.002594853655936591e-01
2.914998028156848831e-01
2.905337486771050193e-01
2.628682147136569558e-01
2.585654902078154960e-01
2.656959687169424544e-01
2.994618608288296402e-01
3.438973055826670122e-01
2.956976528316199171e-01
3.627796997534232237e-01
4.108385916764346613e-01
4.428843234154450359e-01
3.508661645065399015e-01
1.038776113112145572e+00
3.456532983403979853e-01
3.468696646853720034e-01
3.453410082569572381e-01
3.456904052203302324e-01
3.513178480570715578e-01
3.316006015021517594e-01
3.529573621203428435e-01
3.745254540342259353e-01
3.676719220779263164e-01
3.628625373997065306e-01
3.651922841821516053e-01
3.589598440974942073e-01
3.998836627223915086e-01
3.816738817159815444e-01
3.789060697525145072e-01
3.720655487354728175e-01
3.898194363825294717e-01
3.808941020364346453e-01
3.737064968350387595e-01
3.680340971421076635e-01
3.711789353843549799e-01
3.666624438405485797e-01
3.740887048555794903e-01
3.713803195833795812e-01
3.565487541710385400e-01
3.618262322644133500e-01
3.604888737758712436e-01
4.136313885831386372e-01
5.345673701476629791e-01
5.810701140434039180e-01
5.513670237640084792e-01
5.446091485267232635e-01
1.458670847705465734e+00
7.969588087649381869e-01
5.642175288157911250e-01
5.676376057839385147e-01
5.583395096375454170e-01
4.910880771493261188e-01
5.364358484609377253e-01
4.189985200205819105e-01
4.296422394328758276e-01
6.219309123117523486e-01
6.204192329576505571e-01
6.139171625875765592e-01
5.752691975647475919e-01
6.019112578448952977e-01
6.021800451344418992e-01
6.046723517308838503e-01
5.951358534664659139e-01
5.684150922567655639e-01
5.823004751855328509e-01
5.744266350376124874e-01
5.665196172943554043e-01
5.729169026417839650e-01
5.435422509932359425e-01
5.499468280707019430e-01
4.833263100913597343e-01
5.075714005140392615e-01
4.724573510851860503e-01
4.863992364496578236e-01
4.719933403612412981e-01
4.738528554690669137e-01
4.850094122540833941e-01
4.777516814660224820e-01
4.704567210548017409e-01
4.739650544952767608e-01
4.233545925345754690e-01
4.186197344978008217e-01
4.154349861402596433e-01
4.179917057685798021e-01
4.545231231208264333e-01
4.406090119933262494e-01
4.456355709155960243e-01
4.433361266240446463e-01
4.338318414428498082e-01
4.310384385986491540e-01
4.215501461168268404e-01
4.493115575409998286e-01
4.352787668874214533e-01
4.227236765921379980e-01
4.295761708965509795e-01
4.309446476109800028e-01
4.301544057308271940e-01
4.325430733394686755e-01
4.310026703835293516e-01
4.290676137102812371e-01
3.947457745801490892e-01
3.939386983058603686e-01
3.957435016400439043e-01
4.376934773654807542e-01
4.586325737657683810e-01
4.338519111742040191e-01
4.179946778631032367e-01
4.040199986259223608e-01
3.975496547773590961e-01
3.941876663219944232e-01
3.877252494837882257e-01
3.872442884469252666e-01
3.827278055072824703e-01
3.937354696663833975e-01
3.800296934025872986e-01
3.696436244315863817e-01
3.754203667574621539e-01
3.633069055195624619e-01
3.817633628502509202e-01
3.697898519145872975e-01
3.736337699625463249e-01
4.691722908312934148e-01
4.692500665062956933e-01
4.601888157401509138e-01
4.505968626550728717e-01
4.474176090997304955e-01
7.079504248799947108e-01
7.638217566038281170e-01
6.584166006427363271e-01
6.442047628609116616e-01
5.596224864972763058e-01
5.307768835862636259e-01
4.469017165818021109e-01
4.416390883404315293e-01
4.209100297680810066e-01
4.230913970380530964e-01
4.204581360174277638e-01
4.277343830741864306e-01
4.206894395833444822e-01
4.181954404503153144e-01
4.198750346887969997e-01
4.158552810010943124e-01
4.195637412887112117e-01
4.252328288062448558e-01
4.126121936297101334e-01
4.166144269671944733e-01
4.124959023093483501e-01
4.072445761685928312e-01
4.229651303377005012e-01
4.114480276927625635e-01
4.061013090270212400e-01
3.981181265536724578e-01
4.019302982537785174e-01
4.019789122771423306e-01
3.666388511946093720e-01
3.656452835589339978e-01
3.640953601774032933e-01
4.216599713252424109e-01
4.206928716449086503e-01
4.051406941509577697e-01
4.005822959337386746e-01
3.989137678898396766e-01
4.042243199588573810e-01
4.104067599114936127e-01
4.038186121584208532e-01
3.968465927059198761e-01
3.911180361093653524e-01
3.925740744194625709e-01
4.164098994932974862e-01
4.344471224836427004e-01
4.236423314079069691e-01
4.109030369025111762e-01
4.043763969883216181e-01
3.837402108981899929e-01
3.835883419436004749e-01
3.828518503031637654e-01
3.784837690688061529e-01
3.765440888458786994e-01
3.782555417594810621e-01
3.795608059981339100e-01
3.872123811634503587e-01
3.116149778821136751e-01
3.023456330767571032e-01
3.100659571535742121e-01
3.013356766572402590e-01
2.968747170144104275e-01
3.176575968238481984e-01
3.080850749475588790e-01
3.146401877054647578e-01
3.122494122644162706e-01
3.101869298464728364e-01
3.098066953938317658e-01
3.221569629871672280e-01
3.217059921579917270e-01
3.201048432706514180e-01
3.156325284033153489e-01
3.098418061616551866e-01
3.036516696398771642e-01
3.038133174337294129e-01
3.041785633595894822e-01
3.024107499835421153e-01
2.981082957510672315e-01
2.922314745185773388e-01
2.868607705265237007e-01
2.846899854888945147e-01
2.866245712465592121e-01
2.854775500149705492e-01
2.827121685959159136e-01
2.775005571918525149e-01
2.785155106030856031e-01
3.784495083330789433e-01
7.787250289678985249e-01
7.607369531824338393e-01
7.277722728677751274e-01
6.868829972248617910e-01
6.931562171869622979e-01
7.097115262478298492e-01
7.067329398014310371e-01
7.168081523081987205e-01
7.119526344350690650e-01
6.963920918172931129e-01
7.046037739571620051e-01
7.227279895698841550e-01
7.114958855362216728e-01
7.021144633853448891e-01
7.037900850101713734e-01
7.064193976292785226e-01
6.668669479692396207e-01
6.954646633923740051e-01
7.025873887258623496e-01
7.032018590195007191e-01
7.011619538340922997e-01
7.153104286071803042e-01
7.214940717477933418e-01
6.797008721322744806e-01
6.700082194397956048e-01
6.836815527119648461e-01
6.803160454412584546e-01
6.792650578658261384e-01
6.814916000861215295e-01
6.674251641156120352e-01
6.604946867661681820e-01
6.598526257957743058e-01
6.658660791547029723e-01
6.060814657373096992e-01
6.145625267065846220e-01
6.233340533025408803e-01
6.160186139751734347e-01
6.061266122173496473e-01
5.359697069152977722e-01
4.578121911569452696e-01
4.573119098177391706e-01
6.093532145177619208e-01
6.066870550343372859e-01
6.381299591265673365e-01
6.024015052528897129e-01
5.721981030858735995e-01
5.580888981767678780e-01
5.420418982102136463e-01
5.407095441860562124e-01
5.421629772629819044e-01
5.374501456746758610e-01
5.373445027221211978e-01
5.353209881673778314e-01
5.420254285729535493e-01
5.396402624520511004e-01
5.437787835905663059e-01
5.449915204370471278e-01
4.813000915793277379e-01
4.780513570614220997e-01
4.734756710409143143e-01
4.673602044819495926e-01
4.673649498950276371e-01
4.656526730691822324e-01
4.695754952791566517e-01
4.328233341720736371e-01
3.856998655052821245e-01
3.869854857778201596e-01
3.887907661659258940e-01
3.813892080638355830e-01
3.484643907638885763e-01
3.353201385245402344e-01
3.337855825287118217e-01
3.387672265853017284e-01
3.118459146473640531e-01
3.087418160619666008e-01
3.061061241356219931e-01
3.069837859551386439e-01
3.214002005494843717e-01
3.141380411694919550e-01
3.044607118454396577e-01
2.989842743445833562e-01
2.969476353374589372e-01
2.947177272728409014e-01
3.149154493836436308e-01
3.179472650004943057e-01
3.143205027087262460e-01
3.124507779908510807e-01
3.207666459470895348e-01
4.367304173396897582e-01
5.039296326172466589e-01
5.013301832625030041e-01
5.007474214712089866e-01
4.966338052584989837e-01
5.014820626228713163e-01
4.989628231437043260e-01
5.008885524605926065e-01
5.040244996945797418e-01
5.018783085544975542e-01
5.126595870681891487e-01
5.149509003088091896e-01
5.070091388869274462e-01
4.305379191434669517e-01
5.722599948904718570e-01
5.817736163907490932e-01
5.782263356889564276e-01
5.691590560147592459e-01
5.703960127251772594e-01
5.681087919125734631e-01
5.608897365892421272e-01
5.564476173478354326e-01
5.554120165888656313e-01
5.528903216059328773e-01
5.510524995767853706e-01
5.229641184281939026e-01
5.260325028358461275e-01
5.292240996678662102e-01
5.275006526639524074e-01
5.299644771966158796e-01
4.562247778889523819e-01
4.718974657620330082e-01
4.909270277236250646e-01
4.079923191777955482e-01
3.999060087257115814e-01
3.969069061492206951e-01
3.862739907024802521e-01
3.987239578623046343e-01
4.055587724143220885e-01
4.033060460523467117e-01
4.009095420652825092e-01
3.972093173709392855e-01
3.931018265625528252e-01
3.871024868155423793e-01
3.849623363038148227e-01
3.839515790696749753e-01
3.741170706601171236e-01
3.738251056083121138e-01
3.803033542678846413e-01
3.835309698006628132e-01
3.731377057863448643e-01
3.661068989975460597e-01
3.671825513247385375e-01
3.685194557086777234e-01
3.724913300253432924e-01
3.708539115819975418e-01
3.702205386006340304e-01
3.683572873530136516e-01
3.698600615075270381e-01
3.685848135495513045e-01
3.609419840524134004e-01
5.476400641251601975e-01
4.276382427057133784e-01
3.962291788511550505e-01
3.716494955856533000e-01
3.336395914842721910e-01
3.307050025849684882e-01
3.619356867266104727e-01
3.530056269909525590e-01
3.536950227571991068e-01
3.471053782207048632e-01
3.466845615107032041e-01
3.468352095384948930e-01
3.596133016735370558e-01
3.561538332556886677e-01
3.523840066671577453e-01
3.517480116423178926e-01
4.023749302877781542e-01
5.287255735981437610e-01
6.701333319844628988e-01
6.394654554085024145e-01
6.217239374527013807e-01
6.286337741878470498e-01
6.260222869186546912e-01
6.326194363229239448e-01
6.961888297009743987e-01
6.486931308096283155e-01
6.377906327856921465e-01
6.384157932511210776e-01
6.838168308187816402e-01
6.698839813245140995e-01
6.215170876314206616e-01
6.329720087042102206e-01
6.285351286179082786e-01
6.278456786528212596e-01
6.573185984303191454e-01
5.899918993277456503e-01
5.790553677670010613e-01
5.903336051759080494e-01
6.203123123518581306e-01
6.052754381146764340e-01
5.889004304492531094e-01
5.884761952545697339e-01
5.575455673458776795e-01
5.865130678803824882e-01
5.653234961105024770e-01
5.506675696565246358e-01
5.610695868181452273e-01
5.650267674208236945e-01
5.359160399061372315e-01
5.369044043246153919e-01
5.387577864072607969e-01
5.390790892639703014e-01
5.206355163959787147e-01
8.287716367763215963e-01
5.451411051822827591e-01
5.361604178632428663e-01
4.999385836180845755e-01
4.999022920108333046e-01
4.276944736207539677e-01
4.185874665338621403e-01
4.573108247618825617e-01
4.549658927114385576e-01
4.481956182045176984e-01
4.502607178261084919e-01
4.477503211092213609e-01
4.643837499274819924e-01
4.480422518605340909e-01
4.401927876564020181e-01
4.382899606600306752e-01
4.421824488930101715e-01
4.411682679655649642e-01
4.368939191849057768e-01
4.405691456921609350e-01
4.367745199354260421e-01
4.373323768569592485e-01
4.368971744771841248e-01
3.637760381839740820e-01
3.583694483031168998e-01
3.579183427300423603e-01
3.602915043238619774e-01
3.466763760293758434e-01
3.501403311845001642e-01
3.550367430743945896e-01
3.510214742111574804e-01
3.466880609737598706e-01
3.493831542847297689e-01
3.267203783289427399e-01
3.292936842135856246e-01
3.008362470443224912e-01
2.992221556568316343e-01
2.831027967514922472e-01
2.797049170001136287e-01
2.708057869059120604e-01
3.442560775722702804e-01
3.406837350773919693e-01
3.376997703326399813e-01
3.441228515414801459e-01
3.495336541899382587e-01
3.542381754572280772e-01
3.475100674085001007e-01
4.517410887476288051e-01
5.299971221367597574e-01
6.301614979297510688e-01
6.174548946649698333e-01
6.041988082670513016e-01
6.006883177061981272e-01
5.914774282922873327e-01
5.825301985375166414e-01
6.502922592788085154e-01
6.518937074315346303e-01
6.554937078783942273e-01
6.492443538078653820e-01
6.524581518658026935e-01
6.584790002261957653e-01
6.603337050381888895e-01
6.557353941647995343e-01
6.700708964854940053e-01
6.636728458136875730e-01
6.572495987933014705e-01
5.834389630002380089e-01
5.833748270927047175e-01
5.836585342623807904e-01
5.806626184607448504e-01
5.816097439657572643e-01
5.846956101408740114e-01
5.844412270104354379e-01
5.889229952242329702e-01
5.884970556831358168e-01
5.673951894231777926e-01
5.599114970182099693e-01
5.576534545961021605e-01
5.601279673193857445e-01
5.116114599617349601e-01
5.192631837313881338e-01
5.108015719507399410e-01
5.186328393661513436e-01
4.651126755882781239e-01
4.648670416425493279e-01
4.739287724457815210e-01
4.692769292258321956e-01
4.669480970011435916e-01
4.497480938313234700e-01
4.377457727290268164e-01
4.290401646751270670e-01
4.039365809047305023e-01
3.985496289958458949e-01
3.930599871912840437e-01
3.943161782995893150e-01
3.932507646900514353e-01
3.894096511350243484e-01
3.954965999954745959e-01
3.956744807430715438e-01
3.959826852896877747e-01
3.722319599015296299e-01
3.414708425881147758e-01
3.232784399645254325e-01
3.179368730417394540e-01
3.184941077595664916e-01
3.191894242410204807e-01
3.186572874875517880e-01
3.192648840429779811e-01
3.155855974476630688e-01
3.185659648555134171e-01
3.181351876285274383e-01
3.170435258016141011e-01
3.174170419437026824e-01
3.182864340224653699e-01
3.177947423117660763e-01
2.885181374172539059e-01
2.867626784905371040e-01
2.750498012850876028e-01
2.715026929344845352e-01
2.724382962353617543e-01
3.039989350742412499e-01
2.983582897252775590e-01
2.980703725214433053e-01
2.984712546048077786e-01
2.978720758012759484e-01
2.947878560808393500e-01
2.912183917501019459e-01
3.400506161131310878e-01
3.342202033195589839e-01
3.342217337211332850e-01
3.582920847597174108e-01
4.685514032449774047e-01
5.533157911147215113e-01
6.171882218822366539e-01
6.229726376752835471e-01
6.332079146537774594e-01
5.970592628633359933e-01
6.636616986181222977e-01
5.801949055329439497e-01
5.874161462321241256e-01
6.069522942890971384e-01
5.752154729900489372e-01
5.640577489595658411e-01
5.650330260790084047e-01
5.317724116323798711e-01
9.773753402035756377e-01
8.314284474052885399e-01
6.010525072040191485e-01
5.515429008870634808e-01
5.514522256499503339e-01
5.514639073812048764e-01
5.319939638000451554e-01
5.310467288809520570e-01
5.338640607146548644e-01
5.257658811695914425e-01
5.271164117181742492e-01
5.278223385858080707e-01
5.320176468258120961e-01
5.316829795700884764e-01
5.045191856599893221e-01
5.034246566747037077e-01
5.037445505159773296e-01
5.026311925053597029e-01
5.065352092566596243e-01
5.041798015745364570e-01
4.652844875730576257e-01
4.696607254849421986e-01
3.884483443038623252e-01
3.622571973006815105e-01
3.545752581458206376e-01
3.586460370481804327e-01
3.615559357804720708e-01
3.560069780128403139e-01
3.410818222910798614e-01
3.423815472276597327e-01
3.564203533551588698e-01
3.549099918077811000e-01
3.515361318401611923e-01
3.460786636316542930e-01
3.409040478395660156e-01
3.365994965861440202e-01
3.358508580082402162e-01
3.303151368702561541e-01
3.244093494733937821e-01
3.214801424611543057e-01
3.204131789345274761e-01
3.168264670016824325e-01
3.218607872270704551e-01
3.406807539033633869e-01
3.102550175225285978e-01
2.974950176409889013e-01
2.951037621233284503e-01
2.907655053109560184e-01
2.889460691021107364e-01
2.722599599934721892e-01
2.544893813765727875e-01
2.554177600354231581e-01
2.553775160876566863e-01
2.554848801460016805e-01
2.739280419426063373e-01
2.754560368890955346e-01
2.879287556684958505e-01
2.638780410720715786e-01
2.371720370161109481e-01
2.271181070981551642e-01
2.244209877574900314e-01
2.244627111656757878e-01
2.353872746155106221e-01
2.335977146179731012e-01
2.341479020691252522e-01
2.337704624930919683e-01
2.371272671834578349e-01
2.363564388456150800e-01
2.337174667027876462e-01
2.335866308591490470e-01
2.344708647983657079e-01
2.940980260027829529e-01
3.879024196244733602e-01
6.281598530263863278e-01
6.117046696930605876e-01
6.938631013034813888e-01
7.826172137247131566e-01
8.686346859440026158e-01
9.375294880382066820e-01
9.165204007366258843e-01
9.186208929435940584e-01
9.045961270770896956e-01
9.281821549023592244e-01
9.243084000726999871e-01
9.252872686647714007e-01
9.204645733599868818e-01
9.022433143832764291e-01
9.027397308024247558e-01
9.088169577025587698e-01
8.758715523321553009e-01
8.725591241891064165e-01
8.282611338073893048e-01
8.651405100975296802e-01
8.242221168930380371e-01
8.244763960960185267e-01
8.636910665225215888e-01
8.820395962692688663e-01
9.882679136024139499e-01
7.844508505379101937e-01
7.764636041266717026e-01
7.695731878576709262e-01
7.763344632733731876e-01
1.194278713116882606e+00
9.320460022521950272e-01
8.400926035525556612e-01
7.812858707622674093e-01
7.085766996082285551e-01
6.161263307639139875e-01
6.394725408193729921e-01
6.165681696622000718e-01
6.220859196847139394e-01
5.215283582764097536e-01
4.912987828102984844e-01
4.697554533171497404e-01
4.687045330910714624e-01
4.623414962025740316e-01
4.358940281695141139e-01
4.128162391045183122e-01
4.087516215143472964e-01
4.096258366010754881e-01
4.006995290731146797e-01
3.996890196535726747e-01
4.962995593693101393e-01
4.889706869482528528e-01
4.790833357553468952e-01
4.767455993644721390e-01
4.865815097765291419e-01
4.931069512394624654e-01
4.847999076177335054e-01
4.719030677159687936e-01
4.701465524411492236e-01
4.657388091529495178e-01
5.352382281429769462e-01
5.276042239293435854e-01
4.945551487007069369e-01
4.921484575703530817e-01
4.884006617181858578e-01
4.818667983904711960e-01
4.589802008309629144e-01
4.564762285736150282e-01
4.584329921060457669e-01
4.526642012234704526e-01
4.487541936616419314e-01
4.500368483994509616e-01
4.519906012494648850e-01
3.468479557853722528e-01
3.431763835304141863e-01
3.410280387648163547e-01
3.414915531731133047e-01
3.235854826621452629e-01
3.308258695553693562e-01
3.232404302187228962e-01
3.194130669407174161e-01
3.171020092983923289e-01
3.191536989011091174e-01
3.147647805633821960e-01
2.939917378278145144e-01
2.819606113902556332e-01
2.733578124353517325e-01
2.691086871741362740e-01
2.941808407857776642e-01
2.986549822123153453e-01
3.035558211214592905e-01
3.033249402475511336e-01
3.028033003522336841e-01
3.019695568329683333e-01
3.033530862975126752e-01
3.033724310049743522e-01
3.058056512641461056e-01
3.037997554519685783e-01
3.049085565520596730e-01
3.048003187888366772e-01
3.038826658456117435e-01
3.047333689939649148e-01
3.045839721377248122e-01
3.047939925625816060e-01
3.038699617242959783e-01
2.940398696088678543e-01
2.944467976656999775e-01
2.951218277609352070e-01
2.948888294683293942e-01
2.941231385503422224e-01
2.927974754886519815e-01
2.925216559553440732e-01
2.837516845323386772e-01
2.834274612353487877e-01
2.900556218693463584e-01
2.992050048823707842e-01
2.926497320081949960e-01
2.694169058330230238e-01
2.799192692676656935e-01
2.701758527593665082e-01
2.689103768840815922e-01
2.685241451167569293e-01
2.742050406688304465e-01
3.317221548648536800e-01
3.966058954151026050e-01
5.005167114177824228e-01
5.458701896336782822e-01
5.803790213041400969e-01
5.562265196045546034e-01
5.505046999039798772e-01
5.384922519555287446e-01
5.430123933155933669e-01
6.209810335992610453e-01
6.765902731434959572e-01
6.627307189571938206e-01
7.498715416865494587e-01
7.322228700582644745e-01
6.958359986397859576e-01
6.549652436520285725e-01
6.612887289506573785e-01
6.712269078923551735e-01
6.562274593391321797e-01
6.490915381023970587e-01
6.370113447006060525e-01
6.468248908000285846e-01
6.374047661182141722e-01
6.289415387058275853e-01
6.280974244368718873e-01
6.293182978697771102e-01
6.286846898328725119e-01
6.346320627063863906e-01
6.314300781007833319e-01
6.354105567810969246e-01
6.242329893272929864e-01
6.275901156241033840e-01
6.279099199832377520e-01
6.111305208133543942e-01
6.125318349327535383e-01
6.122995411565891333e-01
6.135149184983031967e-01
6.112979416538274480e-01
6.180505114259617905e-01
6.054695272777368409e-01
6.118769706116897744e-01
6.070812690269612455e-01
6.035191765259513286e-01
5.842703979195190689e-01
5.759678950682126652e-01
5.926124490379180987e-01
5.659242545067421082e-01
5.619644782798460803e-01
5.496062599483700906e-01
5.346678008695731066e-01
5.285919461324513069e-01
4.997009223311319470e-01
4.951064086710310064e-01
4.895513825265419006e-01
4.635874960341333506e-01
4.365304121609390742e-01
4.204807936471950391e-01
4.190719564762804827e-01
4.177778551626082360e-01
4.179321728208388875e-01
4.205815373907685895e-01
4.185191578691110914e-01
4.273384228533754214e-01
4.290948076174935788e-01
4.301856941968458248e-01
4.238544668120642900e-01
4.138485410956969091e-01
4.188631737061239146e-01
4.315099494015414705e-01
4.155857471491461452e-01
4.134126233429893382e-01
4.120853209263872774e-01
4.168470743868490924e-01
4.163006785498284401e-01
3.769085517345395209e-01
3.806435669256273968e-01
3.803721557332723213e-01
3.771738774104482217e-01
3.698577792785584517e-01
3.648953166431537776e-01
3.682978399802132596e-01
3.714822604842370479e-01
3.440159603583007875e-01
3.447073066351006299e-01
3.408871255959690094e-01
3.385746368648470672e-01
2.727842211213446499e-01
2.800552974259293837e-01
3.794674935789037473e-01
3.668951794027663360e-01
4.050371219147662627e-01
4.455881032466337821e-01
4.895598519810111515e-01
5.219861705199382307e-01
5.150793649740664781e-01
5.135868284665501271e-01
5.137247522701184899e-01
5.092532191236782690e-01
5.109702351551396182e-01
5.076595198215715365e-01
5.068271101179609994e-01
5.049669598869706011e-01
5.100786088295602427e-01
5.107859539635944968e-01
4.838179735449786856e-01
4.808844064939984397e-01
4.820155210627281028e-01
4.817662913361732691e-01
4.815843745893315098e-01
4.839409236958235883e-01
4.787922280351611382e-01
4.789184214998488121e-01
4.797383330593990025e-01
4.225550345301996025e-01
4.209652614946784999e-01
4.241715502136156890e-01
4.241616270463524629e-01
4.262478566282198456e-01
3.706503310361364267e-01
3.711424332472357257e-01
3.718303552434449877e-01
3.713659355443987842e-01
3.127890078493407722e-01
3.140834988804243610e-01
3.059176989386280243e-01
2.590337306636734116e-01
2.790788959752073528e-01
2.722179250482703039e-01
3.403750162089533293e-01
3.647536271580280598e-01
4.379755583039787736e-01
4.708304035113893837e-01
4.589105834235650550e-01
4.612521271303932080e-01
7.258015638165062899e-01
5.118287248603057282e-01
5.125762933425728196e-01
5.100245615526444176e-01
5.165749926790074165e-01
5.176016719584928261e-01
5.159206866971515204e-01
5.197726203836419145e-01
5.182506731855317517e-01
5.193890497991574540e-01
5.220904596197794012e-01
4.599222273254771065e-01
4.652114227724931661e-01
4.792172063154928607e-01
5.029452634842024317e-01
1.948709875907796096e+00
2.662027770597921172e+00
1.076732453827188429e+01
6.539926939323952304e-01
8.561307159127647948e-01
8.526553549400734955e-01
8.552744223201486085e-01
8.526227787551108328e-01
8.498197495760247966e-01
8.449537130631714632e-01
8.438497451881704636e-01
8.481385287682242646e-01
8.409789546355286305e-01
8.474024793741795625e-01
8.441825042388472200e-01
7.280373071073142910e-01
7.325991192879748315e-01
7.217631914075454125e-01
6.352190322384695387e-01
6.310147867421164181e-01
6.210185238959449183e-01
5.999327990002426558e-01
6.511951633948614981e-01
6.283954279022816447e-01
6.288946087596027912e-01
6.236706940209090222e-01
6.177103996912529649e-01
6.123308116374652776e-01
6.096483980008069459e-01
6.256308102109071623e-01
6.350111607208860365e-01
6.387563806914380304e-01
6.561045728184844439e-01
6.655703418176288633e-01
7.208221496693877350e-01
7.308121466936549071e-01
7.305804112264275840e-01
6.940836200190377836e-01
6.853280387567366461e-01
6.930162795835601575e-01
6.545559873901531933e-01
6.599233597280523833e-01
6.636430746504889955e-01
6.613809558701970737e-01
6.654225715384781692e-01
6.438355329371167057e-01
6.513859295198688448e-01
6.552204453474161916e-01
6.548844117001154652e-01
5.938985227495608976e-01
5.847112616092974280e-01
5.886679132216388055e-01
5.834325083346345586e-01
5.642410971079372395e-01
5.676225093122727605e-01
5.562487177764395829e-01
5.601749385938368242e-01
5.614083318138159973e-01
5.621975841324904355e-01
5.164089403964216007e-01
5.012205257822232030e-01
4.978366645838973037e-01
4.940653504648550021e-01
4.291428950397574438e-01
4.627191826887421811e-01
4.584844365908910535e-01
4.508253824375351160e-01
4.503183814603642920e-01
4.920785406319071464e-01
5.256855356444547489e-01
6.496473559346516158e-01
6.483373955231935826e-01
6.465293796216061706e-01
6.496800947451851771e-01
6.485355485132465736e-01
6.497213499201953679e-01
6.680439077382018809e-01
6.537377801008501521e-01
6.419280646885048291e-01
6.504803087996675615e-01
6.486679204824968847e-01
6.487795166600445196e-01
5.936297803974908138e-01
5.158158369613563554e-01
5.166343921035021491e-01
5.157128366319170265e-01
5.186768666576746512e-01
5.207961516211208064e-01
5.207327356783107986e-01
5.218421957796703925e-01
5.185241530740167804e-01
4.878896224827279360e-01
4.816421545380027425e-01
4.805923309861233061e-01
4.844079172309773140e-01
4.837019475004992741e-01
4.464319137325933329e-01
4.420100375004712423e-01
4.308117808302389662e-01
4.335201526736369160e-01
4.265323537645281382e-01
4.202998087249120163e-01
4.162414835018679593e-01
3.787300675412477169e-01
3.826175902132392670e-01
3.802021792293369673e-01
3.819937418905547388e-01
4.700692862969647612e-01
4.673847677141471091e-01
4.954803531840533126e-01
4.841161854583871937e-01
4.891322154008599932e-01
5.486812583986431235e-01
5.433335408120235632e-01
5.454611958711177433e-01
5.455385747644345695e-01
5.419692165851750509e-01
5.443739760118255777e-01
5.419734936984939022e-01
5.413067031421986419e-01
5.432503014676717257e-01
5.424032016665965017e-01
5.420653555900183385e-01
5.419176935493308367e-01
4.786990670195067077e-01
4.792679547296702092e-01
4.803136918293181568e-01
4.816933367488546169e-01
4.816712554062420049e-01
4.815149974329105964e-01
4.798769487027896297e-01
4.825338848239581480e-01
4.824966155568256032e-01
4.669783790825399739e-01
4.680366107883749405e-01
4.680991502449495800e-01
4.697915302756784373e-01
4.543495347470185575e-01
4.620732137690148345e-01
4.652498758916852606e-01
4.633231875853739967e-01
4.348276104856094726e-01
4.279836473867039692e-01
4.277222701289085660e-01
4.167576221937741021e-01
4.144705499279693894e-01
3.359175857375723551e-01
3.351752978546042594e-01
3.466346473712927923e-01
3.945413895198882082e-01
3.923854420030041812e-01
4.372649261642452823e-01
4.820108308096464067e-01
4.780738462452107651e-01
4.809908836306694968e-01
4.862085962097034697e-01
4.874855462368828940e-01
4.846246029135837241e-01
4.895367789603279896e-01
4.916374526698139569e-01
5.260315595810807210e-01
5.013853160724041080e-01
5.068849527027105006e-01
6.604412778622672509e-01
6.609660380032756910e-01
6.781667201547738610e-01
9.389501559094801664e-01
6.153639368309927749e-01
9.675091966210851435e-01
7.617901890299078049e-01
6.022580028666454366e-01
6.556531368847637875e-01
4.922231829624951205e-01
5.931731752760919241e-01
5.790802951128999343e-01
6.984516620198144565e-01
7.264424949242329621e-01
7.483215442739387102e-01
7.735755792507024164e-01
8.046337385215561744e-01
9.389302293356631690e-01
7.947087078372032654e-01
7.429703944350207756e-01
7.123429546339359320e-01
9.113938006039578044e-01
9.096317955998528548e-01
9.045397941527817398e-01
9.159605978179986563e-01
9.198604392529260432e-01
9.293031568423221200e-01
9.345292419807821327e-01
9.562401668538633714e-01
9.626948594976897366e-01
9.668616299238592671e-01
9.773536376027209815e-01
7.319187734773443532e-01
7.366770754524080145e-01
7.344667346351655413e-01
7.324955810033377812e-01
7.299208689158533936e-01
7.264635645789194740e-01
7.232768141542944562e-01
1.736905114891551305e+00
3.117948702465548081e+02
1.119509075864423719e+00
9.194789204205590094e-01
9.065751643902675294e-01
9.100132498239511536e-01
8.988777781898359409e-01
8.526152722223453440e-01
8.398570227951492884e-01
8.142387586428706525e-01
8.211928631406264500e-01
6.686133225387208556e-01
6.632725451854988297e-01
6.602566086820019775e-01
6.588022119927325893e-01
6.559434155664242150e-01
5.870504996388176133e-01
5.723591725910518457e-01
5.538998872450738853e-01
7.555961770704641145e-01
7.520215477391469783e-01
7.382699012075620848e-01
7.344099995098385403e-01
7.250634670560054396e-01
7.148557153208178194e-01
7.142890038175849776e-01
7.157063202264321022e-01
7.122131664608147839e-01
7.228816861354007139e-01
7.233219445564935679e-01
7.348519967639988160e-01
7.339899420235171945e-01
7.312388001681993099e-01
7.175375844186652197e-01
7.158630596243853450e-01
7.115676121438589963e-01
7.105476758661367631e-01
7.112155230495803560e-01
7.119272002446677128e-01
7.188371303801959211e-01
7.198642304613822596e-01
7.139653233229316109e-01
6.054820574018718871e-01
6.083932630462018931e-01
6.069866411621466229e-01
5.745020645180308749e-01
5.709241537598003235e-01
5.763816060646541617e-01
5.861744045968044770e-01
5.892886035264862654e-01
5.982955950123942657e-01
5.979183716146750927e-01
6.073464475725360856e-01
6.085830087056048887e-01
6.139747034746950716e-01
6.335203172700453189e-01
6.180931115644273666e-01
5.364718991799601877e-01
5.403729247047551754e-01
5.462914597097692226e-01
4.523012158278518213e-01
4.534421381721837063e-01
4.595600712594613002e-01
4.602640412494234390e-01
4.548764057331649568e-01
4.485315334235721041e-01
4.417333192054153646e-01
5.195232311004378545e-01
5.167239464584887365e-01
5.909216774915670989e-01
5.852398159780393128e-01
6.887816280225546040e-01
7.192229192786963043e-01
7.576952816459654461e-01
7.278736016624471894e-01
7.309727450741563270e-01
7.470128097150757762e-01
7.588540848053900723e-01
6.870750027039868035e-01
6.878098310399956006e-01
6.872047626689321564e-01
6.818821270838191229e-01
6.814719032003238031e-01
6.877320852877693014e-01
6.847357118524535213e-01
6.827450565707388064e-01
6.798654049230556939e-01
6.786455423186954494e-01
6.616139988206792832e-01
6.632410660615780662e-01
6.601462975664290633e-01
6.593715097114247747e-01
6.598838552069750119e-01
6.569357938268414188e-01
6.551630632691539668e-01
6.630744231934531108e-01
6.452988590976000971e-01
6.506943278683516851e-01
6.531601346468879354e-01
6.549299412287895583e-01
6.393980516892860955e-01
6.479613365899525856e-01
6.511024235043716413e-01
6.479007816388031582e-01
6.467178839924720979e-01
6.515671729990666350e-01
6.609370618623022775e-01
5.620301553597520927e-01
5.515998246264941507e-01
5.309118882850312193e-01
5.613426425287566524e-01
5.567572039262046468e-01
6.275256727707887450e-01
6.236879524925598162e-01
6.440779381030039552e-01
6.397004922962008511e-01
6.428669069339723041e-01
6.416453760177154297e-01
6.374252902040724589e-01
6.394009421246431568e-01
6.528555769838320089e-01
6.601346293100918139e-01
6.517007061148289981e-01
6.691639899315557916e-01
6.822604015092270657e-01
6.822718132944511904e-01
6.647170915059237295e-01
6.665837835783510190e-01
6.475815288575632600e-01
6.432704542081956189e-01
6.471923963392756107e-01
6.456761273463178519e-01
6.511579463533190282e-01
6.545785399260105608e-01
6.535613614068037647e-01
6.515759546217372300e-01
6.439364291383843364e-01
6.478482952939790263e-01
6.439286379886838274e-01
8.796694842851009444e-01
9.008149817045668639e-01
8.817722275070517535e-01
8.655610783617535553e-01
8.976547712104946397e-01
9.787688626130268688e-01
9.498380594275352973e-01
9.563851064237597344e-01
9.494441710598635620e-01
9.388381088763777527e-01
9.338529933052224230e-01
8.988060176710620519e-01
8.907813796853792931e-01
8.835023452370004415e-01
8.772564212033768793e-01
8.700397233107036721e-01
8.297730156134368595e-01
8.513002161001467227e-01
8.437647742835874265e-01
8.375087132613523444e-01
8.329927736166112817e-01
8.169616209388198547e-01
8.108775817313006451e-01
8.681986344802277156e-01
8.653693273496343430e-01
8.652078802095839460e-01
8.650287026095954124e-01
8.678566582353659520e-01
8.674791575133288246e-01
8.795545034457536993e-01
8.838870484718701626e-01
8.947902867504864410e-01
8.983960296699213810e-01
9.046566816255341426e-01
8.656472453493465613e-01
8.666194054123448343e-01
8.698824325911255206e-01
8.590358801549318191e-01
8.610319960767242042e-01
8.628799458448849213e-01
8.608271879980063934e-01
8.701899221472561008e-01
8.575139269090583660e-01
8.495752868590701334e-01
8.440128219652581754e-01
8.347616757665708986e-01
8.298562446689016214e-01
8.297743935053589759e-01
8.316797405828980638e-01
7.960430648226215489e-01
7.988507308443473232e-01
7.935005487448381079e-01
8.048908475586118438e-01
8.186940646505072028e-01
8.114226138441809066e-01
8.066089847552994074e-01
7.988447596437959763e-01
8.019145144083414944e-01
8.658285952130314600e-01
7.745413980728518277e-01
7.544819254740585679e-01
7.543689928787387089e-01
7.524035446927808124e-01
7.372034339443089834e-01
7.331370166166334412e-01
7.340902468520068558e-01
7.333798026298320449e-01
7.358349723072955539e-01
7.339587683863590950e-01
7.314926227213485177e-01
7.334357873666617067e-01
7.309447408258126222e-01
7.222678421899356715e-01
7.006487855459335723e-01
6.925382812573483982e-01
6.758063656703131583e-01
6.785416859693768066e-01
6.804937492811642397e-01
6.711100261259798083e-01
6.707833536348215553e-01
6.475549518596130927e-01
6.510360367537203485e-01
6.508994446140539125e-01
6.465333180839224481e-01
6.506441037892498613e-01
6.516783304612271399e-01
6.538578114691387944e-01
6.542185801856045257e-01
6.315480102119245265e-01
6.086516858700128374e-01
5.937878483485166115e-01
5.903948008210249121e-01
5.723394952398879187e-01
5.593954259818967323e-01
5.583363306708784002e-01
5.537932968449800208e-01
7.028431780541326557e-01
7.343934878190927495e-01
8.740843245098789405e-01
9.212127509102366885e-01
9.198597862727897478e-01
1.028387017774709644e+00
1.027204727630737890e+00
9.948370176564929057e-01
1.036655984333950453e+00
1.023480095684391245e+00
1.026771285159408409e+00
1.049263942132030669e+00
1.055950302337280489e+00
1.067493604060643086e+00
1.075928657337655636e+00
1.078844837387933575e+00
1.087360567296637104e+00
1.033009862315922511e+00
1.027603281292277071e+00
9.670078447841417013e-01
9.589583799780835305e-01
9.590925368965592668e-01
9.734197810476001855e-01
9.780555913512176680e-01
9.803156072894368966e-01
9.757158269863337452e-01
9.754220211340420832e-01
9.508769137392485415e-01
9.724794271817980285e-01
9.214883631147299248e-01
9.323285934125074004e-01
9.604950102575673387e-01
9.351001848902626978e-01
6.330490689277738056e+03
1.799726614907924516e+00
9.618127713431960935e-01
9.653081448307329060e-01
9.663048359027530676e-01
9.451916721986535208e-01
9.438735514137414073e-01
9.477710386880043858e-01
9.355545304651441407e-01
9.288108220976728502e-01
9.238146071384172320e-01
9.219944713297507644e-01
9.088095773675796130e-01
8.195589865767758386e-01
8.035613090514917012e-01
8.014021401432243064e-01
7.692025607480497129e-01
7.101832522413198401e-01
6.924511559503457869e-01
7.070178133370876861e-01
6.877108172182536672e-01
6.900458554882884510e-01
6.886694825302224210e-01
6.866288920148471142e-01
6.793279030449190792e-01
6.779649527445795743e-01
6.737940807592009973e-01
6.749717528206402584e-01
6.738975804710336526e-01
6.794751647772455661e-01
6.823672243683742700e-01
6.832286465073876824e-01
6.416924414568843105e-01
6.417417818860385870e-01
6.366601799496591774e-01
6.360433885076401950e-01
6.316013595723997121e-01
6.259543668641232017e-01
6.206061032056356952e-01
6.249374310529931531e-01
6.255754771717041418e-01
6.251750575543209010e-01
6.026709387736686185e-01
6.048906270751321923e-01
5.925001633961987091e-01
5.885764646350143403e-01
5.935967302312710192e-01
5.912447908091780224e-01
5.981595545185045548e-01
5.999971892805807672e-01
5.936871610402629784e-01
5.723945771625724710e-01
5.721037345133128671e-01
5.383663645732557068e-01
5.301853573494323957e-01
5.127742228443256112e-01
4.761364334581092983e-01
7.850341240111426977e-01
7.726869082982876780e-01
7.608817292759303408e-01
7.562982521920391665e-01
7.461437955653527077e-01
7.411791944508564489e-01
7.315427771820519620e-01
7.234671342074358025e-01
7.146623340851471218e-01
8.188958986684723440e-01
9.761893612281343779e-01
9.740242129422456152e-01
9.808067174567011159e-01
9.812986711733737710e-01
9.827462048643132997e-01
9.873800348119419201e-01
9.871837500641471586e-01
9.938459028826731601e-01
9.956539781579154536e-01
9.980356625928163972e-01
9.996654227673490434e-01
9.976264356159307845e-01
1.009953974797017429e+00
1.006895235590308246e+00
1.000762612228967230e+00
1.003239657220574399e+00
9.984753653971735199e-01
9.938386603604723035e-01
9.995433773556651191e-01
9.953273563545410596e-01
1.003301255323337804e+00
8.479995192806615290e-01
8.498969875715559619e-01
8.480130428430884271e-01
8.580224100032161072e-01
8.498173511310072037e-01
7.373855316358275402e-01
7.335014028235888883e-01
7.279468108711071306e-01
7.081441193435746850e-01
7.074452509203137396e-01
7.067281331653862964e-01
6.918169714912281165e-01
6.865177072076352749e-01
6.367705406638557442e-01
6.235647642625530285e-01
6.194621000237023889e-01
6.355170923946539263e-01
6.364847841957016472e-01
6.228034098891696013e-01
6.273921743233016324e-01
6.226898328837960905e-01
6.188449813329842675e-01
5.943421140914406653e-01
6.046280294893130458e-01
5.509270118996810739e-01
5.502115249401153818e-01
5.656237357222653195e-01
8.198937711817244622e-01
5.907249535235667981e-01
5.912707566894714883e-01
5.988960411987049870e-01
5.992294869015030168e-01
5.983868608192169924e-01
5.942399810649602321e-01
5.878434318497203215e-01
5.824453117357140108e-01
5.840495647410781643e-01
5.838740723337669802e-01
5.810007474181589915e-01
5.728974586102510980e-01
5.782017869525020171e-01
5.641478622097804152e-01
5.645546716049265612e-01
5.568717478259851417e-01
5.575458989003410082e-01
5.581989965514231322e-01
5.443626895216624462e-01
5.471202238104039273e-01
5.456799079823400067e-01
5.775674076974692817e-01
5.728177013402316886e-01
5.689307736878557176e-01
5.717560049934573563e-01
5.737380449587452524e-01
5.724138643402969517e-01
5.667845554393589058e-01
5.643537002826645166e-01
5.601458585967683534e-01
5.643710552403191638e-01
5.649859138217432353e-01
5.645527527241148702e-01
5.649511526117380056e-01
5.666800265720114416e-01
5.663111078659137654e-01
5.685872381045347090e-01
5.706850332655706293e-01
5.765505511901809488e-01
5.952973563617079966e-01
6.400272143111176426e-01
6.246742942523791919e-01
6.249585276926314936e-01
6.205325116334065028e-01
6.153899272900498207e-01
6.174829584776269087e-01
6.240782506768159932e-01
6.220797396859150119e-01
5.984629224434674377e-01
6.005732543665273093e-01
5.773277742147582270e-01
5.790360030724299722e-01
5.797305013138682739e-01
5.883269162686759479e-01
6.100081316491545724e-01
6.066951294280309437e-01
6.050255443051721915e-01
6.071966348717070527e-01
6.047466541841832743e-01
6.063220861329836620e-01
6.076119051819065531e-01
5.937915852366688618e-01
5.970106237617260891e-01
6.000586760485006055e-01
6.017117705896555258e-01
5.915431039291536575e-01
5.976635697706749184e-01
5.967268467327904169e-01
5.950950575763431782e-01
5.972392734323870300e-01
5.986539018837788717e-01
5.964797516058354399e-01
5.820905540592845595e-01
5.748206149315374658e-01
5.764980817848037731e-01
5.757899007348172837e-01
5.728024737032705316e-01
5.628709519833540176e-01
5.532406477725704264e-01
5.527652897387194120e-01
5.401939322963126289e-01
5.258429353311605547e-01
5.182117670569064138e-01
4.760826921630545439e-01
4.750069395105611658e-01
4.804511646858421470e-01
4.943330337472001679e-01
4.889790968036142882e-01
4.812186656445355815e-01
4.796299529448611043e-01
4.754027617098802727e-01
4.713290061332626180e-01
4.677259622544613360e-01
4.695655646025446717e-01
4.671805454588313089e-01
4.513803979727751270e-01
4.415351893394540150e-01
4.331940677168079068e-01
4.342973196310591089e-01
4.341963561969077734e-01
4.345014029604234995e-01
4.363154267031736921e-01
4.313115325684491186e-01
5.528684888023163158e-01
5.797049363006518963e-01
5.782188865188632176e-01
5.732727092555205406e-01
6.092543260773345404e-01
6.187928682324163043e-01
6.124037043608843156e-01
6.123927291968724873e-01
6.088477997442605094e-01
6.013576815121599584e-01
6.005451340303449292e-01
5.906339157493434300e-01
5.901641181923579227e-01
5.867334716952432583e-01
5.851724037475354301e-01
5.853620280773428330e-01
5.814457685950514820e-01
5.744977394476520338e-01
5.752026198706199356e-01
5.727505874303739919e-01
5.742075991301047733e-01
5.734745609091239649e-01
5.724338424784671808e-01
5.955114075865429735e-01
5.954177380567032829e-01
6.006163329719563793e-01
5.713733052070658625e-01
5.767060905206966570e-01
6.057719236170870936e-01
5.432010455950572192e-01
5.997871980830100647e-01
6.280909674684240773e-01
6.239834573484346336e-01
6.372364744223542043e-01
6.222354126645253114e-01
6.168188168956607598e-01
6.185115566464229886e-01
6.177351220212594640e-01
6.194086825405418217e-01
6.787733435555096673e-01
6.556748150264499753e-01
6.177002297032792022e-01
6.257004802776745533e-01
6.323949130142171304e-01
6.410897260074732706e-01
6.484397014289304817e-01
6.578259917958783065e-01
6.777829234323726748e-01
6.809784023956401144e-01
6.914201242548272397e-01
6.927504833708614251e-01
7.028488282262351783e-01
7.131538507649030079e-01
7.223313368147148417e-01
7.249621405016182241e-01
7.253143999693935084e-01
7.254974261744150388e-01
7.236868131234526214e-01
7.242433491271598189e-01
7.220392102347679142e-01
6.668207078126099363e-01
6.608339060233268114e-01
6.658579041576018209e-01
6.639734446934317802e-01
6.621833492279215472e-01
6.562365850226903330e-01
6.477745014990912154e-01
6.513819066198864860e-01
6.493144634385310532e-01
6.555110130278638536e-01
6.573720979524907415e-01
6.736306739780326680e-01
9.252054963188132142e-01
9.794417627133652493e-01
9.531310842885403201e-01
9.318151982601083905e-01
9.254116065454941475e-01
9.798374099105413570e-01
9.807490277299982795e-01
9.822620260123371416e-01
9.853477634054599310e-01
9.836279739619858686e-01
9.887093143931883210e-01
9.907143609016386687e-01
1.002480115845745701e+00
1.007526026624392834e+00
1.014192241743080869e+00
1.021867648283967034e+00
9.444019554751671430e-01
9.571530751998157394e-01
9.683224784776560679e-01
9.617056322267510948e-01
9.611716484585780540e-01
9.496152660234272735e-01
9.495462776024938822e-01
1.025692794214307479e+00
1.009840224761964667e+00
9.617036940264254152e-01
9.444320721028833798e-01
9.389252612466427728e-01
9.416441841076320651e-01
9.005117268471264369e-01
8.624651507689519159e-01
8.670881199876931955e-01
8.701088510515230245e-01
8.648911312290781250e-01
8.658025532143991398e-01
8.658779794184536804e-01
8.575876749132933519e-01
8.580414887718550432e-01
7.159725862806520791e-01
7.208148440043414817e-01
7.232623809383935676e-01
7.340124024927127122e-01
7.428291611340847034e-01
7.211474661007237774e-01
7.289537376790057310e-01
7.237237311450572808e-01
7.227883546015154703e-01
6.659040147594037506e-01
6.664243900780620899e-01
6.589401913959741508e-01
6.606689315038142274e-01
6.638673931880059165e-01
6.538924626933124706e-01
6.457374680711237547e-01
6.412786637184229033e-01
6.204708194834959167e-01
6.123999085341216286e-01
6.070554978791025125e-01
6.040595703916412651e-01
6.153394452017298955e-01
5.730572660804371665e-01
5.602188163896245632e-01
5.233304884187786055e-01
5.154354688598203893e-01
5.136662330514539798e-01
5.010804985175967285e-01
4.998667525235477305e-01
5.020186989139936440e-01
5.014025598574576303e-01
5.045919508624110428e-01
5.033588487711277981e-01
5.009297828919527795e-01
4.993282375065320466e-01
4.992001855986881176e-01
4.996058894942496664e-01
4.753208334538931434e-01
4.763580743134059325e-01
4.772148671271844722e-01
4.795840005402051132e-01
4.803085603424052108e-01
4.808980694765812580e-01
4.726614128327048525e-01
4.698605635263014557e-01
4.704665596044103060e-01
4.693743745353438634e-01
4.675579713770876000e-01
4.607685520386443634e-01
4.607160907961446172e-01
4.604664341713800013e-01
4.597866298469682755e-01
6.190897482504476024e-01
6.122341173952277060e-01
6.074625714175441171e-01
6.017189236696927068e-01
5.949174649715358587e-01
5.915044449483976008e-01
5.905711307155387946e-01
5.915387143112820212e-01
5.951548903193366602e-01
5.976434170538345025e-01
5.994851911710064041e-01
5.936110720742944213e-01
5.183714491811233227e-01
5.054923183338804193e-01
5.089025536056361876e-01
5.112993233864183695e-01
5.154110725282829986e-01
5.219440553269422134e-01
6.485193690860735494e-01
6.669660835447008829e-01
7.069603626352963799e-01
6.689090448606258565e-01
7.487823155034002420e-01
7.467040848383502682e-01
7.410724977210463305e-01
7.348877563862823425e-01
7.310499485559209809e-01
7.281684286645597748e-01
7.232766841993163442e-01
7.156752857338930518e-01
7.090704232304742005e-01
7.058269018670886297e-01
6.950517788408195896e-01
6.923518759984249593e-01
6.231260379102259161e-01
6.223014334914398482e-01
6.135663005940151793e-01
6.030694905584884635e-01
6.066216915654023545e-01
6.024408097766142944e-01
5.979832916519356445e-01
6.042877738869669724e-01
5.963198832237592839e-01
5.845535975939237794e-01
5.238624673046220481e-01
5.223473365078961095e-01
5.284422120109136811e-01
5.331169106384215928e-01
5.296054281267820185e-01
5.261755856798242537e-01
5.202522870930954557e-01
5.275532726223823854e-01
5.100898311618264902e-01
5.227798663748479679e-01
5.187463719889645608e-01
5.147479499088591925e-01
5.155568321358680040e-01
5.077078838922730597e-01
5.035715825452573569e-01
5.008423617459323296e-01
6.199439686517865811e-01
6.737088396958418324e-01
7.077184231389345159e-01
6.698411727186850406e-01
6.501760931135923682e-01
6.169921734653780465e-01
5.900382635660157415e-01
5.811142016817587574e-01
5.656410238107600907e-01
5.473689513499254700e-01
6.028647431767073517e-01
6.541395774238574212e-01
6.522493624866131379e-01
6.496830906760243662e-01
6.423088885596406339e-01
6.389972411351197978e-01
6.364216321935857179e-01
6.621064694150080587e-01
6.323140702847874772e-01
6.269929651296337614e-01
6.229893612063095443e-01
6.225956361200691846e-01
5.932282754506892353e-01
5.449741802145416925e-01
5.377909853841262855e-01
5.319156913987315161e-01
5.390747249974455757e-01
5.495851398463063031e-01
5.415261514085963901e-01
5.333749784152568285e-01
5.474342046488290814e-01
5.595254316397596517e-01
4.706550623061944161e-01
4.849129375063906955e-01
4.903839157520838432e-01
4.758124031015671940e-01
4.889051399789813290e-01
4.642582357087303713e-01
6.040395332385996019e-01
6.118400429406689600e-01
6.224812110606923188e-01
5.923302862330863672e-01
5.943811789078111696e-01
5.979369074860789723e-01
6.014918927148528160e-01
6.050774124945423882e-01
6.054657853876140861e-01
6.089198450177393251e-01
6.090232061645145523e-01
6.074958277938434792e-01
8.785484790274310507e-01
1.155511411934478483e+00
1.162587847334677127e+00
1.163685505150601873e+00
1.163294123045485629e+00
1.170559248740561165e+00
1.167254111318340781e+00
1.182231153685878722e+00
1.188370040379272519e+00
1.191802405229110740e+00
1.189893577060247232e+00
1.174280932987497472e+00
6.198045533135659868e-01
5.844845903217300576e-01
5.817522911325029300e-01
5.927228830724136088e-01
9.468021752917223921e-01
9.241275108850592890e-01
8.975599605187161156e-01
8.760778841492534719e-01
8.500167114978195437e-01
8.307649081546725212e-01
8.074799251583528736e-01
7.872998298878821632e-01
7.676184348734247376e-01
7.543028474896329438e-01
7.469338161450099767e-01
7.650705433219624485e-01
7.769657983291986536e-01
7.252620852128714990e-01
7.095775641509198817e-01
8.647175594307673352e-01
8.496522051838255596e-01
9.311673581635265817e-01
8.864460302760435173e-01
9.304760748686091709e-01
8.823008368766525056e-01
8.817616732102460109e-01
8.921981362076070177e-01
8.767171763643094584e-01
8.628913755312135336e-01
8.576547015587915324e-01
8.564881554864894886e-01
8.551890939657412760e-01
8.518780315481209175e-01
8.320783894156423832e-01
8.342433264944084659e-01
8.345776775481935639e-01
8.358316427805456694e-01
8.327690150382461853e-01
8.353470810491414600e-01
8.382821757955896125e-01
8.331893520079500792e-01
7.667331854134571412e-01
7.186184692657457962e-01
7.143695839586694518e-01
7.202182831039762867e-01
7.252786768485085522e-01
7.206103607633790320e-01
7.239427831264569901e-01
7.176440615307544402e-01
7.208013295890275396e-01
7.230202767043928391e-01
7.202018602083708476e-01
7.268578798444901290e-01
7.143221391713903135e-01
6.475770451268059169e-01
6.539098349363803298e-01
6.745688168862000733e-01
6.707834043061169371e-01
6.692322975731195278e-01
6.585520069010772914e-01
6.629013130669374476e-01
6.624822733089059668e-01
6.594065288012522785e-01
6.464622500428375274e-01
6.109458292102420973e-01
6.028594062014902555e-01
5.906128292517301981e-01
5.717165176745846455e-01
5.629259473918408752e-01
5.509952769373176462e-01
5.409727416057680260e-01
5.398403108543277096e-01
5.291830135716502070e-01
5.229106915180681270e-01
5.003523665441533819e-01
4.701592938134595556e-01
4.675332484768404684e-01
4.651061857638377206e-01
4.650244790197710643e-01
4.653526762874191647e-01
4.402033748918929845e-01
4.392612750224130225e-01
4.394308866261728563e-01
4.342191380839030002e-01
4.292064730470918077e-01
4.075052635048280192e-01
3.929555229415231943e-01
3.782481680560321746e-01
3.764582994456965315e-01
3.701461329087604168e-01
3.689337117490863460e-01
3.610533310757015335e-01
3.642296365506673683e-01
3.664881660829784060e-01
4.844035423693838216e-01
4.709575176389856344e-01
4.620609461971740828e-01
4.528838750445961514e-01
4.429137200076348480e-01
4.565522557075888388e-01
4.502590098597412105e-01
4.457023781358125936e-01
4.407478078485130291e-01
4.382809374621320919e-01
4.306900719163411217e-01
4.347360732419078833e-01
4.325476262482159662e-01
4.318499869059722052e-01
4.347294053241064216e-01
4.391115471766351419e-01
4.354346605200385412e-01
4.417165310046467508e-01
4.344064420249865721e-01
4.336645693218670883e-01
4.339819927581626269e-01
4.360078596219849056e-01
4.353987058576019309e-01
4.421982424616449081e-01
4.382302487790056822e-01
4.327900203683754943e-01
4.309020590092266789e-01
4.380866001789505693e-01
4.314677908243786386e-01
4.220685359165855521e-01
4.260924041871768098e-01
4.258857288346227232e-01
4.274670707890794175e-01
4.274295970028529901e-01
4.259496329053179542e-01
4.109135861840172432e-01
3.954861734060493017e-01
3.937026783651514927e-01
3.931510870981592687e-01
3.903216262284218141e-01
3.897967532027843962e-01
3.811592721405697715e-01
3.772801317124101494e-01
3.518132762066960018e-01
3.519044002477522137e-01
3.470680895798941568e-01
3.488221291681834479e-01
3.486444251885991719e-01
3.334603235159578349e-01
3.361510835333241243e-01
3.328415196259517650e-01
2.642364858913119896e-01
2.692081382743105600e-01
2.566091063937183669e-01
2.610888503269894745e-01
2.603076168813365232e-01
2.622890500404552738e-01
2.548313119886579936e-01
2.485857359199011851e-01
2.524560817268414747e-01
2.534546948427397473e-01
2.534740051816510853e-01
2.313725726980844777e-01
2.272593941247504912e-01
2.274416173216337045e-01
2.264464760994095438e-01
2.271298138138443945e-01
2.273046147812426421e-01
2.206998455859819352e-01
2.216870508226879144e-01
2.219966063088675834e-01
2.306946942299311076e-01
2.328205445596656931e-01
2.736788190363228512e-01
2.645697248338142460e-01
2.626410301983783668e-01
2.538403607874870627e-01
3.120716855428767866e-01
3.246974665346264444e-01
3.098884618072713648e-01
3.096364109389847519e-01
3.079040486198347248e-01
3.101974268953188174e-01
2.547827872355708401e+00
4.078109967496982291e-01
3.003573330050419155e-01
2.699166590488902839e-01
2.580416887416293048e-01
2.547220415675139904e-01
2.701571648860057184e-01
2.675701644471969454e-01
2.589462471806469601e-01
2.558447653134705568e-01
2.521786843658172517e-01
2.503808454657181493e-01
2.483539687139230123e-01
6.420462352479568979e-01
6.285873832965391816e-01
6.188339770598819678e-01
6.158415260040354111e-01
6.137429563225323959e-01
5.967464865661652462e-01
5.923869057009607531e-01
5.878021641073402082e-01
5.826216473802989793e-01
5.813047763919332311e-01
5.761189362650750434e-01
5.147896178382918020e-01
5.088636173646138294e-01
5.051318694213597915e-01
5.026942171677243332e-01
5.013007702821116185e-01
4.946270573428050987e-01
4.938870998981135241e-01
4.896919231477880885e-01
4.796766441427787742e-01
4.740781069543547055e-01
4.677404119198260712e-01
4.501975554820313308e-01
4.478585033069806265e-01
4.428270369335565171e-01
4.345624952910165373e-01
4.286564813388659134e-01
4.228087187006595027e-01
4.251214379410292454e-01
6.216752074694137375e-01
8.962255740135423032e-01
1.380405254039172913e+00
1.908064366964310011e+03
1.830254647617012864e+01
5.292457910724812642e-01
5.199153595247152371e-01
4.998894648335905355e-01
5.354425617609769317e-01
6.293146699988483306e-01
8.647332808822876249e-01
1.926180663329192466e+00
4.642987272990644620e-01
4.664384988404562393e-01
4.635782919984590134e-01
4.584646813818049615e-01
4.579155597646842879e-01
4.564067341933105704e-01
4.578498847566246366e-01
4.556124242904350252e-01
4.577585973524893603e-01
4.567186131620010192e-01
4.571655387997281550e-01
4.580293797336161821e-01
4.546050449380679703e-01
4.578758524322876222e-01
4.504535248757395305e-01
4.475944976152076982e-01
4.534356533237804965e-01
4.522080737033553621e-01
4.538689034598558658e-01
4.526314413261092739e-01
4.522778778732051697e-01
4.364559190496895003e-01
4.376292913955648345e-01
4.193403128839011673e-01
4.556024102123868991e-01
4.031190553974690616e-01
3.679726016507348652e-01
3.301978535953368210e-01
3.323035669855185503e-01
3.279739102981587551e-01
3.428793148780306943e-01
3.411287721791240735e-01
3.445571233729247118e-01
3.303313650092088993e-01
3.347391753146402027e-01
3.290273861202195338e-01
3.391949145549237876e-01
3.378371128973265414e-01
3.397559824154118280e-01
3.362958348415226451e-01
3.355340928775292775e-01
3.301670487693446621e-01
3.278139524842330621e-01
3.297801746873952888e-01
3.352854321367342294e-01
3.383316565292612266e-01
3.397181459738201625e-01
3.386899082319859700e-01
3.082439645135726103e-01
2.892164336114015355e-01
2.857099496117647686e-01
2.839165468168144968e-01
2.801029306770397298e-01
2.789718191668772995e-01
3.140165222208911033e-01
2.849136905345655002e-01
2.724890895973783866e-01
2.754695424345934840e-01
2.725359019405582672e-01
2.766502319024730649e-01
2.758246312809621847e-01
2.724792943920708033e-01
2.688374964303303916e-01
2.667870669649828885e-01
2.650946756714917529e-01
2.649360008300500890e-01
2.669712535542666521e-01
5.081113260702430079e-01
4.967677368446422048e-01
4.861768024691779932e-01
4.819944422903335579e-01
4.812728388846551075e-01
5.054223600380646220e-01
5.012509032308808399e-01
4.990145618125102489e-01
4.916169355946586328e-01
4.985261764866303347e-01
5.050387262871858240e-01
6.112152702121982362e-01
6.219418412577940591e-01
6.138829772876623903e-01
6.039069498242501943e-01
5.938892233675931998e-01
5.868977718466528160e-01
5.820583183673794236e-01
5.846712224744015085e-01
5.845241423011595661e-01
5.845853916798714467e-01
5.833960953361450041e-01
5.138873567588121416e-01
5.171027573109194808e-01
5.140067798608466410e-01
5.097503881376697077e-01
5.084109324950658593e-01
5.028875617602898140e-01
5.026305350001682992e-01
5.061030098455749915e-01
5.045401329551180147e-01
4.666528272726290227e-01
4.665444744584812953e-01
4.662678547601329937e-01
4.631715881660726231e-01
4.684296155542042039e-01
4.689318521561693376e-01
4.380886503776720842e-01
4.376654417260869012e-01
3.840608672743366370e-01
3.873161525225189417e-01
3.932722640725657137e-01
3.905110255805117059e-01
3.826142741185087903e-01
3.796604382844223080e-01
3.742140842082629648e-01
3.732697485245074498e-01
3.857228914126765718e-01
3.758741864074837125e-01
3.696367628278871553e-01
3.636509938348323479e-01
3.636815694369958663e-01
3.659412675353028721e-01
5.622111032021123167e-01
5.599266443917960689e-01
5.549166798395922529e-01
5.515131041397397516e-01
5.420616667064481753e-01
5.378148885710336558e-01
5.541781622239462246e-01
5.651038142386682894e-01
5.645945612088223431e-01
5.590019142323638945e-01
5.529177652993628733e-01
5.519049255318630998e-01
4.833372880352682088e-01
4.047049017700177220e-01
3.805198188813288529e-01
3.750639918318444677e-01
3.757971976495381727e-01
3.756736952360767434e-01
3.789244369492618114e-01
3.792219042042024868e-01
3.778104376631570838e-01
3.774279161375241332e-01
3.748257532061130548e-01
3.759264144510257588e-01
3.748679324686642333e-01
3.597568310363216115e-01
3.574410921940076591e-01
3.242675034536883771e-01
3.245543035454742098e-01
3.247806808934600165e-01
3.251667409389866203e-01
3.075053988799594240e-01
3.087966488376546748e-01
3.083348307150943213e-01
3.101447757121225113e-01
2.679495132759265319e-01
3.110492602704300058e-01
2.853125999190604389e-01
2.735864010264824620e-01
2.729883036191725898e-01
2.783138422985365623e-01
3.084782518575299726e-01
2.747372237857721444e-01
2.769926782072104077e-01
2.735233409109597558e-01
2.707440766567877910e-01
2.689046503756523654e-01
2.673448368130644237e-01
2.683952804127434644e-01
5.595347925544451595e-01
6.449786231950538351e-01
6.312974405243158005e-01
6.112616496007936551e-01
1.343551463960428682e+00
6.805434770134380917e-01
6.759589359352359272e-01
6.711581335260612402e-01
6.657244088639826529e-01
6.647739448421380315e-01
6.648504849916531123e-01
7.709009743808966642e-01
6.856226583504358985e-01
6.570617131631414365e-01
6.513336487744216807e-01
6.282466707439399167e-01
6.224620037236598957e-01
8.043638099921459617e-01
6.885174194826155780e-01
6.318414449818194889e-01
6.236110659739063644e-01
6.523068528778280806e-01
6.144649561646816638e-01
7.088184228900383799e-01
5.264637207186551038e-01
5.295222130762033963e-01
5.273416942341271341e-01
5.136000749838527391e-01
5.076976634035225144e-01
4.135836874777928074e+01
5.794725453213880328e-01
5.393118296886141305e-01
5.547990615873910070e-01
5.164640577381751640e-01
5.191218287105211493e-01
5.337170611631449901e-01
5.296522945550026229e-01
5.062986724967796226e-01
4.920664239240268856e-01
4.952061810498076255e-01
4.883381639828327514e-01
4.673014025083907508e-01
4.644387681518806765e-01
4.621808255105188112e-01
4.606284239110268741e-01
4.545017907470518814e-01
4.571787735115930840e-01
4.567227488533932567e-01
4.610981362522386107e-01
4.648696292520865248e-01
4.652992717151616109e-01
4.651186290281079661e-01
4.484389933668926354e-01
4.410817206227918286e-01
4.246849764641047464e-01
4.119179058568388507e-01
4.000331699012915632e-01
3.958969533714676858e-01
3.963244809450551243e-01
3.976522425201181044e-01
3.989417815655535993e-01
3.872177208307064911e-01
3.824617224610419308e-01
3.729362027270931024e-01
3.712453904688621797e-01
3.741274130740077641e-01
3.669035514307376067e-01
3.591260785358886265e-01
3.570370755245433902e-01
3.554869201093283082e-01
3.554341037813409376e-01
4.007216258964754196e+00
5.894607884195568470e-01
4.722725843416669678e-01
3.514732489386422354e-01
3.494633518055678678e-01
4.698936126023919302e-01
5.223347667467159727e-01
5.141698147593879442e-01
4.914090472683435573e-01
4.823549069881324369e-01
4.746231250060851115e-01
4.779563648658763930e-01
4.807828209445849654e-01
4.754909831776071849e-01
4.707604104393358635e-01
4.685085852394267336e-01
4.704570797093494683e-01
4.674710808802473028e-01
4.075203900098129939e-01
3.361768591271415696e-01
3.321655535753533783e-01
3.147144703086945383e-01
3.159650771036389694e-01
2.941184839730103806e-01
2.947576036473954497e-01
2.936978470854803569e-01
2.951284764685497830e-01
2.938676489871056008e-01
2.842980071703905542e-01
3.434110359773978605e-01
3.397848452952275666e-01
3.405240259525866287e-01
3.413127089589054752e-01
3.410184687240176427e-01
3.384805963445786658e-01
3.350354727825041734e-01
3.340923427384049904e-01
3.349529992119330002e-01
3.339126520922983121e-01
3.332934114011563143e-01
3.288266739365717228e-01
3.415145018503237262e-01
3.528673889799682772e-01
3.527704454774001075e-01
3.492965841876356503e-01
3.458887159197777672e-01
3.428193466472576056e-01
3.424127604870731978e-01
3.496145697405232955e-01
3.538114948930188852e-01
3.468248901366339787e-01
3.436318448411809778e-01
3.392392062029719879e-01
3.353120541150729772e-01
4.159093864318860190e-01
4.164802244312950652e-01
4.164396325136856536e-01
4.159061159310890599e-01
4.153943201663333751e-01
4.156809475918005203e-01
4.149404988188805099e-01
4.150483162519872371e-01
4.148820277022655656e-01
4.146609277227619184e-01
4.137802042708649264e-01
4.132172805306686403e-01
3.923967561633213696e-01
3.918271252067478394e-01
3.932559804324778918e-01
3.954315597411468541e-01
3.906311409029223913e-01
3.951473896884375447e-01
4.531634379088104736e-01
4.452870050883785957e-01
4.369620920897346883e-01
4.286336298803713474e-01
4.658264740415165583e-01
6.195250280145764288e-01
6.241712383210298309e-01
6.249578847733444631e-01
6.225632125444975351e-01
6.197116802601514429e-01
6.246482801614594571e-01
6.293710238787614264e-01
6.378689525588767673e-01
6.304923473572474624e-01
6.335940791078898959e-01
6.252957851403057044e-01
6.314238272190422219e-01
6.516478766836416581e-01
8.151830876647443436e-01
8.144165129490598121e-01
8.028982316456759749e-01
7.982388429252106343e-01
7.839818991410473226e-01
7.770814613403539406e-01
7.749004962700538623e-01
7.704312316875473465e-01
7.701570060616875768e-01
7.679237056205047152e-01
7.704898057711946358e-01
6.431752859963018043e-01
6.480534578503146514e-01
6.407185370426605742e-01
6.469353841976850372e-01
6.488951094023081012e-01
6.300216076467461956e-01
6.293708891815268380e-01
6.296796069714732935e-01
6.308395229071042110e-01
6.323647817135290561e-01
6.338507903801193777e-01
6.304365587643749880e-01
6.107342291928795630e-01
6.096096676881511689e-01
5.311480694026494698e-01
5.301693897639379038e-01
5.312152454732331774e-01
5.326189164630423800e-01
5.350324735917924013e-01
5.364399482413464426e-01
5.116136441224244935e-01
5.096775360980900782e-01
5.146318541870753549e-01
4.423162130037274764e-01
4.469948289353907755e-01
4.575087763107694161e-01
4.472483268084077035e-01
4.528554342418131817e-01
4.517298310767428049e-01
4.520356086006561691e-01
4.476488333338806136e-01
4.437153724789718590e-01
4.440352045699980099e-01
4.449908555325263748e-01
4.391855413600226354e-01
4.372830431234620008e-01
4.364833849265828958e-01
4.291513478943774773e-01
4.333579238892121266e-01
4.377237271965365717e-01
4.410708623885342128e-01
4.408267571340246938e-01
3.962427131826882776e-01
3.973090616094492322e-01
3.955922304807882872e-01
3.973581407917547992e-01
4.001725355560701858e-01
3.562943644985435143e-01
3.486268877208759109e-01
3.383298205242945556e-01
3.388839956280205734e-01
3.372309813281044732e-01
3.302989681181168757e-01
3.074159359459803786e-01
2.991099325480146010e-01
2.829329268567626343e-01
2.867057179044273374e-01
2.884657284068957162e-01
2.893422350924225173e-01
2.928478657670496865e-01
3.003657482205459028e-01
3.543276246434965415e-01
3.527433088076322720e-01
3.531192182489631959e-01
3.533595003554744207e-01
3.512111647859820218e-01
3.473654290127951572e-01
3.445720636173422724e-01
3.469361121832169603e-01
3.436779616719756736e-01
4.512259799213230727e-01
5.772842078215721928e-01
6.750808468872311341e-01
7.176754180193021249e-01
7.255369157598301477e-01
7.213489775136877613e-01
7.384526092546821463e-01
7.321997566511910804e-01
7.295835883433037239e-01
7.081691953671456208e-01
7.094581454199915260e-01
7.117038339023421534e-01
7.102819787715585198e-01
7.099004360565106531e-01
6.739342307309660329e-01
6.904200532303316207e-01
6.849534960313901077e-01
6.778972336573219071e-01
6.808607455233545158e-01
6.775674737894862298e-01
6.781164794508712790e-01
6.905592479979940634e-01
6.868860287175707624e-01
5.749107782352720353e-01
5.767093745436364660e-01
5.774144527624693879e-01
5.785710805656164579e-01
5.895806609766208739e-01
4.558949482653102403e-01
4.808354182935841714e-01
4.764134703017979811e-01
4.743625487540015229e-01
4.731717851157744570e-01
4.733227239536328401e-01
4.672748034638605219e-01
4.595353573706993933e-01
4.561380892906747864e-01
4.562418053937795093e-01
4.560842408033828344e-01
4.872257953676940589e-01
4.802830347788781262e-01
4.648437848959839913e-01
4.563391999465628568e-01
4.521256047289183844e-01
4.569034672111986217e-01
5.625028062467768430e-01
5.549346569268663876e-01
5.406534045406783395e-01
5.269732306578465142e-01
5.163320751986495427e-01
5.058467595569264841e-01
5.011658601231879784e-01
5.051158428462551031e-01
5.086413787509258544e-01
5.125845229468903863e-01
5.084634760289471478e-01
5.085418588776854376e-01
5.066216371420240172e-01
4.788635843690551286e-01
4.787862111713754310e-01
4.809432279232840335e-01
4.686245227874378250e-01
4.683384050325308801e-01
4.668306780690432700e-01
4.691622869180542277e-01
4.676525603969379219e-01
4.659632805533115429e-01
4.639731709772884072e-01
4.630954463545615685e-01
4.656809367697317681e-01
4.634605546128369169e-01
4.617166098755296488e-01
4.611493298559519172e-01
4.416292098587809578e-01
4.290396609316445842e-01
4.342848845640636668e-01
4.339202260793798560e-01
4.307376121016042725e-01
4.341328792864280750e-01
3.957432436750202842e-01
3.828182904586121538e-01
3.675823240388921276e-01
3.714996752416233061e-01
3.546279178936384557e-01
3.533959995002763366e-01
3.470766483828827687e-01
3.454876119048897465e-01
3.469142420583538611e-01
3.387679590753956971e-01
3.350447568632632933e-01
3.330555005023730919e-01
3.324955585355144905e-01
3.894284780919314293e-01
4.436328259615812120e-01
4.409956960415742366e-01
4.424764646444080407e-01
4.410002824081384887e-01
4.425565386268115464e-01
4.695612325129820963e-01
4.663030277390214362e-01
4.598764821588733342e-01
4.624837597891599539e-01
4.615143096025630665e-01
4.609985046277077503e-01
4.498407676992913773e-01
4.528502774355588900e-01
4.603586539479936346e-01
4.562984333966458306e-01
4.460215036247958675e-01
4.827072352325416094e-01
5.479155104976428659e-01
6.678754200468984825e-01
6.599957845455611816e-01
6.593788934708957328e-01
6.623543028137710564e-01
6.647027617078816730e-01
6.652738034422188695e-01
6.589142518051708253e-01
6.587285651725349744e-01
6.594669108036672611e-01
6.656901316150495296e-01
6.666267570190821390e-01
5.129103087261350780e-01
5.141522440431247620e-01
5.168276150646631262e-01
5.125950883955175952e-01
5.167466016168169585e-01
5.174305719734252351e-01
5.182605444638547221e-01
5.328185470565429682e-01
5.442341361888559659e-01
5.006914492002162431e-01
5.055450210758630769e-01
4.507597762544348630e-01
4.496167059086005890e-01
4.555339541923082436e-01
4.482423440890141997e-01
4.555443107773274325e-01
4.153935589128983641e-01
4.130268907089626462e-01
4.771330659864961854e-01
4.560712638591488677e-01
4.549812698430494851e-01
4.527327407527722558e-01
4.544013868118091937e-01
4.559443328442450705e-01
4.568861829305893019e-01
4.623746893693466697e-01
4.634644770935685276e-01
4.604993984632944071e-01
4.597864909478273088e-01
4.611055432484761907e-01
4.624118154516416168e-01
4.632230081630450136e-01
4.476823003897053566e-01
4.464086687849568857e-01
4.071538062913864775e-01
3.920278828624468859e-01
4.717556560477556005e-01
6.001491122335702588e-01
5.940831248964085765e-01
5.929275113282027609e-01
5.933862072413939037e-01
5.886628392710405722e-01
5.806379752429347008e-01
5.740407453207935218e-01
5.729293104369769241e-01
5.775153943870019457e-01
5.795879764037246140e-01
5.775565125099664243e-01
5.797598203584866106e-01
5.479479319061688614e-01
5.519538549778535419e-01
5.515318272636366981e-01
5.498757267520075764e-01
5.470495319845362081e-01
5.487619138890843518e-01
6.614051522365318458e-01
6.585921738438484940e-01
6.573772135728863653e-01
6.597772562747017400e-01
6.587069359011528125e-01
6.587817410018582676e-01
6.623854458142535151e-01
6.605222104606779387e-01
6.622653452135135455e-01
6.601653005239320748e-01
6.571338404871609473e-01
6.010383533450371907e-01
5.602340197706014990e-01
5.563973197769427337e-01
5.536246649856316759e-01
5.316836724507278955e-01
5.300763343938725836e-01
5.306155122033181515e-01
5.276495515873547149e-01
4.765949019186128122e-01
4.769901820395819891e-01
4.799273125582542709e-01
4.748805931695437299e-01
4.741650619836191849e-01
4.761424894119388740e-01
4.286142178797947011e-01
4.285059037291987227e-01
4.293593558292949641e-01
4.278964968359495469e-01
4.214954168567914827e-01
4.255211103046638854e-01
4.252108790919111869e-01
4.232948242718774789e-01
4.206095772661143650e-01
4.140232287780059028e-01
4.798042546167452516e-01
6.187109915060324816e-01
6.159412515786810705e-01
6.148620731002676365e-01
6.121688172598402922e-01
5.994726606103755184e-01
5.976848357908048914e-01
5.870260250400510804e-01
5.868639564522744045e-01
5.841695860959386088e-01
5.861360593236224492e-01
5.856595690423257450e-01
5.840162516713360841e-01
5.476927730197767019e-01
5.470816750253746363e-01
5.490684735175601627e-01
5.477016818282521848e-01
5.500433521025863692e-01
5.506543239504808618e-01
5.526076440548168822e-01
5.500621887920589259e-01
5.527748139265601379e-01
5.514276056104501222e-01
5.561602390688851205e-01
5.758291940631061756e-01
5.317528355576226495e-01
4.496131225544969801e-01
4.492201839082701209e-01
4.660509107161635578e-01
4.688570526957163143e-01
4.535895056165432648e-01
4.241908961745808337e-01
4.194463711886535773e-01
4.249658532813263556e-01
4.270442390120887111e-01
4.288519066509003941e-01
4.451922933365244361e-01
3.937215018165798885e-01
3.941898848887387397e-01
3.987569198474751886e-01
3.964985986994835065e-01
3.993954505702818625e-01
3.995404815941808185e-01
4.056969439796661581e-01
3.999944577530344381e-01
3.805148338222260618e-01
3.724797782601655949e-01
3.749916318165224527e-01
3.812422291565433219e-01
3.926515702897119819e-01
3.971113838733965062e-01
4.044132173147559906e-01
4.073485895359929554e-01
4.123298360072261137e-01
4.152572372987052285e-01
4.264229252142126558e-01
4.187029517589838656e-01
4.249055468811882008e-01
4.266930597796879110e-01
4.276876134377096683e-01
4.275303238300666164e-01
4.272893245071837653e-01
4.203918210056493132e-01
4.178332935227233591e-01
3.808749775206987098e-01
3.917492601379010120e-01
4.800929982943725749e-01
4.713506257740793792e-01
4.657312160714246474e-01
4.616113594152583266e-01
4.561253372397931494e-01
4.511340750099939179e-01
4.425950292988726775e-01
4.292509955743522010e-01
4.277097760529235404e-01
4.241268272351039204e-01
4.239629689366581911e-01
4.225770720332159280e-01
4.189530501305875898e-01
4.210684837377322576e-01
4.226324003535059104e-01
4.134744555519803133e-01
4.085768585796726859e-01
4.776616620877574548e-01
5.352871268106611513e-01
5.399734978527838125e-01
6.216515736537840953e-01
6.012940734081995142e-01
5.835166929863278007e-01
6.460520607993861519e-01
6.856384335592030643e-01
7.917045328706695528e-01
8.462513590427656052e-01
7.971196165862257654e-01
8.029911895138586164e-01
8.309242212037434294e-01
8.059660294127070079e-01
8.052891990761994467e-01
8.091264356345554409e-01
8.168288552754796594e-01
8.062808702200967570e-01
8.238246592533676749e-01
7.103704234625728420e-01
6.837898969388545023e-01
6.833605087748483298e-01
6.894003090535933964e-01
6.917416271958135576e-01
6.916538905286951922e-01
6.930763900293410718e-01
6.882075493944050937e-01
7.510192131292630080e-01
6.560973283647970611e-01
6.319474088984339266e-01
6.357370100504070587e-01
6.349922385016257831e-01
6.359856218968840125e-01
5.528287077200785271e-01
5.531388095324335508e-01
5.545480684104908686e-01
5.363851736029845441e-01
5.369383327339498635e-01
5.440786227444052159e-01
5.032392990689427137e-01
4.958739924157420376e-01
4.925610677797925829e-01
4.751225900636734667e-01
4.289494187629867561e-01
4.452029775313121052e-01
4.645229691147931828e-01
4.600073523931344499e-01
4.563772205871405863e-01
4.213338440064994805e-01
4.044225810382723885e-01
3.372747031566322162e-01
3.300194195008385178e-01
3.263836489994429990e-01
3.246541337981017072e-01
3.244667580608361357e-01
3.239795367977378326e-01
3.254383027092495051e-01
3.228838786549071971e-01
3.207721645329726368e-01
3.202249521382705688e-01
3.192607744386035118e-01
3.186192730459607714e-01
3.329869692925746527e-01
3.206811379737083967e-01
3.183424458463461337e-01
3.218351250383492124e-01
3.211077068785603839e-01
3.040049445654398053e-01
2.984093884551942688e-01
2.991812310857023260e-01
2.993309770404248282e-01
2.996466535320320146e-01
2.775210759323253340e-01
2.773403226566856783e-01
2.785981743379603581e-01
2.802803898169792807e-01
2.818588827386495077e-01
2.811924755107311769e-01
2.798610170187431079e-01
2.800781765346772589e-01
2.945096350529816664e-01
2.944694100918784363e-01
2.808701261572319474e-01
2.930596564481215971e-01
2.952883167292405520e-01
2.955089895855910198e-01
2.865893205859936232e-01
4.666400771413580784e-01
4.390951039721907034e-01
4.133065325684632252e-01
4.423026815709069637e-01
5.707759328408772426e-01
5.531290662956567239e-01
5.648165729041332295e-01
5.747303775763656919e-01
5.938785781365315541e-01
5.927168966045435194e-01
5.955208089439378849e-01
6.037662343227853112e-01
6.150460738490706181e-01
6.252117118642057658e-01
6.271883508697395637e-01
6.128038821553912774e-01
6.129350755712867915e-01
6.270050925049762691e-01
6.324587321447157073e-01
6.467743548605173753e-01
6.459497464949122136e-01
6.488127004104264905e-01
6.568903958186051995e-01
6.566847072198724877e-01
6.668256854005358836e-01
5.547816463627736061e-01
5.618978388288633496e-01
5.704982553427574432e-01
6.299577117792916070e-01
5.837864045961370651e-01
5.277899663969871646e-01
6.421284235789326278e-01
6.204309718717041511e-01
5.580473615602605797e-01
5.884404981924761247e-01
5.346286595942696396e-01
5.222512894442191689e-01
5.185714525356357463e-01
5.154976236472170736e-01
4.924494472516033894e-01
4.948973409705781923e-01
5.008282163319734970e-01
5.042442128343269658e-01
5.044177929782730496e-01
4.988153994205732911e-01
4.975851935456243602e-01
4.604879465648432646e-01
4.828470234942040529e-01
5.123422495636331675e-01
4.854755145074864942e-01
4.780908514805580767e-01
4.712872366463564666e-01
4.622445782720293050e-01
4.983856482069619620e-01
5.472750863169927316e-01
4.930244101811455115e-01
4.696662403507435024e-01
4.487346841365871253e-01
4.475965510774108091e-01
4.776814428378195476e-01
4.465854467649209569e-01
4.477494081808877091e-01
4.459851437947643937e-01
4.187411904528732798e-01
4.243918276617558716e-01
4.184287713278784238e-01
3.821812921125171680e-01
3.776849477955867007e-01
3.790053116236261621e-01
3.805783448015717108e-01
3.779642046496169971e-01
3.970207108861152356e-01
4.154450466783696228e-01
3.705413648038856089e-01
3.561559184385377774e-01
3.540157772976995076e-01
3.393975964182290306e-01
3.359740562021046872e-01
4.139664490425253307e-01
4.088523537419823106e-01
4.034584550377894319e-01
4.343438133979725113e-01
4.996829357097222757e-01
5.767933737462853649e-01
7.145538160491280433e-01
6.876426454932782484e-01
6.859551658771342320e-01
6.675011399129282541e-01
6.898796303535142949e-01
7.837902859969874125e-01
7.859227054849703409e-01
7.761199020515164859e-01
8.117212373843298856e-01
8.173649543161511932e-01
8.240503257085217692e-01
7.696553813462949645e-01
7.744470921959757392e-01
7.715505980678378783e-01
7.715741247639263944e-01
7.694052278077644358e-01
6.845983279535077237e-01
6.811574164615116223e-01
6.812964232260105835e-01
7.021078414281870517e-01
6.864168152106234766e-01
6.881846550566097509e-01
6.785173991805741878e-01
6.714585933228591763e-01
6.727983603683272973e-01
6.114444956910169982e-01
6.127092525805912793e-01
6.122419880542265824e-01
6.155795437192351782e-01
6.173516775288757641e-01
5.904502771453271626e-01
5.939389890266739691e-01
5.940254185648317087e-01
5.603623029338987704e-01
5.609246068488968895e-01
5.673008967432470184e-01
5.355196536579003297e-01
5.375753347870694254e-01
5.341326346052834850e-01
4.831347077195657924e-01
4.187370661111364800e-01
4.225404726646276865e-01
4.249292966435700980e-01
4.181300470308655370e-01
4.142160686192711272e-01
4.139903340606682081e-01
4.135032294859052326e-01
4.056314712861385230e-01
4.055203848419113855e-01
4.016650018654450149e-01
4.000804311176657801e-01
3.928029888607376119e-01
3.943104324583574516e-01
3.940416400124975294e-01
3.937698226297915993e-01
3.942722743987778777e-01
3.944515660735904983e-01
3.931005611898191754e-01
3.946354541558964035e-01
4.054093546168253681e-01
4.036554974255394113e-01
4.021764682167169314e-01
4.039254931208967059e-01
3.918678303082867020e-01
3.847843944043275455e-01
3.808999679816486572e-01
3.805172521292141119e-01
3.834284295027983736e-01
3.879158932156290263e-01
3.834872987321257254e-01
3.669749421496258934e-01
3.528308318439061231e-01
3.668138510328409208e-01
3.707372579921625610e-01
3.645856590749620985e-01
3.567737004392168565e-01
3.437064467750127750e-01
3.454502051116174477e-01
3.372834156181198084e-01
3.277127687432644376e-01
3.212564256524310657e-01
3.121162339730852997e-01
3.073786742234316249e-01
3.165619384560158789e-01
3.566865483162471318e-01
4.269448294570836189e-01
4.641884335368177683e-01
4.546692220824056774e-01
4.475579130813572837e-01
4.572930508566636076e-01
4.589613336120937359e-01
4.597851326571303909e-01
4.605671183566800164e-01
4.642019460318736468e-01
4.657206935471460141e-01
4.711283107481559762e-01
4.764520672352575703e-01
4.749204181807115677e-01
4.771269800176953235e-01
4.751649554210501392e-01
4.580563702327188347e-01
4.703959393029708003e-01
4.679152594541392540e-01
4.722150305855732366e-01
4.702679226739397977e-01
4.741404348423297055e-01
4.718804449867217143e-01
4.614788576198114445e-01
4.714045626209620310e-01
4.697123288821131171e-01
4.714118580968130190e-01
4.720412327137051833e-01
4.729284341006730896e-01
4.705296771008769530e-01
4.765704775231034973e-01
4.783126921209654991e-01
4.804933237006312474e-01
4.801111080775823936e-01
4.350398289887605907e-01
4.381218026890402184e-01
4.008825289638565104e-01
3.601928862369362383e-01
3.436227055464721181e-01
3.362997382305231153e-01
3.213247009457000369e-01
3.266430649485239091e-01
3.696024488808126174e-01
3.545236654033388501e-01
4.141922225100952426e-01
3.955930148238538946e-01
3.906078835791246262e-01
4.311405657989209050e-01
4.426151792040556865e-01
4.446488035577440545e-01
4.528598799613582360e-01
4.448261829628360475e-01
4.552130385359824394e-01
4.804825699607385703e-01
5.302739223429293602e-01
5.218367654949828127e-01
5.137768443285818387e-01
5.136756298645688279e-01
5.141445778443105574e-01
4.932960879041661251e-01
4.795991159973511664e-01
4.817809494863151687e-01
4.819166577634564907e-01
4.831979191755393366e-01
4.837031992309205886e-01
4.796542616791347191e-01
4.783652873354286017e-01
4.794679434042012911e-01
4.449894966489786885e-01
4.441987778974068046e-01
4.431536970700193367e-01
4.440719115257223959e-01
4.418595250795712692e-01
4.315453994008147109e-01
4.310237405410893841e-01
4.308780888308290646e-01
4.322178375558304864e-01
4.701421588434259724e-01
4.039833177812080511e-01
5.104136197100036521e-01
5.059463376904702603e-01
5.339256760731897478e-01
5.303280077772480894e-01
6.059013874801260080e-01
6.053819608229049631e-01
6.058777309734995065e-01
5.977595302686242729e-01
5.947643564348106260e-01
5.892423423423824858e-01
5.947499496930133134e-01
5.918740400655633227e-01
5.935240300508630718e-01
5.922066968779079454e-01
5.910923759212513007e-01
5.500041933219824708e-01
5.468789672097056354e-01
5.520324205029636389e-01
5.512593488953595466e-01
5.516251130755973620e-01
5.538257018359067363e-01
5.540601461153905616e-01
5.827412946220684731e-01
5.792987757688260464e-01
5.604030475716025306e-01
5.970156840947308252e-01
5.818042170663986212e-01
5.864735390554124406e-01
5.471903394488186745e-01
5.594483581433014052e-01
5.754457284078755563e-01
6.038025234505034478e-01
5.814896128679408749e-01
5.586743983332143060e-01
5.521537610565305787e-01
5.294393402447663544e-01
5.342225467975469932e-01
5.028196032229161894e-01
5.033961918564076043e-01
5.057108248552086849e-01
4.829120254891278163e-01
4.639005355714166945e-01
4.608459450617887754e-01
4.177897207062477025e-01
4.108954776713776291e-01
4.037305054810453320e-01
4.100984375568862972e-01
4.015789292220628415e-01
4.320860260218982729e-01
4.249751419595443336e-01
4.476108587367071956e-01
4.428822551782433670e-01
4.778508031159113267e-01
4.846812557130831256e-01
4.830136190598037782e-01
4.845418020056266317e-01
4.803532547322397761e-01
4.849086667369568726e-01
4.826148458584463286e-01
4.845530331951570235e-01
4.853683954084955787e-01
4.885830251966938320e-01
4.908222885087665799e-01
4.929855675474143495e-01
4.938977828243605317e-01
4.894705992834890718e-01
4.566660407019756951e-01
4.560606671662735812e-01
4.584005886676912889e-01
4.601688184724957997e-01
4.593412419298647520e-01
4.639328783482861152e-01
4.703418005559873993e-01
4.346774016541546937e-01
4.365326001968998781e-01
4.384000344308871533e-01
4.396062469031498665e-01
4.401270394996387170e-01
4.291384876249975111e-01
4.299680175017188688e-01
4.354794065241615053e-01
4.232312269950088690e-01
4.230526604979418792e-01
4.089769180510319235e-01
4.017375439643843249e-01
4.461638371062054964e-01
4.421204582101677660e-01
4.861884763394863640e-01
4.907305518917279841e-01
4.864632362420829859e-01
4.828193145006621778e-01
4.788342092047187526e-01
4.778181229181579504e-01
4.751829205059399097e-01
5.133640703311237452e-01
5.512485520125062211e-01
5.412699546887312918e-01
5.299245952446720587e-01
5.182335776866212607e-01
5.368675276957546316e-01
4.963614262714691194e-01
4.980254230610747790e-01
5.004238663297024825e-01
5.034999971649847250e-01
5.029993599504906099e-01
5.069224664485769694e-01
5.084514397814359210e-01
5.084302819899426673e-01
4.876316306861770422e-01
4.768501543120516328e-01
4.794291720262803258e-01
4.813992856409707866e-01
4.790197144286945097e-01
4.824132463538520210e-01
4.817864309416092228e-01
4.875916312411565645e-01
4.877026462067921564e-01
4.380004798790705922e-01
4.270997736540100842e-01
4.248532817371418191e-01
4.338855982111052834e-01
4.286320440896560502e-01
4.194880227737263212e-01
4.177792981322505650e-01
4.111896371965421682e-01
4.075666124187408146e-01
3.968642088069067597e-01
3.944553780108164265e-01
3.853612762881375442e-01
3.538025946349862005e-01
4.677032670289363869e-01
4.399558885040402156e-01
4.352393152429839263e-01
4.290403408823427744e-01
4.229852348056299394e-01
4.185523619916624583e-01
4.866584131541156211e-01
4.919766700094492240e-01
4.916748950484306491e-01
4.950460424113555247e-01
4.944345557017132409e-01
5.039833569006844094e-01
4.950375336797518955e-01
4.960267303078468859e-01
5.106124617663871934e-01
4.967779117491153418e-01
5.015964739507990933e-01
5.024409299433522103e-01
4.806902732400264444e-01
4.485429246456000829e-01
4.439534509884973668e-01
4.441693731905055342e-01
4.442080072005636371e-01
4.601607652900435719e-01
4.408948817895309569e-01
4.413337479605173863e-01
4.428531127759440800e-01
4.415024863712060932e-01
4.451531467771210338e-01
4.454407146303541731e-01
4.518275631307233087e-01
3.970799256147906076e-01
3.892769174535474774e-01
3.900231737198565085e-01
4.072002574288302035e-01
3.999119590889652631e-01
4.155613291100728746e-01
3.982723125037356815e-01
4.008931191766029745e-01
4.039902292371352344e-01
3.722696863968092407e-01
3.656801024975241954e-01
