8.801400378753675424e-01
8.801711105670617652e-01
8.596676679082467798e-01
8.635197765026386696e-01
8.676668616133283995e-01
9.038587976463876572e-01
8.774241621004633673e-01
8.819921394281948768e-01
8.548128785549997666e-01
8.307080147329363173e-01
7.572872131238191917e-01
8.358972645826810988e-01
8.292017223821266381e-01
7.016592502945726562e-01
8.173377897171765216e-01
8.310298354027179091e-01
7.728667510106418392e-01
7.903711260564200147e-01
7.753575700297833384e-01
7.697793553114457010e-01
8.153103525285536612e-01
8.220370685520618226e-01
7.854168402277842409e-01
8.151217015309772940e-01
7.965220314890734121e-01
8.652092745573980448e-01
8.492553809591812941e-01
8.554475631881048869e-01
8.454076408022268563e-01
8.714351122222174784e-01
8.433135331797270151e-01
8.499119981750640207e-01
8.402864827839511275e-01
8.270743923749276361e-01
8.440409168220002201e-01
8.511816345918756799e-01
8.740278216252652665e-01
8.661060653210422844e-01
8.776130523154266339e-01
8.038720969281401008e-01
8.080717942235391416e-01
7.965323168689567579e-01
8.995624829457780081e-01
8.068425898212672198e-01
8.225729494971729672e-01
8.376604006413509440e-01
8.195484661135093996e-01
8.173050042290835870e-01
7.971140856788593299e-01
7.931201991282093022e-01
7.064190676772310606e-01
7.054241768075201202e-01
7.144532921829461758e-01
7.058369115960410056e-01
7.064900295876549441e-01
7.026190603301462057e-01
7.777331542085698102e-01
7.157015616998667618e-01
6.968962878284375995e-01
7.298152672186516421e-01
6.968245009237291621e-01
6.731531125482003164e-01
6.758990085115963442e-01
6.755327720594132002e-01
6.828015438488581612e-01
6.851022842300475979e-01
6.475113221140502695e-01
6.836855891595610135e-01
6.899727998158822206e-01
6.849925777228746959e-01
7.010019017689487209e-01
6.996912262442601671e-01
6.943821076311575968e-01
7.109205519788219796e-01
7.070892193684781279e-01
6.916480810680371016e-01
7.048082120654588500e-01
6.998262935127568252e-01
7.953721747071152981e-01
7.115970223268580641e-01
6.928292268760061212e-01
7.228713547594188826e-01
7.079531139736052747e-01
7.223273090056673285e-01
7.144666336007273744e-01
7.102116218494793909e-01
7.104168443227776297e-01
7.173874593891270690e-01
7.272477806339814332e-01
7.002171063768911630e-01
7.078914378220879655e-01
7.032451713052597642e-01
6.869525096091724237e-01
6.986278771699316881e-01
6.922475948360859999e-01
6.915782983881283430e-01
7.238150483191396756e-01
6.885567030459818216e-01
7.049071893030138813e-01
6.696554058268647802e-01
6.682515597852712874e-01
6.810034668410844816e-01
5.781272464654054755e-01
5.682013020336218467e-01
6.079313805915501634e-01
6.014047011974630319e-01
6.065647036422929794e-01
5.948784413390867387e-01
8.058018402008144676e-01
7.965157227017081176e-01
8.020677205720369018e-01
8.223680519111405962e-01
7.950566116432558061e-01
8.496171128347906887e-01
8.910171391680404840e-01
8.067225642364740379e-01
8.072964523362913258e-01
8.153831018185782042e-01
8.268440527548190921e-01
8.139002980174342428e-01
8.058873575113197907e-01
7.990729578954787193e-01
7.927040075197698821e-01
7.950797936953845069e-01
8.188607723751553102e-01
8.221613943847368988e-01
8.044597574162727360e-01
8.070464252907376679e-01
7.846392506122562560e-01
7.880325649500001806e-01
8.324866870000235952e-01
7.595167436506649050e-01
7.518314879052963029e-01
7.599388870919039363e-01
7.598122343651627641e-01
7.956014525599690579e-01
7.521429212711544521e-01
7.226656905253436847e-01
7.386666107660375680e-01
7.434724576485606251e-01
7.418236520374995591e-01
7.535869039763235522e-01
7.548926832619774485e-01
7.564111947007640113e-01
7.442807739478936035e-01
7.378576016874335286e-01
7.393715607253464883e-01
7.529974654169380166e-01
7.387535077343531098e-01
8.164920138331903665e-01
8.113031415051897843e-01
8.211846139971146208e-01
7.938995074215281500e-01
8.079079309726276970e-01
7.976017400572709137e-01
8.009634738190166692e-01
7.891145343037908599e-01
8.015023429035902369e-01
7.866488211530537900e-01
7.892253223427988518e-01
8.016503271615904591e-01
8.000817931196948507e-01
7.512529584206455446e-01
7.550759135065613359e-01
7.648929448913427409e-01
8.125873570255621736e-01
7.729838704492157930e-01
7.853760081996893350e-01
7.610359295081554620e-01
8.549121010059226311e-01
8.498859675412092640e-01
8.722295825603852970e-01
8.800128902800902209e-01
8.578410009557901894e-01
8.589815641420873726e-01
8.477757909779263246e-01
8.758177930654050813e-01
8.842856587714589267e-01
8.659444639426141510e-01
8.731287200010600102e-01
8.234147952575520124e-01
7.949054115861511338e-01
8.067720034351003600e-01
7.601045510157004026e-01
7.654311932182940037e-01
7.945090955802456278e-01
7.646375476252145198e-01
7.545384771885154107e-01
7.538331410222625095e-01
7.376027177385749978e-01
7.446082734634626998e-01
7.269917130892685764e-01
7.247944613643630962e-01
7.388628803870578299e-01
7.619109478959820159e-01
7.504706547459774058e-01
7.518233082407828061e-01
7.371798907879566487e-01
7.468804533073795104e-01
7.476476886635805563e-01
7.109221803725589428e-01
7.106365254516521235e-01
7.056508426672565282e-01
6.842352189459486311e-01
5.920657172955974268e-01
7.166983482340610889e-01
6.763974794190129591e-01
6.724328470343532427e-01
6.713413666759481258e-01
6.650668231807932429e-01
6.598568015593367919e-01
6.595241415210713054e-01
6.587344643331143335e-01
6.784184441572411739e-01
6.450665560682868893e-01
6.460790761341160815e-01
6.559571029534737585e-01
6.492158178638117727e-01
6.443978642344683205e-01
6.871557886450805341e-01
6.489371774943893945e-01
6.945921956748603021e-01
6.939669975547207992e-01
6.907135972749670616e-01
6.769275158971878037e-01
7.688443051974592768e-01
7.104107179426863983e-01
7.066520812742642654e-01
7.168481596712161785e-01
7.061253175196646747e-01
7.153234883073601447e-01
7.291422543544529011e-01
7.321398284858187111e-01
7.087200808975229194e-01
6.422101101458650430e-01
7.044454746260094824e-01
6.510486546223976934e-01
6.565727416317485021e-01
6.508636330116408519e-01
6.823816184326847445e-01
6.615906167050024100e-01
6.585942553383975495e-01
6.491443913622263473e-01
6.442156159228669132e-01
6.536322186189544858e-01
7.068451302685815341e-01
6.432527966912352513e-01
6.498984060255127426e-01
6.476764108302212053e-01
6.433784694321483810e-01
6.480176860837817410e-01
6.621580079905685645e-01
6.503800753367926513e-01
6.458025622086019935e-01
6.428782969075237386e-01
6.322480698348389438e-01
6.282932816724270397e-01
6.379168835982554908e-01
6.076614616385352940e-01
5.782110554358848020e-01
6.002723172216894998e-01
6.036200612919457864e-01
5.797442390568013915e-01
5.739248168036505948e-01
5.637003405034173298e-01
5.471002681282174374e-01
5.831491163715976089e-01
5.788977660120567803e-01
5.899587370791767871e-01
5.740723618906302672e-01
6.108468194310729960e-01
6.184561468900721115e-01
6.158465580653151861e-01
6.381003764809144441e-01
6.080715926460338316e-01
6.275004088353748344e-01
6.190068564032312759e-01
6.118494230060600447e-01
6.188290971323240353e-01
6.494982190625184781e-01
6.191909595238849207e-01
6.200841108276728963e-01
6.268519971660255763e-01
1.115081600594479028e+00
6.089730397468634537e-01
6.083996161783343792e-01
5.931526877807532516e-01
7.848125114185386941e-01
5.818109704025717921e-01
5.968932725763588243e-01
6.003376069661935377e-01
5.883046371916641482e-01
5.152592729499961832e-01
5.242015027100388469e-01
5.203659056389572379e-01
5.158643209425337606e-01
5.159261034177928806e-01
6.858278051201311953e-01
6.757166893286178366e-01
6.764281290179711137e-01
9.134980066753192185e-01
8.987167015285143501e-01
9.175011160734524163e-01
9.026365852091607911e-01
9.201748551702494394e-01
9.018497348841955086e-01
9.038598379391404869e-01
9.120693557714172339e-01
9.165584983916660322e-01
9.104226827425887514e-01
9.040155507174235661e-01
8.350451232336567609e-01
8.399350234812856808e-01
8.736586928261923513e-01
8.443631146439963819e-01
8.646141313360018454e-01
8.794161762092831403e-01
8.500773647173740510e-01
8.429199236356749170e-01
8.488581542133560864e-01
8.807842932920053602e-01
8.643923212720561189e-01
8.443567671406891906e-01
8.519837333654535216e-01
6.892611317598827947e-01
6.790286997330333696e-01
6.875780874247906516e-01
6.793407172586686249e-01
6.155582012897509170e-01
6.259093365244594587e-01
6.178527987959114842e-01
6.196968331285787057e-01
6.681531902997331906e-01
6.134533693202978144e-01
6.181486545848223768e-01
6.296467551616230507e-01
6.348103825146695911e-01
6.186291548967413068e-01
6.238225995542773239e-01
6.238487152963670956e-01
6.243239868236906132e-01
7.952614089649887585e-01
7.843964934588454341e-01
7.901022430584618839e-01
7.949362395450846330e-01
7.798110636972938048e-01
7.845586437300862137e-01
7.811986025661445954e-01
7.821662200211825233e-01
7.767094679547830172e-01
7.868082225801033003e-01
7.871856625578690370e-01
7.924350692531776374e-01
7.782446272789655950e-01
6.106717260970766503e-01
6.109445778376499936e-01
8.330640045052082332e-01
8.791095204620729131e-01
9.443455291511748673e-01
8.652006396040915481e-01
8.646851440600917815e-01
8.656240438462659004e-01
8.682916798553292903e-01
8.683894240766666384e-01
8.461846269845654245e-01
8.596636901065933811e-01
9.230985404813902839e-01
8.320865814655968862e-01
8.564519794001200781e-01
8.147780580479009327e-01
8.190050281704290835e-01
8.018873796112871988e-01
6.438105013811514787e-01
6.138040625321152799e-01
6.133808233238926544e-01
6.128707627645526568e-01
6.131672812636155268e-01
5.987819686628502724e-01
6.216696083269639406e-01
7.978751887306871904e-01
7.826821265585213183e-01
7.763541259157271668e-01
7.667523414425637673e-01
7.902042698711974067e-01
8.135060706856738211e-01
7.598613648842951207e-01
7.767608520806930095e-01
7.846228724547371636e-01
2.542375794678059187e+00
8.253941652954024377e-01
8.131214518751879172e-01
8.078228657342423347e-01
8.163197342294722381e-01
7.151527077126134113e-01
7.061245480241354899e-01
6.952312125301262080e-01
5.148359558047130413e+00
7.215768640032720338e-01
7.251867645514474825e-01
7.288144084474665885e-01
7.238141362669268108e-01
7.191973436640237693e-01
7.237151998620909854e-01
7.277043130369160728e-01
7.106701774519057491e-01
7.163076877965838252e-01
5.851419624689887522e-01
7.512241400751901166e-01
7.795055619080797360e-01
7.578140420739818417e-01
7.622500040540532984e-01
7.474840232434638576e-01
7.978752477022882372e-01
7.735533369195197739e-01
1.249824422472936902e+00
7.532334111782228447e-01
7.507886211668738374e-01
7.641865946303910695e-01
7.827557205632180715e-01
7.694034292110014661e-01
7.385055915958418371e-01
7.248097707205541917e-01
7.151911405663234911e-01
7.188894830445178297e-01
7.294060479069632841e-01
6.985378280480327717e-01
7.213179385581145464e-01
7.072246125256901328e-01
7.079118890551265864e-01
7.204226997481346650e-01
7.721030483991312421e-01
7.134529937009681522e-01
7.186774971092432240e-01
7.220315954122669133e-01
7.126683147354369030e-01
7.186018113051573231e-01
7.682769540399775332e-01
7.227101906699412437e-01
6.728297767467128487e-01
6.827508858492895572e-01
6.617393339044376210e-01
6.671471389483204506e-01
6.614056693167037482e-01
6.610637229384450642e-01
6.628097353848864115e-01
6.613269746165798546e-01
6.861448696154714977e-01
6.980977005283498515e-01
6.990524905539102773e-01
6.868207984187625348e-01
6.774900691347863768e-01
6.889826068857040076e-01
6.871898281935348018e-01
6.953318368194456589e-01
6.887929368232158511e-01
6.801077956556405013e-01
6.786408326917978684e-01
6.768641159925242734e-01
7.494777175613295261e-01
7.107852868662504209e-01
6.447935252639367398e-01
6.537155521917394907e-01
6.370556566617064931e-01
6.498535578829044423e-01
6.416654342759637863e-01
6.320924478553521242e-01
6.331551261258796526e-01
7.293689603667584676e-01
7.333335431577984176e-01
7.202770884460507617e-01
7.603495747396860072e-01
7.131039668526732989e-01
7.319790357625916011e-01
7.065914296906867786e-01
6.995660629466449176e-01
7.053400538066747494e-01
7.078177062691044519e-01
7.034429655864331554e-01
7.046114253667642435e-01
7.117583708253586439e-01
7.094482087056532826e-01
6.518481897004461123e-01
6.358709509987161557e-01
6.173001660888021158e-01
6.973987313642538988e-01
7.131568893656345942e-01
6.923955101905646670e-01
7.184554715628308497e-01
7.508879728147797028e-01
6.930278190390888327e-01
6.931150897492706076e-01
6.933609425341741295e-01
6.907058671305547071e-01
7.106809455471695403e-01
6.934725547415125924e-01
7.115490299235375238e-01
8.158502667551245091e-01
8.048348850438924451e-01
8.065731469400846398e-01
8.110594315434405122e-01
8.252326585075511201e-01
8.260908252447636269e-01
8.170310950208262701e-01
8.070511078106455960e-01
8.166381366223979255e-01
8.036759728943786429e-01
8.084135311874702801e-01
8.645167842943506376e-01
8.589189236803542737e-01
8.261139822253111831e-01
8.126090588070439269e-01
8.004676787551342487e-01
7.916234037773258736e-01
8.179227356853200348e-01
8.098697896878878089e-01
8.108150984366686576e-01
8.029492377320317509e-01
8.040670636455465869e-01
7.992514988646980401e-01
7.547918814191820758e-01
7.081702770114119971e-01
6.937247131597286121e-01
6.987007473350492770e-01
6.979972087304190387e-01
7.222396045776416917e-01
8.512572637641374618e-01
8.910105713242199021e-01
8.590560950922038197e-01
8.605464218010469013e-01
8.455713226196228671e-01
8.483229616120183669e-01
8.645094764188591130e-01
8.515640656782930140e-01
8.406762686674734697e-01
8.597878111194932060e-01
8.965573354941391848e-01
8.109187769020336223e-01
7.986023695004546008e-01
8.084340410852823844e-01
7.984018024191652518e-01
7.059699633636475902e-01
6.943699839790641315e-01
1.013583841173926192e+00
7.414047349466992287e-01
7.328230144456673312e-01
7.435121876151922216e-01
8.789262471200101068e-01
7.437021304642135178e-01
7.438786016574869819e-01
7.447842495981729094e-01
7.476518853289091382e-01
7.552551116772037165e-01
7.486474592196020739e-01
7.421761455041624433e-01
7.418228274016154256e-01
7.461465335878521010e-01
7.470144986897926387e-01
7.424390205221432781e-01
7.070416844473590423e-01
7.516663479813180393e-01
7.198223188414789586e-01
6.854885526254552719e-01
7.117236378753108994e-01
7.030879880378919644e-01
6.811110714443472380e-01
6.955294896066201993e-01
6.799623757328214779e-01
6.739974966064743445e-01
7.973276120711180193e-01
7.950632102511691057e-01
7.885384874352692197e-01
8.204404230713396862e-01
8.097470450036643452e-01
8.021129469991874483e-01
8.018960429315882266e-01
8.144843258600642510e-01
8.120315361852064040e-01
8.100523484239139371e-01
8.172390778813851675e-01
9.527099935284276677e-01
7.966589125430245666e-01
7.958108794314713297e-01
7.821688093711499645e-01
7.909158309867910797e-01
8.096201763761565751e-01
7.911715908115394269e-01
7.976362985279775719e-01
7.880397880450548120e-01
7.861459649111688375e-01
7.857747035178467288e-01
8.084287393790031695e-01
7.599442096016864046e-01
7.685512329104656759e-01
7.729280295107349152e-01
8.783142644487976769e-01
8.798840304212464103e-01
8.861034639083217312e-01
8.873249045288222892e-01
8.753034210241632529e-01
8.702208070776050741e-01
8.835359695025191140e-01
9.006568555485827687e-01
8.774987520064320146e-01
8.883578707423978038e-01
9.414473305263010294e-01
9.148302945303117273e-01
8.071753629236202432e-01
7.925964766835843500e-01
7.968578100701692035e-01
7.888124485378711359e-01
8.402101570432265465e-01
8.277585386102438436e-01
8.258466375288575634e-01
8.342019586664826125e-01
8.387407567348380555e-01
8.305492884033647272e-01
8.378811510885165736e-01
8.368496556307365442e-01
8.428876399325668789e-01
8.681489433719660198e-01
8.410859234673536688e-01
8.498872074631833584e-01
8.658014619776756016e-01
8.329821467461893114e-01
8.363296559894287663e-01
7.922818813254942638e-01
7.678130242136977923e-01
7.591105439539884703e-01
7.423145482652130367e-01
9.835280878588414932e-01
1.008289383672443140e+00
1.001238699004279642e+00
9.775877258292432481e-01
9.791206307273933040e-01
9.909684657576441902e-01
9.793737120543163366e-01
1.280828122357310139e+00
9.943268226860845216e-01
9.729755056448319284e-01
1.006338283663027022e+00
8.441492757810876713e-01
8.374505794664848235e-01
8.471781175306901668e-01
9.387402020745505560e-01
9.065909673426693072e-01
9.038682597415907960e-01
8.936188124335979754e-01
9.054155420692686640e-01
8.862588092803089790e-01
9.477589103748920163e-01
8.936667399120065136e-01
8.985337466150773444e-01
8.991699748739878650e-01
9.255179393119576936e-01
9.059042005325353974e-01
9.375576815299815348e-01
9.174204696536476522e-01
8.749627841203084788e-01
9.399872995880507176e-01
8.284744213405349500e-01
7.696050128872808926e-01
7.708082041343672364e-01
7.613979313948371352e-01
7.587241207433483847e-01
7.254455034040497852e-01
7.378389346196698728e-01
7.335371154200613919e-01
7.286120488677805263e-01
7.337385853644522449e-01
7.274990528754884389e-01
7.536366973662282920e-01
7.124786858632397024e-01
7.442303953800211147e-01
6.944781218466309358e-01
7.000768908438140814e-01
6.893891834550910369e-01
7.307116095678276579e-01
6.895117220577825501e-01
6.813443173057032176e-01
6.977697381339980076e-01
6.837487042825797223e-01
7.205242853464730590e-01
7.052690197209887657e-01
7.069239226803338827e-01
7.091820169323040934e-01
7.017762941734909665e-01
7.113236734285750540e-01
7.057994452674755115e-01
7.319079225955755774e-01
7.264535352647938371e-01
7.135940957095336934e-01
7.140007642803660737e-01
7.149675423669716867e-01
7.155196693591260315e-01
7.357284617089483447e-01
6.992574810090605997e-01
6.998725126205963543e-01
6.450400861090205273e-01
6.514903743846091055e-01
6.278472786182229815e-01
6.502030881513159999e-01
6.397167144398046013e-01
6.485389300790510569e-01
6.533808728308694302e-01
6.541341835729161946e-01
6.523821610124376225e-01
6.402514879575686990e-01
6.486523421460033134e-01
6.390954950359839515e-01
6.395330144925408522e-01
6.421968703102187703e-01
6.553033341769542997e-01
6.421306778829181106e-01
6.978387257586435855e-01
7.064648062155667319e-01
6.473072792715138801e-01
6.454174163493693328e-01
8.374346340475631312e-01
8.108055891241611191e-01
8.131098991462106795e-01
7.989336041620704876e-01
8.066219318914096270e-01
8.096964164118105600e-01
8.101509417972996285e-01
8.109007616828912690e-01
8.180172273036325770e-01
7.996499517749975361e-01
8.278491257301330286e-01
7.778766746903474916e-01
7.791515830191800829e-01
7.691613869084564792e-01
7.727594743325463256e-01
7.726002809938388172e-01
5.258763212359465797e+03
9.238655542255597153e-01
9.290458639407894736e-01
9.294782143415400988e-01
7.632415823090377138e-01
7.654747111023924022e-01
7.774782252621100787e-01
7.805534891677841092e-01
7.649109516720609125e-01
7.639258005386975192e-01
6.655319491323566927e-01
6.746560388431297461e-01
6.612610068354123349e-01
6.197911853792925641e-01
6.093405711323498508e-01
7.136028046462671304e-01
7.617210783327945656e-01
7.123179663558454333e-01
7.132659396611389369e-01
7.105996893857178254e-01
7.201662855918858908e-01
7.098972429316779964e-01
7.189558264067330562e-01
9.263014101234436914e-01
9.289881090574781952e-01
9.494643270652574074e-01
1.121824971995813103e+00
1.131147843246219642e+00
1.130008234785007559e+00
1.123279908196434862e+00
1.230988133109592431e+00
1.157067793426279856e+00
1.123362172631968470e+00
1.149433095748319422e+00
1.118280716556858678e+00
1.182277288986938402e+00
1.163430881208048495e+00
9.685272426583366734e-01
9.543694776850937256e-01
9.284008565256024470e-01
8.974589123616456554e-01
9.242741545830782668e-01
9.195676617653535390e-01
9.465595885899018569e-01
8.909770264601261092e-01
8.854984459224738425e-01
7.017785111072405435e-01
7.059523395456536177e-01
7.077225863964421437e-01
6.953070511699039891e-01
7.199358926129877378e-01
7.551028009059749246e-01
7.536099705365254531e-01
7.567798918013926013e-01
7.340039430971087020e-01
7.780698796584951671e-01
7.780268792008511181e-01
8.539639159042997640e-01
7.756790372028680158e-01
8.620718229029601387e-01
7.716841041359707720e-01
7.747280134325325029e-01
7.806717720775717684e-01
7.699438422189479603e-01
7.649302278422349666e-01
7.805250783664786640e-01
1.921196845410294785e+00
7.776435668014668456e-01
7.702411963815752882e-01
7.550705814245233238e-01
7.696861196068144340e-01
7.593139986863780555e-01
7.479592582675294032e-01
7.339825463222416913e-01
7.486034749818352152e-01
7.015150174297691832e-01
6.972701153080652636e-01
9.031261870784219603e-01
9.168872532123113483e-01
9.005520610461902331e-01
9.107599254311219417e-01
9.100441305124403746e-01
9.020991607271333645e-01
9.267112244433597379e-01
9.368984507902335945e-01
9.119752114032662060e-01
9.225525126282740906e-01
9.132807526791929531e-01
9.100842644020339378e-01
7.839491514012005835e-01
7.698402889219073675e-01
7.389869731346722093e-01
9.102964896870178180e-01
9.089214817570313576e-01
9.175939303450044715e-01
9.102517018047114883e-01
9.422411540139808972e-01
9.397083833490561533e-01
9.092612742456515074e-01
9.212250817895366595e-01
8.951291375637788761e-01
9.213338314586945188e-01
9.011033364814625690e-01
8.695638061708270694e-01
8.782826070709566224e-01
8.787441092550059007e-01
8.785524928140373557e-01
8.746801026876789287e-01
8.256194001302672447e-01
8.370077922084986355e-01
8.344729129434451664e-01
8.266640331195613811e-01
8.147491764776899625e-01
8.207473380115724026e-01
8.207983885014664693e-01
8.195440043804876895e-01
8.320518083010433052e-01
8.211080441150444553e-01
8.164085356433880003e-01
8.187758345067930321e-01
8.083564700555281313e-01
6.427747126388672072e-01
6.312023406169113837e-01
5.676541741855772871e-01
5.455496263009889102e-01
5.415920346116618322e-01
5.794216031150912771e-01
5.822587387947193438e-01
5.706820374004064611e-01
5.811525400017983900e-01
5.768099043365446654e-01
5.843496438673552174e-01
5.810072790595257608e-01
5.942153019790550328e-01
1.079914040968590561e+00
9.801378856955473839e-01
9.863399440497312431e-01
9.822660511586491783e-01
9.674973598360536720e-01
9.624930539769920301e-01
9.831059983183472184e-01
9.850410108790519370e-01
9.509290460742577666e-01
9.567771720258376744e-01
9.975989602148833679e-01
9.223161604836458416e-01
8.563932513756666864e-01
6.995467474144558828e-01
6.687230075382563088e-01
7.385291748264561917e-01
7.448123550956038397e-01
7.328456031170581531e-01
7.367038650007264877e-01
7.518648645231141847e-01
7.360591013198946042e-01
7.372947797196786057e-01
7.403456430425540136e-01
8.935123069562749265e-01
7.324682209890193141e-01
7.396738022733994056e-01
7.316642270964275330e-01
7.305632651792165477e-01
7.723508825171202519e-01
7.539457600224688250e-01
7.544563449359448226e-01
7.533667233210392666e-01
2.007429004979826015e+00
7.677500467658311400e-01
7.960807053957337232e-01
7.917468097975151053e-01
8.140121829571156375e-01
8.191087127539831148e-01
8.399477686397056608e-01
8.120116717817184027e-01
8.227993835790056165e-01
8.082265998260761419e-01
8.118558736871859249e-01
8.109182621200505814e-01
8.213514871737391809e-01
8.195875727745487449e-01
8.283456349002721320e-01
8.214465616777194557e-01
8.107451649428063511e-01
8.105345834308524955e-01
7.959929926586997162e-01
7.887844310460147002e-01
8.517789213071955690e-01
8.590377238358166689e-01
8.452490544315579557e-01
8.733519007347990692e-01
8.651724476430459054e-01
8.741973597444067101e-01
8.760052450982613870e-01
8.934467433290564919e-01
8.913788458547208249e-01
8.884749612384589268e-01
8.773437919699832443e-01
8.877319624528602349e-01
8.340131504103678317e-01
8.368755179415138246e-01
8.305488568458034848e-01
8.192353924456337033e-01
8.139484184786862642e-01
8.272631342719929393e-01
8.273076336065707803e-01
8.206089632395479061e-01
8.288235080707970770e-01
8.254030042880212692e-01
8.559586680433419748e-01
8.317310218714241143e-01
7.933784217951539430e-01
8.002189008147724270e-01
7.938108184532473022e-01
7.524678570559166779e-01
7.882008673307629998e-01
7.617240324084291192e-01
6.792952175318438535e-01
6.503437021102339566e-01
6.127878056009117280e-01
6.575709065759511862e-01
6.054017065651695617e-01
6.039722701270672234e-01
6.395660687284756563e-01
6.451289189969823257e-01
6.470700708975283266e-01
6.562266044241114038e-01
6.663113213848956828e-01
6.823086491143655063e-01
7.744050290189941066e-01
7.765005706348419023e-01
7.963102102197997523e-01
7.713644762741079797e-01
9.378044150394255762e-01
9.393696624685941021e-01
9.286669693148771332e-01
9.312616065971351942e-01
9.390198889782378489e-01
1.005339304958245084e+00
9.628148937167491095e-01
9.306212954094458256e-01
9.259425794940969734e-01
9.291296900581834661e-01
9.169368479478355871e-01
9.137603969186607333e-01
8.091945765583443695e-01
7.727095859028294544e-01
8.053071409205528886e-01
8.195961429905440632e-01
8.288831742909504863e-01
8.194633348362720948e-01
8.197156603193174185e-01
9.583215314512930627e-01
9.596982418306155838e-01
9.437606251356929210e-01
9.377005261301036843e-01
9.373931878249610605e-01
9.321568063581743280e-01
9.437367852744487084e-01
9.621639761447875472e-01
9.383173299589214755e-01
9.327039246967342434e-01
9.468138212640440088e-01
9.057537741218186778e-01
9.124441616044832726e-01
8.973415160729543150e-01
8.957913245305149097e-01
8.946495589024893169e-01
8.853664292532399394e-01
8.777676594021049938e-01
8.743496180957877062e-01
8.881519537635960138e-01
8.657831118831071926e-01
8.639621966968438205e-01
8.706045561633636298e-01
8.622235386264229806e-01
8.913669645390869256e-01
8.694285776124698328e-01
8.775697673175177904e-01
8.700460453614893286e-01
8.626508287327410152e-01
8.623357155857693801e-01
8.946394447454196763e-01
9.200944093437638527e-01
8.996522261507686746e-01
9.210704972453079842e-01
8.905862019556896048e-01
8.973886563655406601e-01
9.251558865825864064e-01
8.921399877606825957e-01
8.853008348790677440e-01
9.983235278190881745e-01
9.949516951074587334e-01
1.023164088328950561e+00
1.018866028536512758e+00
1.018352904124983915e+00
1.005082932683072361e+00
1.016438531771626019e+00
1.028584546463781724e+00
1.011297227242758279e+00
1.009068396945371759e+00
9.995509376883997543e-01
9.048046345182072514e-01
8.954662696503400410e-01
9.115177339899757092e-01
8.849192967283801003e-01
9.033554825729015469e-01
8.914424922346881885e-01
8.951327769978677518e-01
8.626729268124734284e-01
8.550974128377696326e-01
8.722455454953806919e-01
7.566198818962603934e-01
8.943166471952351815e-01
8.982258208869017269e-01
8.848453050736841963e-01
8.963389813489337499e-01
8.780129445512749875e-01
9.403158905492149389e-01
8.816910896566645395e-01
8.850589407572749812e-01
8.907481125596043992e-01
8.801447622306945995e-01
9.003605380345399700e-01
8.784553616514483299e-01
8.796113518588277724e-01
8.778282285434332310e-01
8.745870799524705363e-01
8.501346115036775286e-01
8.143804863688390849e-01
8.410308334532829999e-01
8.019031419973334796e-01
8.193146206424491984e-01
8.020772526526646073e-01
8.436118236166451068e-01
7.955626050515893777e-01
8.039905104483795473e-01
7.963974137699578737e-01
8.130095747193537559e-01
9.201613559244672391e-01
9.546581117074696143e-01
9.194281042775802604e-01
9.325830058768991293e-01
9.578854113956465355e-01
9.125201045557713719e-01
9.040638252052050072e-01
9.280936942266078127e-01
9.324084952765112622e-01
1.365537160502995118e+00
9.329162454131004756e-01
9.394054057767465826e-01
9.311518641312692690e-01
8.855471834534742737e-01
8.033354100240337470e-01
8.106231927564671036e-01
8.930244214327849317e-01
8.946507299782225919e-01
9.013445804631962099e-01
9.010820996897085378e-01
9.288876595245014745e-01
9.339335488934867868e-01
9.682735372623738623e-01
9.511064879537294292e-01
9.350957408259452652e-01
1.102201031317447066e+00
1.112853807644197612e+00
1.106483240285579983e+00
1.115461530556653313e+00
1.112192014112594940e+00
1.210472465184128321e+00
1.105771720475207331e+00
1.124945121818043292e+00
1.070131646498640121e+00
1.106225852635434936e+00
1.172191178842730830e+00
1.014591631200496780e+00
9.467564100764945811e-01
9.485130824724887777e-01
9.559353622713336884e-01
9.537281247730398093e-01
9.707823228534184778e-01
8.709300704874078924e-01
9.047830498524671583e-01
7.303279354679507174e-01
7.425378301208842569e-01
7.546177286101010129e-01
7.684486313300004090e-01
8.139477158458235939e-01
7.558725436569637690e-01
7.944860314790456179e-01
7.681182389355761808e-01
7.595284276904091803e-01
7.583823628994873500e-01
7.547981374617075412e-01
7.645471911818998434e-01
7.684108192472506316e-01
7.577484867274977276e-01
7.740801730584013773e-01
7.519682063266687200e-01
7.473495737110837922e-01
9.611629862321510176e-01
9.542793010497879758e-01
9.527413698665234687e-01
9.628461324428697621e-01
9.594655008409324060e-01
9.689638362943741035e-01
9.984197323984542738e-01
9.646969230522060013e-01
9.639350361893159747e-01
9.644562632552142745e-01
9.556796742607610584e-01
1.019452959638785794e+00
9.794789840499671385e-01
7.625894243825802610e-01
7.649724697634574522e-01
7.764260303075425362e-01
7.633133646860054133e-01
7.537816202688398803e-01
7.649862210348018499e-01
7.598305157977262025e-01
7.755783539679044214e-01
1.316389786401928319e+01
8.137160148406628046e-01
7.784250518586127709e-01
7.609853284332960266e-01
7.625393645765599082e-01
6.725926537707895836e-01
6.650735170043960975e-01
6.527142491007696945e-01
6.538434897834323190e-01
6.589870858088343608e-01
6.537344437279060116e-01
6.433161279607364502e-01
6.380309647657953498e-01
6.331289773817392330e-01
6.379284167526283467e-01
6.483778464198155511e-01
6.443519948262766972e-01
6.401613324927986071e-01
7.582707531555632485e-01
7.414932878849583853e-01
7.440875352788933750e-01
7.490715228342506027e-01
7.517042845581740629e-01
8.077247556617451751e-01
7.566062359610395971e-01
7.537664739165266248e-01
7.382874179207370435e-01
7.456428728699487918e-01
7.405393697048959778e-01
7.733369878620208748e-01
7.417661054620616756e-01
7.288266793547260036e-01
7.046545842837410589e-01
8.521129910557639908e-01
8.644961139998216249e-01
8.503953724558065419e-01
8.482094384149866384e-01
8.508679546981549047e-01
8.621825014037776125e-01
8.554220663812882597e-01
8.727557008395449012e-01
8.623248683510168489e-01
8.732295459184722386e-01
8.689434188938890413e-01
8.283274814089134352e-01
8.316224586242714212e-01
8.384231768940858531e-01
8.305660319195030672e-01
8.356939068862689890e-01
8.280682449148336621e-01
8.412422200838720610e-01
8.342048476228930420e-01
8.248374718754653001e-01
8.603831508619652624e-01
8.334823079493707265e-01
8.989079179367069905e-01
8.457433815804790145e-01
8.758977952920490306e-01
8.531956439087398092e-01
7.528142170108321762e-01
7.534764908725658517e-01
6.953534767523609217e-01
7.017169339680894291e-01
7.262473035490669693e-01
7.000827635033091134e-01
1.196700709899363835e+00
7.186969266261928890e-01
7.118083712812020014e-01
7.294792513964889480e-01
7.300719200056801084e-01
7.274061427314123529e-01
7.265472142648545795e-01
7.219926977620436670e-01
8.700590299735666555e-01
8.456369786402763156e-01
8.258626823119210592e-01
1.134345646437444177e+00
1.141987589432602368e+00
1.147234863273594696e+00
1.142807312477581050e+00
1.147205573164602921e+00
1.136545420568564113e+00
1.125528714267753472e+00
1.178974072250631444e+00
1.137331758778836521e+00
1.138863285520286484e+00
1.193079944005174697e+00
9.708909594100066931e-01
8.847466585145020712e-01
8.319214375637858927e-01
8.444386696237622392e-01
8.422884027639896409e-01
8.409402074801322069e-01
8.387055159802959681e-01
8.286110429878058570e-01
8.275460177092641700e-01
7.525956726417734055e-01
7.556269358659338797e-01
7.561751103138123487e-01
7.757489750869370759e-01
6.988404451082058655e-01
7.579579465710297725e-01
7.075868722301178471e-01
7.261737698651942186e-01
7.048535450105009037e-01
7.104278124829430663e-01
7.132360578353031944e-01
7.095750586263800397e-01
7.132945290367970204e-01
7.164310103528741536e-01
7.153921065636661414e-01
7.147843022073334662e-01
7.200400999521878731e-01
7.372090163570848009e-01
7.220717427292950852e-01
7.088509757000206468e-01
7.354899686404217096e-01
8.542030784302717672e-01
8.442745248494226695e-01
8.350147538146460713e-01
8.564830526685671686e-01
8.362724147133345776e-01
8.440385208744949352e-01
8.292735520490199796e-01
8.997466453856682866e-01
8.339438330141788480e-01
8.345684505811333809e-01
8.202510149654773652e-01
8.310209129275467621e-01
7.761476875372770312e-01
7.142165393810006035e-01
7.150030589878855203e-01
7.438084485741368601e-01
7.319793613128291465e-01
7.347884423123827169e-01
7.244442727002891047e-01
7.291798581928593537e-01
7.245777359956524499e-01
6.936577746337967421e-01
7.792249695574712254e-01
7.725176388036832931e-01
7.801551989460406844e-01
7.706604616617233061e-01
7.796992761056228405e-01
7.849282344146977231e-01
8.079782628798397592e-01
1.024988627253553997e+00
7.804477920217127718e-01
7.986560907596029768e-01
7.891254202245595595e-01
7.852921861357136102e-01
7.882195373873099875e-01
7.796257656935334790e-01
7.381807731450455989e-01
7.721076242137324686e-01
7.316475159027286956e-01
7.306194469590712171e-01
7.456551245003819606e-01
7.202899820218227056e-01
7.254443757418354011e-01
7.315230444398541643e-01
8.077547597189450590e-01
7.529848464855390944e-01
7.169630224352856462e-01
7.126134179712402261e-01
7.426847124606835715e-01
7.524119308002823470e-01
7.325493077371382222e-01
7.144560033183747771e-01
7.145062636303460835e-01
7.335835895660185457e-01
6.635689422849824215e-01
6.618435938556133102e-01
6.620714348945498928e-01
6.829154582968588461e-01
6.705915433143445625e-01
6.793517331470482201e-01
6.230825564595439126e-01
6.223733303762400970e-01
6.308583520343731266e-01
6.294566776954906295e-01
6.219095376761936134e-01
6.242240612290945734e-01
6.243338181914483975e-01
6.431389440460655305e-01
6.418508145297452394e-01
6.369080705507431661e-01
6.464507614701806570e-01
6.364362146712571056e-01
6.066128201227636296e-01
6.065633442516232821e-01
6.070456021008908687e-01
6.071038124028045324e-01
6.097473740231440509e-01
5.987180843170842870e-01
6.036059486709137722e-01
6.158418124300075736e-01
6.024331537326490515e-01
5.983324166836586633e-01
5.204348033198008538e-01
5.206475248230794106e-01
5.372931126564642890e-01
5.544405100007517850e-01
5.173556689485430127e-01
5.176520266302281348e-01
5.214427682412927645e-01
5.208322548753465675e-01
5.133560099938503374e-01
9.683844648268644661e-01
9.492467386642701177e-01
9.611200088157798582e-01
9.758705596871847243e-01
9.708353405005776260e-01
9.539814822941447003e-01
9.493500097452729491e-01
9.477778703912287384e-01
9.693958458852403037e-01
9.655723795452372249e-01
9.426899280079865662e-01
8.116729853721637022e-01
8.308515431183518540e-01
8.446563323264898449e-01
8.257440384259495669e-01
8.308952412770533869e-01
8.366406871176590432e-01
8.215978327624914312e-01
8.334759514562661842e-01
8.418465487627542210e-01
3.132164891488338654e+00
8.351257648040724124e-01
8.509955444634730304e-01
7.671582663723192086e-01
6.636824806971096669e-01
8.026863284529850429e-01
8.104513498860559384e-01
9.996378275260404678e-01
8.122812165522625971e-01
8.264125848262766638e-01
8.281986019316280867e-01
8.178117670786092530e-01
8.315971032607690772e-01
8.203980950872745703e-01
8.382777736041754357e-01
8.256370975977285198e-01
8.280406091722268824e-01
8.471827258073356681e-01
8.374422556873533097e-01
8.346365258790736652e-01
8.528522577065678067e-01
6.962496673914735368e-01
7.127360379147963387e-01
7.013237774106674260e-01
6.735529895618280749e-01
6.777553620200647000e-01
6.596598221007303753e-01
6.529600457665948321e-01
6.543290170738507161e-01
7.176024762117183542e-01
6.757336371908340134e-01
6.505708142626170920e-01
6.738917107731650091e-01
6.645778227245376923e-01
7.901849488676547795e-01
7.976713902186287619e-01
7.975592160211195658e-01
7.872466279540027978e-01
7.941726134882400867e-01
7.992977526606083183e-01
7.906622131323960412e-01
8.008854663300818411e-01
8.050833187602930430e-01
8.037853724465915395e-01
8.162668632509733069e-01
8.836458300623870610e-01
8.803749804991330974e-01
8.003623063746774235e-01
8.156537116736244375e-01
7.905704555937379530e-01
7.890285709700253225e-01
7.837359947168182073e-01
7.802429858265607088e-01
7.930623687427941215e-01
7.874013354628934813e-01
7.866204463275043857e-01
7.739042527285011630e-01
7.902859186359117993e-01
9.456920112520174060e-01
6.769356589363273446e-01
6.244933846208298167e-01
6.192016447157968617e-01
5.440318518748437082e-01
5.529893208472312915e-01
5.413587605204742692e-01
5.385155457680972368e-01
5.438926906205527878e-01
5.148690133461029106e-01
5.268096887907175452e-01
8.116602584292273992e-01
7.694266951346608874e-01
7.674028962047994007e-01
7.835645030416373835e-01
7.546349984364606467e-01
7.549324834906930848e-01
7.557810077888431621e-01
7.877850303585374192e-01
7.674927249427925258e-01
7.652571730093453706e-01
7.699650160516925412e-01
8.064174760420829147e-01
7.481194965791782003e-01
7.703528965405020967e-01
7.130042520503995229e-01
7.106963610561836120e-01
7.159790099211620351e-01
7.093333106406293220e-01
7.297528698649538015e-01
7.272124390473172495e-01
7.192826291180522968e-01
7.239999352925625686e-01
7.148986377546405757e-01
7.046493813151072372e-01
8.322080351669072229e-01
7.364204255221932227e-01
7.216745412244928159e-01
9.246317707553700638e-01
9.249040526740833768e-01
9.282300734523567520e-01
9.271419030212774137e-01
9.116431463734464558e-01
9.184723429321945964e-01
9.169665248706724281e-01
9.003371319960966623e-01
8.960778329438232603e-01
8.922961525794830262e-01
9.136760169363846718e-01
8.933834998716234654e-01
9.034548044585049009e-01
9.207250775889553873e-01
8.804022972049722062e-01
8.833006331944037726e-01
8.804879185048215540e-01
8.622934797668115880e-01
8.604359816479721923e-01
8.774726992214813004e-01
8.556245021691247787e-01
8.619150131997550535e-01
8.624279368810493507e-01
8.449416812696511903e-01
8.463280451821000305e-01
8.444084526824097159e-01
8.495088798305079347e-01
8.526652957196794169e-01
8.601264095981768776e-01
7.582929147486983101e-01
7.512037048985498178e-01
7.556313190863096496e-01
7.675680297597702317e-01
7.769214574644078830e-01
7.522990344828291986e-01
7.430349437909038457e-01
6.563985813674673153e-01
6.520830251402737199e-01
6.549777016938643781e-01
6.547577668810862228e-01
6.461627820694487712e-01
6.613227866399664645e-01
6.433446040633724605e-01
6.507084386064112547e-01
5.777175624407272503e-01
6.027648996421055561e-01
5.819442920082806836e-01
5.995830470735730167e-01
5.757774147130069187e-01
5.662005740868341075e-01
5.195249294867070322e-01
5.155425665915797095e-01
6.224690638261310971e-01
6.052366225204217631e-01
6.129999613591131657e-01
6.107428845043370025e-01
6.088474647356877378e-01
6.067238129455518880e-01
6.027246434091531047e-01
6.020983673915681900e-01
6.237279658883814193e-01
6.135216825256729622e-01
5.924892064988840357e-01
6.016956225387979362e-01
6.037823566723298230e-01
6.191146304476625728e-01
5.666514315244253197e-01
5.432193992026597140e-01
5.487977378532532535e-01
5.440498757049488932e-01
5.149263472285285914e-01
4.939708845643370760e-01
4.925986602236896994e-01
4.771861607972484043e-01
1.097868833401743682e+00
1.123914735019125644e+00
1.091886510702435364e+00
1.095565335444812050e+00
1.120800459734728971e+00
1.092667894485207070e+00
1.093209051636176765e+00
1.089581616936040609e+00
1.096331925868205603e+00
1.087673745569891492e+00
1.092739845024977896e+00
7.404893010200651604e-01
7.073858481836965417e-01
5.845575501845481359e-01
5.631711023789085502e-01
5.074353079315809811e-01
5.024164328194371532e-01
5.065524757675892165e-01
5.015214452603652395e-01
5.102910936230252714e-01
5.327158406941858715e-01
4.999292747770467393e-01
5.029107745556511411e-01
4.728035859556518616e-01
4.679031160840214087e-01
4.764874984560307780e-01
5.247513807228481042e-01
5.220810480626020267e-01
5.305735916711473710e-01
5.367985624761612007e-01
5.678804429298489609e-01
5.448921286828345423e-01
6.231398361886312243e-01
6.156292513571259839e-01
6.172144128917200767e-01
6.151144180684284812e-01
6.341007188426255325e-01
6.223337382932818684e-01
6.304255482067918637e-01
6.436336420782378109e-01
6.280448484533415199e-01
6.319041234679790842e-01
6.287397062533461867e-01
7.269609424307799106e-01
7.237971507740291743e-01
7.335092855401550427e-01
7.305300584644932593e-01
7.763092179419153194e-01
7.212495633949319584e-01
7.300557475719239298e-01
7.500662047994005599e-01
7.269301986774550084e-01
7.979522499270061964e-01
7.222751926528048205e-01
7.189442325360262398e-01
8.351807410921413544e-01
8.098967024560927985e-01
8.280241536865631247e-01
8.250785227119883380e-01
8.034102573012842363e-01
8.014411441143632908e-01
8.443120226078665302e-01
8.003396046902465644e-01
8.021690264113233715e-01
8.036971859203546620e-01
8.000542018334479977e-01
7.640069439354122416e-01
7.088358593649887185e-01
7.413483627598980163e-01
7.087762985920165182e-01
7.078756825605856395e-01
6.564507480435067821e-01
6.359780677839663721e-01
6.544149734829320941e-01
6.225361889819563954e-01
6.224338806972893323e-01
6.301827042456953354e-01
6.364645500601198158e-01
6.270069415975050298e-01
6.345695119927667882e-01
6.286279553592203362e-01
6.143186309773607245e-01
6.199933017627127230e-01
5.962097689695191605e-01
6.052229170626568511e-01
5.984644341801141909e-01
6.102609994224545975e-01
6.010392228727468034e-01
6.184792571181095822e-01
6.637833540150910316e-01
6.539184367209394111e-01
6.548412761204376320e-01
6.728085677513180318e-01
6.779138983381540751e-01
6.790873426377960209e-01
6.768771731072253939e-01
6.807350221534820278e-01
6.785405832658024661e-01
6.969080673682306326e-01
6.944497332844682402e-01
7.022656709572151490e-01
6.808106690689958995e-01
7.007335677707043908e-01
6.769007175101080520e-01
6.740362844051297486e-01
6.808759362894736267e-01
8.764741710919192741e-01
8.715864430814423969e-01
9.101135953292448511e-01
1.259266999382315122e+00
8.861037706079520904e-01
8.955030090729686476e-01
8.883155039173271650e-01
8.762355450811460944e-01
8.816095332345976754e-01
8.740467939029062938e-01
8.758373066137941088e-01
7.696628322682440571e-01
7.032006217024205919e-01
6.921362540186818402e-01
6.843598867968401223e-01
6.891081898670625705e-01
6.895228149981860177e-01
6.493042692328194754e-01
6.477196518512178258e-01
6.425611933637566109e-01
6.322483363169434378e-01
6.302558943921264811e-01
6.295440711661066668e-01
6.393128928095037633e-01
1.037388307506815988e+00
1.144709472671795236e+00
1.053177083011376025e+00
1.040009196484723342e+00
1.053293397499320605e+00
1.043579444319234106e+00
1.051606700419533968e+00
1.049775320779395837e+00
1.048317619718916793e+00
1.053598580110632899e+00
1.046983715404707471e+00
9.268521488054203283e-01
9.064976737056601452e-01
8.204866158209036531e-01
7.917801424127917098e-01
7.806568345971562906e-01
7.824786882077495731e-01
7.746828966294927454e-01
7.873766823572033724e-01
7.827981470042861822e-01
7.896813731110415846e-01
8.356660069242315414e-01
7.896210075829263042e-01
8.099080290983893260e-01
9.019900615489907514e-01
7.968332093251597747e-01
8.005861679930059704e-01
8.445752514579403236e-01
8.587679354676032162e-01
8.489397926291367691e-01
8.502723003844480099e-01
8.525335932247753989e-01
8.659018068529799050e-01
9.029673860644162886e-01
8.662799700313611462e-01
8.514834670703996800e-01
8.351305279602264653e-01
9.762964045973828719e-01
9.782609472738323930e-01
1.006540334665614322e+00
1.797488162137700130e+00
9.794895708127229206e-01
9.833691229145090640e-01
9.731680695056683650e-01
9.852540337172389640e-01
9.877493986623772093e-01
9.843043285624513139e-01
9.894493660219355613e-01
1.044387611752905176e+00
8.891455858375580945e-01
8.646466912465444743e-01
9.175187875594545961e-01
8.564467719166400927e-01
8.731146230863677804e-01
8.629079849161903626e-01
8.554732176174979497e-01
8.620283177067035174e-01
8.614122957943466385e-01
8.706380416359278396e-01
8.797402153282837256e-01
8.563925310317381800e-01
8.562238700282049919e-01
8.602283152073715300e-01
8.690003405248464263e-01
8.576959074276072625e-01
8.615295091222082702e-01
8.682654073490764235e-01
8.660453588843708417e-01
8.564535927227623358e-01
8.644208237929073002e-01
7.330367827299152372e-01
7.378991768341438551e-01
7.338560074248705600e-01
7.417513601883684027e-01
7.337853037146073731e-01
6.848562489485178206e-01
6.942169189383154970e-01
6.776988647789677911e-01
6.840711711804952078e-01
6.716981256023258906e-01
6.754971584237861038e-01
6.944339208938907770e-01
6.705359840507928437e-01
6.831457325542920067e-01
6.727289965199663158e-01
6.762685507559514919e-01
6.708923373033521820e-01
6.722289351914384481e-01
6.655344466840682482e-01
6.687727969244345871e-01
7.340129085727015168e-01
7.273298173373106135e-01
7.700938025682599886e-01
7.639888130031440294e-01
7.630803123880290917e-01
7.737062552244512448e-01
7.839490126958711391e-01
7.737647730690339065e-01
7.651228201947204433e-01
7.748523508066335053e-01
7.777387450324388940e-01
7.787555782108889213e-01
7.809023794804454965e-01
7.710881738661958806e-01
7.471714582783840486e-01
7.414146547422933997e-01
7.544974679711812238e-01
7.488224517868047325e-01
7.458598467541690535e-01
7.446007317420403337e-01
7.448165542146326645e-01
7.447885435675192234e-01
7.294391547598134684e-01
6.785904582087904924e-01
6.301677504529585860e-01
6.092322005239780847e-01
6.057163064492243620e-01
6.217364462875325515e-01
6.433676508439429842e-01
5.623398762834675990e-01
6.280279803645928416e-01
6.283241430757695589e-01
6.152719615106383433e-01
6.240858262682879021e-01
6.199479753907083390e-01
6.190885412732437532e-01
6.737694762708075213e-01
6.250062043753709107e-01
6.218278519089630585e-01
6.277257797869417733e-01
6.161896066975698361e-01
6.358651224762534859e-01
6.326198874290784868e-01
6.346453492603167934e-01
8.953662834252460456e-01
8.824499170501820533e-01
8.909307774047094952e-01
8.693891090976799685e-01
8.575361644875908462e-01
8.825823935574702572e-01
8.717542460054151787e-01
8.682457292539309535e-01
8.847214820839898186e-01
8.708631902180585804e-01
8.782768418501838426e-01
7.685867638191048457e-01
6.448628022437342677e-01
6.175859401435509488e-01
6.311343589329747594e-01
6.194659714212406021e-01
6.205352586633322565e-01
6.115406483417598071e-01
6.202327934229650008e-01
6.208167294696076421e-01
6.225541579431814743e-01
6.512247092424444661e-01
6.468106813033688285e-01
6.764131360822164263e-01
6.748303485944547875e-01
6.537617688137581373e-01
6.671754606071577109e-01
6.505706522917680257e-01
6.608801046810627300e-01
6.442895758154845165e-01
6.711714871322415066e-01
6.484258030385168237e-01
6.576542784675596387e-01
6.719577221055492711e-01
6.505168557726159762e-01
6.308814472241605076e-01
6.210175151541250660e-01
6.617470422831488452e-01
5.787829739709688948e-01
5.789088504840147476e-01
5.608006031004195702e-01
5.849786665713485601e-01
5.578067551120184930e-01
5.600642591390818659e-01
5.524194819769023823e-01
5.420919128466711312e-01
5.460457051543424756e-01
5.442738796620747443e-01
5.438776968652734300e-01
5.714678979075474841e-01
5.747224510736319569e-01
6.860478156571605535e-01
5.809226330862271581e-01
5.710034357092685919e-01
5.579741906724857703e-01
5.744950866699372050e-01
5.653796226062838270e-01
5.505140903645523442e-01
5.683723232330704089e-01
5.624029881528842534e-01
5.508730609249423704e-01
5.589397743941749708e-01
5.481783420411603380e-01
5.923781261703556567e+00
5.714679989804413163e-01
5.592095149918778763e-01
5.544578046587324005e-01
6.645047976740422468e-01
6.727036135584014698e-01
6.682645671093997430e-01
6.971612408999907640e-01
6.651663155434391905e-01
6.655118632599068551e-01
6.584050430958565681e-01
6.984589362444898475e-01
7.264492464153802231e-01
6.822313678285296668e-01
6.851588462337430130e-01
6.764345674618723603e-01
6.793615314804474226e-01
6.717121721267482748e-01
6.795189812290812759e-01
6.758500531210751561e-01
6.687654090229049331e-01
6.790177732556046397e-01
6.691539720941696023e-01
6.789646399386723985e-01
6.608993074605484797e-01
6.577355714217858473e-01
6.659182137356206566e-01
8.575362776649642083e-01
6.702294988736198222e-01
6.846037579475118262e-01
6.808494935291490302e-01
6.991451427919781469e-01
6.891161302823605173e-01
6.821314097479468375e-01
6.762516057208481923e-01
6.879720088773908504e-01
7.403952849129333824e-01
7.358838806068606075e-01
9.417018996588927271e-01
7.732791304008598265e-01
7.726609377697007952e-01
7.741217816766384763e-01
7.695829727121303865e-01
7.675320063232757839e-01
7.790543564845047175e-01
7.680731703690507617e-01
7.661372831513368897e-01
7.015203102609548491e-01
7.092820118734071144e-01
7.312011580713406733e-01
7.031738768012290031e-01
7.020901077035170967e-01
7.107827356089316817e-01
7.149953649741758177e-01
7.037059018657270126e-01
7.095438311360949823e-01
7.118904584330876251e-01
6.767541939685954855e-01
7.190553639727979007e-01
6.654074105620131352e-01
6.590114463996284977e-01
6.612069314367876594e-01
6.539529400079234778e-01
6.637584889959289303e-01
6.803377205154058638e-01
6.633715346291516601e-01
6.488101850240229895e-01
6.474085765288422056e-01
6.308779981401553272e-01
6.288818785542776846e-01
6.276227956250600704e-01
6.169307153174163894e-01
5.836913172182492948e-01
5.913509248188768552e-01
5.907515423319857906e-01
5.952766112266862919e-01
5.986663860792815761e-01
5.947979916219731100e-01
6.011671323946543577e-01
5.967592762485948166e-01
5.959967548818196903e-01
5.887841707327690077e-01
6.000270037251712596e-01
5.824619113026285877e-01
5.935383446420796627e-01
5.812895185005438892e-01
5.786982966541290851e-01
5.794460683441967630e-01
5.813058652589078168e-01
5.809052722252310286e-01
5.868756224994201576e-01
5.835625041383819545e-01
5.771873457836920185e-01
6.454915251731820902e-01
9.207558139495461980e-01
9.182154550651373537e-01
9.366474443013659279e-01
9.181931713119853011e-01
9.167345824675993127e-01
9.316603026148686517e-01
8.878120559888706964e+00
9.336758152947570721e-01
9.121146298492684990e-01
9.437730836095145071e-01
9.093838733847456890e-01
7.303829997384517769e-01
6.489901002646891737e-01
6.459635074535368116e-01
8.416904492156869200e-01
8.432953382122976294e-01
8.377831901982726315e-01
8.345214424666791420e-01
8.360279120249682894e-01
8.489414615190349345e-01
8.340198622206287382e-01
8.210959568578309886e-01
8.200623287343721257e-01
8.434741074954651419e-01
8.398847317109202626e-01
8.383316478031266339e-01
8.281541872358059164e-01
8.364184053190191204e-01
8.630093552164326276e-01
8.044496847591966482e-01
6.592689262652743354e-01
7.491218801617599565e-01
6.534994142373002912e-01
6.688689476416480595e-01
6.270686850228300857e-01
6.271797459833816646e-01
6.271292623364170815e-01
6.676617616034410396e-01
6.303837027980919716e-01
6.375106333123160551e-01
6.436337186436591473e-01
6.349744402905345142e-01
6.290682477897551195e-01
6.276350706283526648e-01
6.317979633091590497e-01
5.771777998628494499e-01
6.675368879334779848e-01
6.615756784720250305e-01
6.607029112450987229e-01
6.535755549928903285e-01
6.520500015531721649e-01
6.566461223979667139e-01
6.670793331504351054e-01
6.637787550841849349e-01
6.685712521219302484e-01
6.628343704755014221e-01
6.684043541271957878e-01
6.771176392416429213e-01
6.732734153788721976e-01
6.597365306779862104e-01
6.418233099394129448e-01
6.260919080821070182e-01
5.558703919848443364e-01
5.631438879881205395e-01
5.637480018797702552e-01
5.587845711619027211e-01
5.591332384312495130e-01
5.637353049721700593e-01
5.796214228508705935e-01
5.691173975502022975e-01
5.426302313191939675e-01
5.512632267948458509e-01
5.593720707014466775e-01
5.536276502863357596e-01
5.384704769133573654e-01
9.804081343507109469e-01
9.804306186526540179e-01
9.965235760483466265e-01
9.830963661419777067e-01
9.759502389388253762e-01
9.768614665455617185e-01
9.842914560989882711e-01
9.696606139449843731e-01
9.942392501603273258e-01
1.004532662068995608e+00
9.642115920528772088e-01
8.441680103945256031e-01
8.415708488345233773e-01
8.373740919421412965e-01
8.730177871676414458e-01
8.491993688539808405e-01
8.405081909276854724e-01
8.282459412806701948e-01
8.414345589473086751e-01
8.234639732910915555e-01
8.291774943902729955e-01
8.403064682548587738e-01
8.281401927369115290e-01
8.301997608343656410e-01
8.242590490393364444e-01
8.107918146427693928e-01
8.139343364607866116e-01
7.945252798132544925e-01
7.953449211370209326e-01
1.205043032971942596e+00
7.946509530733172344e-01
8.087839198666380014e-01
7.647316469277566364e-01
7.782970097759474015e-01
7.578868399809779444e-01
7.586390312744804021e-01
7.648654417515046156e-01
7.537258829503795665e-01
7.659660643104783118e-01
7.576366723498121347e-01
7.572233513774100366e-01
7.551845837891868474e-01
7.684562423390678410e-01
7.551071933769002431e-01
7.521508878961811195e-01
7.509855082758588596e-01
7.037845172655716741e-01
7.096014004273134557e-01
6.928620025830243279e-01
6.819913184072474710e-01
6.834205321396100707e-01
6.863339844179123794e-01
7.288005713843037636e-01
6.261228535565329656e-01
6.558040669650069265e-01
5.940116697285191538e-01
5.714354137211261619e-01
5.706883077000071136e-01
5.982429234696030607e-01
5.920539619023665878e-01
7.460933022464046882e-01
5.973740268861631453e-01
5.967678983737380038e-01
6.331855339327538967e-01
6.073610500787891553e-01
6.703394724322128129e-01
6.166208095923062515e-01
6.092128687374709362e-01
6.187147604434908299e-01
6.138515683243842558e-01
5.570535957798093962e-01
5.548141874095084969e-01
5.844513782674127800e-01
5.641094850399337446e-01
5.649298989941557991e-01
5.754164445912762771e-01
5.634490849646410782e-01
6.122871659948796452e-01
5.694909549186240039e-01
5.687376509342196851e-01
5.667009541208377632e-01
1.067750603532771958e+00
1.012632757590127275e+00
9.989488951724437849e-01
9.943084806124351527e-01
1.000822370025380437e+00
1.002696513145979518e+00
9.883344267001545891e-01
9.965261127089871662e-01
1.031923155052223873e+00
1.052264673636256420e+00
1.014376320010634602e+00
9.239972936174138951e-01
9.346898744469741560e-01
9.311995677035015406e-01
9.234482170790541122e-01
9.359652530779496438e-01
9.447264721506395402e-01
9.328198567225561844e-01
9.259144907984585560e-01
9.786455259387906169e-01
9.306897827125779621e-01
9.340226240497331300e-01
9.493281273004511300e-01
9.290486871545317049e-01
9.400820065921265956e-01
7.787035776015094335e-01
7.695679305978271323e-01
7.553394133044981640e-01
7.602259091400104252e-01
7.517205165950717749e-01
7.729400240528290222e-01
8.652107354889626567e-01
8.294830449724154287e-01
8.690215858771566104e-01
8.220444518000216139e-01
8.216852696755074792e-01
9.453377936070896936e-01
8.125674003358812625e-01
8.422249854061936158e-01
8.064501639406235212e-01
8.016323138048556673e-01
7.990919957802319340e-01
8.061864603938410090e-01
8.080215717644146922e-01
7.958508059650549749e-01
8.075947124816749145e-01
7.700188270217462883e-01
7.545339910506819736e-01
7.558243806635503992e-01
7.648867378321371202e-01
7.507669284612150662e-01
7.408254899791690828e-01
6.789992467983018143e-01
6.783663520137643843e-01
6.852306722747530943e-01
7.121231900974067663e-01
6.974284725388975037e-01
6.742358193621555973e-01
6.800465781339615212e-01
6.785150327307905016e-01
8.151914105790274423e-01
6.713364944939865797e-01
6.737425220739068354e-01
6.685093851820841371e-01
6.831572060054513784e-01
6.701987918072108696e-01
6.672797482167546201e-01
6.729826097880521329e-01
6.689361489633394164e-01
6.689436797235800425e-01
6.716215722813356770e-01
6.752617325696775863e-01
6.693082220994400755e-01
6.843050691267275054e-01
6.856785051955792687e-01
6.752750380969534394e-01
8.198067811107611069e-01
8.405827642193157700e-01
8.119003264878388304e-01
8.016134676456871944e-01
8.039363203391958201e-01
8.184837487858207528e-01
7.909841911155739425e-01
7.910496036787496577e-01
7.920454522387203600e-01
7.885550839049507710e-01
7.964695333633040608e-01
7.936769113458975733e-01
7.079610048342328543e-01
6.915365034044059778e-01
6.888288438356796606e-01
6.926077574540813186e-01
6.929100743603912038e-01
6.698147980134087076e-01
6.719181591680485344e-01
6.654590459523808121e-01
7.753043449228684825e-01
7.823075140230127955e-01
7.821520051534679441e-01
7.720542628557194309e-01
7.856952991623512572e-01
8.003309882415036158e-01
7.723854803792407075e-01
7.747396552950331916e-01
7.676977913850611124e-01
7.764443298688988859e-01
7.664087564952384302e-01
7.569485116941950809e-01
7.740459620706516830e-01
8.463682010350889184e-01
6.656623866635933418e-01
6.683678356887629013e-01
6.722857601323964927e-01
6.807208837891274289e-01
6.882779450333431637e-01
6.755423659521359037e-01
6.727499633508161603e-01
6.686695000205628014e-01
6.839938865874700680e-01
6.746647382417447769e-01
7.118149419080193052e-01
6.801348498185676439e-01
6.794297556794663961e-01
6.840602946778306936e-01
6.708107641083220773e-01
6.863023311902257673e-01
1.066395118873590953e+00
1.049338322933965451e+00
1.051278915851061146e+00
1.041372710363817733e+00
1.038753937469841571e+00
1.027221808503532507e+00
1.038535592415985587e+00
1.029832894529715714e+00
1.048068454515205916e+00
1.049892780477669874e+00
1.137485966683938088e+00
9.153713450605628354e-01
9.024926439928007138e-01
9.147333437406584000e-01
9.012016095467205723e-01
9.235452085258571975e-01
9.249889669892286115e-01
9.285414540318699395e-01
9.027925978746510483e-01
9.917036093786221196e-01
9.913977954741655108e-01
1.007837687728312392e+00
1.042871698542925163e+00
1.010691327278993690e+00
1.018183337616107131e+00
9.950823862936195585e-01
9.937899263674385697e-01
1.002655576560472550e+00
1.071123627496993080e+00
1.027509344970118477e+00
1.061780386137814114e+00
1.026651027515954162e+00
1.007756598799249836e+00
1.001479064730882440e+00
1.010279510484899834e+00
1.008775610717684179e+00
1.020496733895901009e+00
9.942113982914915216e-01
1.003684662493829149e+00
1.070390193599991990e+00
1.003325927119090855e+00
1.022529364359577198e+00
9.300264328833971472e-01
9.800120947180261943e-01
9.215700140861959877e-01
9.578999285010006970e-01
9.164331025888428073e-01
9.061724429272925985e-01
9.076354243480780903e-01
9.079838803406381498e-01
9.224946808282140642e-01
9.029584520971155603e-01
9.772611179709296270e-01
9.058912825663016921e-01
9.172597636461914394e-01
9.194242795306328819e-01
8.932908951986142654e-01
7.898116974864948237e-01
7.297197137502366981e-01
7.319117064158697783e-01
6.635884006316228323e-01
6.658376888733725796e-01
6.438838030415161562e-01
6.450780132224711583e-01
6.226305259068405373e-01
6.316504552074566625e-01
6.270261315709291239e-01
6.263714702817997360e-01
6.249110629441573250e-01
6.201682375743238218e-01
6.155973534493931476e-01
6.020874874610203653e-01
6.011659647845291055e-01
6.129461871031656184e-01
6.230707892511064827e-01
6.159899459507807151e-01
6.042995794714639546e-01
6.183486800930597660e-01
6.284034676708889489e-01
5.898316344686000967e-01
5.650017482369239508e-01
5.718783597130551177e-01
1.433049496691146452e+00
5.609941136259907202e-01
5.599658967166314394e-01
5.609685225732138347e-01
5.496511713340496152e-01
5.532237583847715579e-01
5.459786862671860419e-01
5.352567475375132888e-01
5.565160022954789287e-01
5.494588544166201238e-01
5.765651518012292476e-01
5.474694537122182236e-01
5.497344902646997822e-01
5.492050240925013815e-01
5.493677939184483661e-01
5.581614483128515269e-01
5.351864080971739934e-01
5.301379636838396969e-01
5.326787077840249296e-01
5.253052453515960618e-01
7.006581571403986963e-01
7.088459252153787027e-01
7.086111892654043398e-01
7.118529211603559226e-01
7.103935288289418004e-01
7.004923809070455754e-01
7.175647701582841265e-01
7.158331681700841331e-01
7.133832765380704322e-01
7.289212911020535035e-01
7.313712605115597620e-01
6.527466666213064261e-01
9.445210629183058426e-01
9.833545009443037666e-01
9.719209712958254421e-01
9.586083160380930446e-01
9.467728800076331552e-01
9.527670819465594576e-01
9.512348799694643198e-01
9.511522138184020925e-01
9.539057078034176573e-01
9.550775564927330707e-01
9.490316269930395565e-01
7.623025349144655349e-01
7.867444620469041805e-01
7.725956171121991511e-01
7.935165466243030430e-01
7.637007849739483323e-01
7.673091833784145832e-01
7.722763379505956927e-01
7.763205649954962873e-01
7.794906882675320947e-01
7.823181138026057413e-01
7.859495818827166858e-01
7.794343686866531673e-01
7.843427353404118785e-01
7.738536976595610239e-01
9.573809396213928125e-01
9.585944338040254253e-01
9.586793543130854856e-01
9.459776349602332379e-01
9.491905359918243468e-01
9.589169374830375236e-01
9.533421209640102756e-01
9.564712167504647589e-01
9.449166741627896826e-01
9.588856271277181875e-01
1.019059542055261502e+00
9.615235156054362520e-01
1.010171933893730500e+00
7.709131789165475368e-01
7.706493915793978244e-01
7.652177047936381538e-01
7.576337696388339982e-01
7.469499654837777891e-01
7.506426566097185171e-01
7.715916256801816919e-01
7.527924867615000126e-01
7.224040110273923787e-01
7.273636286596741884e-01
7.312786523470330424e-01
7.937871070366834259e-01
7.184223593464501567e-01
7.269319907027762540e-01
7.255139091198042900e-01
7.390053904926057182e-01
7.181199236549528075e-01
7.233893794168386737e-01
1.192468531353820804e+00
7.142249234594792995e-01
7.317492254431083865e-01
7.549487337668310261e-01
7.285945854271324018e-01
7.357469023204177283e-01
7.342725825051601429e-01
6.778572828735113243e-01
6.815999612740422098e-01
6.799194256425376004e-01
6.829825479849118697e-01
6.767509714687529598e-01
6.801086162264000645e-01
5.653260386362152223e-01
5.682345559882601149e-01
5.587001949622819597e-01
5.657738014459411380e-01
5.721614050479879587e-01
5.683925961225597678e-01
5.566149793718317973e-01
5.542741370632391362e-01
5.548644256352159854e-01
5.542113095225245090e-01
5.610764554310454510e-01
7.466566572678798863e-01
7.466328190896581729e-01
7.413122438715461504e-01
7.455904706827862771e-01
7.539158844742332999e-01
7.467083080755020363e-01
7.451942822676289602e-01
7.738934680613898109e-01
7.727788667593731287e-01
7.538778250215084631e-01
7.898911664805143840e-01
7.518739769255187166e-01
7.353071087269762440e-01
7.022241627761234284e-01
5.488211050844427064e-01
5.517733914541897988e-01
5.835320134608137366e-01
5.735143675294174237e-01
5.486401278396932923e-01
5.546354955046081114e-01
5.309822786423098462e-01
5.279711786408007868e-01
4.573143427191697086e-01
4.273309529943964402e-01
4.320131419061624678e-01
4.224236475216152087e-01
1.114630227478867308e+00
1.092156177535286599e+00
1.099148529654065953e+00
1.111269010909828214e+00
1.114046011246610179e+00
1.113358895021123729e+00
1.101616251828871684e+00
1.123257749765355085e+00
1.135450073957832151e+00
1.101522665808517321e+00
1.128014493064728896e+00
7.513094763958164668e-01
7.816370281767590633e-01
5.911288553182197925e-01
5.947740437898999533e-01
5.842450747007121858e-01
5.887401498069487760e-01
5.930352557294205074e-01
5.954295130081649345e-01
6.012055908403861615e-01
5.836747261706211054e-01
6.038949088276615029e-01
6.163293341999358521e-01
5.979299086384852746e-01
6.003698757126512131e-01
5.975257769806893160e-01
6.061465678294961634e-01
6.051615479621816895e-01
6.081552320292052949e-01
5.935013960418471513e-01
5.996033372705783515e-01
5.949128174817636117e-01
5.957235928849297091e-01
5.982738249088460636e-01
6.008014943739277136e-01
5.949485616553027434e-01
5.818065481518585047e-01
5.998007966319602868e-01
5.942854324771997820e-01
5.955859398053433562e-01
5.429930849045638830e-01
6.256055830289077857e-01
5.422839210509984298e-01
5.314200398206954112e-01
5.859270740194685301e-01
5.204926064991868273e-01
5.380882847635766186e-01
5.595353315354929524e-01
5.228028321284390323e-01
5.278285298363729616e-01
5.141793192583495875e-01
5.868809220975381713e-01
5.124423474033286130e-01
5.176427821719024047e-01
5.144436500041799087e-01
5.140651801057394277e-01
4.777029876024213584e-01
4.691921181217274528e-01
4.687810109771669564e-01
4.683232884062544787e-01
4.613182312391769235e-01
4.619822718321904831e-01
4.505693765043526366e-01
4.506063478365112118e-01
4.502313453938049381e-01
5.077962307409215059e-01
4.475007350656732275e-01
5.807159911642226779e-01
6.080049632883542943e-01
5.906176337378870045e-01
5.989020662068780254e-01
5.975325099478758784e-01
5.993599214530689334e-01
5.988248319280629062e-01
5.981638793515496877e-01
6.022246423654709080e-01
5.985342199007022135e-01
6.011937927761665801e-01
5.988417315098555349e-01
4.870177434021003005e-01
4.791460349080566283e-01
4.653433729366803773e-01
8.304684913928369605e-01
8.559609353107469065e-01
8.335072775634341236e-01
8.423651423483634604e-01
1.178255775670342675e+00
1.044397254916066942e+00
1.164292834355568518e+00
1.070882039886024595e+00
1.065325469041005668e+00
1.067198516940785380e+00
1.116681003961859986e+00
1.107398542014238263e+00
1.122228513789965021e+00
1.117014136524727919e+00
1.126710283173472549e+00
1.130521751722564527e+00
8.664434485137818553e-01
8.766123385077609909e-01
8.787577805414555909e-01
8.746413932976990768e-01
8.700459082569719227e-01
8.779275132485373501e-01
8.660082100971763230e-01
7.663374833766506411e-01
7.513624340787636857e-01
7.518094699102770839e-01
7.503307386809532353e-01
7.892690679650236074e-01
7.417014253437661520e-01
7.547952563492935640e-01
7.492726970152511212e-01
7.449860724591856886e-01
6.367024919526604876e-01
6.344701375706229829e-01
6.408566985543782124e-01
6.595831287804362342e-01
6.363959921783054474e-01
6.375749473517059451e-01
6.294702607518897208e-01
1.092246746314134320e+00
1.091617510329353280e+00
1.086219872668698905e+00
1.085244988069404171e+00
1.075544084355154251e+00
1.121446516129318782e+00
1.093287794040833649e+00
1.145874498855683932e+00
1.069274314152738103e+00
1.132733276254118238e+00
1.145191586418620178e+00
1.127118974672129070e+00
8.610190619731196149e-01
7.448455044728553576e-01
6.172518328408875821e-01
6.153379997894845577e-01
6.526790246459016620e-01
6.243570752612543906e-01
6.190563291445014826e-01
6.071240970692390881e-01
6.494231959511701513e-01
6.101570329326551079e-01
6.110492962845549547e-01
6.103670018064578651e-01
6.316546949077429529e-01
6.010502942337812016e-01
6.160600665811943877e-01
6.128451564970529564e-01
5.988638492297375659e-01
7.133628124405173576e-01
5.846455024766418207e-01
5.889720416314958573e-01
6.201639169515452688e-01
5.764685435572722838e-01
5.724705896669751715e-01
5.215457529315302709e-01
5.004325988585796026e-01
4.595270276329522230e-01
4.538121684841566750e-01
4.510310040835918133e-01
4.492222513292292163e-01
6.334347961244917169e-01
4.541780350783766185e-01
4.469248572245296813e-01
6.312808237712711490e-01
6.129507707607735334e-01
6.128669764378628093e-01
6.152842877830165813e-01
6.177044337162811427e-01
6.840632625545858270e-01
6.066420162195762522e-01
6.593962594995409487e-01
6.779615497766473542e-01
6.586708399358417454e-01
8.772882962938034490e-01
8.863064413830388233e-01
8.713029330320343213e-01
8.734851209579934661e-01
8.621360419877711623e-01
8.525683335680620534e-01
8.859956386057747935e-01
8.512591434723802974e-01
8.950596063418279069e-01
8.663238481306400063e-01
8.518419553712121006e-01
6.716483558506041174e-01
7.206493488414768001e-01
6.826495234201734874e-01
6.762602220274847031e-01
7.450551687913035126e-01
6.768150103793963979e-01
7.105997443430248639e-01
7.190494069100348273e-01
7.159335768984986803e-01
1.820386135263774019e+00
7.276889127835185489e-01
7.252028606372087349e-01
7.307937092470493390e-01
7.310025968148877729e-01
7.315953003095913010e-01
7.691002229485425223e-01
7.307290392482347352e-01
7.365878282320881265e-01
7.397374671174707927e-01
7.398139463994295451e-01
7.453204828458972475e-01
7.706985341598757699e-01
7.223034218913720883e-01
7.775957197300666923e-01
7.837998367055809545e-01
8.109101263046025743e-01
7.303431305533787388e-01
7.234177185984334013e-01
7.057350732495717427e-01
7.224362934293775407e-01
7.097483792534690084e-01
7.103011949148883009e-01
6.694066955184578838e-01
6.682669168936226090e-01
8.379871749460710006e-01
8.202570888500266832e-01
8.225643288487594074e-01
8.178973657668865416e-01
8.350362405242575115e-01
8.475245915747197101e-01
8.653291360586717884e-01
8.245873043968401372e-01
8.312712273519008432e-01
8.495291915139174810e-01
8.293307820949015197e-01
8.716059830911329076e-01
8.432505889568482349e-01
8.862938762818818317e-01
7.358199983645006270e-01
7.413859766549324437e-01
6.537181109110579147e-01
5.762543050031690983e-01
8.034522097609579916e-01
7.844246955770245444e-01
7.933791324414239954e-01
7.921728568841220897e-01
7.903339205575485860e-01
7.948737832188608188e-01
8.528024446150247462e-01
7.858929564591980999e-01
7.919863385301436631e-01
7.886216864165905838e-01
7.961242739138226776e-01
7.999913561560956232e-01
7.921784809922594039e-01
7.897215389566679677e-01
8.240867405311028682e-01
7.454574498492230195e-01
5.862436257887704283e-01
5.794521221042191472e-01
5.827959229673054242e-01
5.873534861152153175e-01
6.071127201930047734e-01
6.031470615233504029e-01
5.748430242354652941e-01
6.960037404632777314e-01
6.952215885258636874e-01
6.950001857758192347e-01
7.066343221776471006e-01
7.354151265967864282e-01
7.117119501472305432e-01
6.945101058662825899e-01
6.898436083492349713e-01
6.881656830303365391e-01
7.392254763008988538e-01
7.231417152904611179e-01
7.231242657003860153e-01
7.988412107459815781e-01
7.399947932115669147e-01
7.368290588803820818e-01
7.292805000636866097e-01
7.410860371827364679e-01
7.313071593765951839e-01
7.789407974164961335e-01
1.130167573248891166e+00
2.054672036298384683e+03
1.077382136050195394e+00
8.344534244293442260e-01
8.336872114680667911e-01
8.556565433391042363e-01
8.362835698443740196e-01
8.428346063911614783e-01
8.460175072373861127e-01
8.453893754062973276e-01
8.496183598171376250e-01
8.480551516203165274e-01
8.492179416175664741e-01
8.592011210188634784e-01
8.695678395379871084e-01
9.640502581992326236e-01
8.024371738254529873e-01
7.822104045071357481e-01
8.056797082509247199e-01
8.015835422744315153e-01
7.427605101027960899e-01
7.448633128538728609e-01
7.115382690895042384e-01
7.051995515541644721e-01
7.082905781257160527e-01
6.958735352612779312e-01
7.042445309497210593e-01
7.425599113502313608e-01
6.805811327493460627e-01
6.670610923881321597e-01
6.848605027289085267e-01
6.840719878981645907e-01
6.766487839556358797e-01
6.701753272585264654e-01
6.653712485205003357e-01
6.838422164279119864e-01
6.783462278618359598e-01
6.999624512592994563e-01
8.219181021861636793e-01
7.669145685952619695e-01
7.704892918692586301e-01
7.718855028316677913e-01
7.709572353113658405e-01
7.618089166673263080e-01
7.562890002827885594e-01
7.538926387411382102e-01
7.693026005109248056e-01
1.718630576496677609e+00
7.461366439658623229e-01
7.521490574907729876e-01
7.406145463959302733e-01
7.277580975073320024e-01
7.364676937251183331e-01
7.185282448151235624e-01
7.157034108911797254e-01
7.112778370418239016e-01
7.630910729626769751e-01
7.657499542194980968e-01
9.728115315302744426e-01
9.496458350652811076e-01
9.741658807822731747e-01
9.458585445222613686e-01
9.652736085504440844e-01
9.605639669846026685e-01
9.673375802480667085e-01
9.748878754204916008e-01
9.665523487209815023e-01
9.590435826002271513e-01
9.537417163327523983e-01
8.761588328492685429e-01
8.780737479843159221e-01
8.822736724584878676e-01
8.700148733699569759e-01
8.476892421563190227e-01
8.457282386322299006e-01
8.752796191705767281e-01
8.670909530068028337e-01
9.133328230970971795e-01
8.722162698097341016e-01
8.750742699295824822e-01
8.776576775441993217e-01
7.570095529404879953e-01
7.521017316355496085e-01
7.576586036016638159e-01
7.511638910351173815e-01
7.550569920136515067e-01
7.247502050746010838e-01
7.245252142051848976e-01
7.343578171868593296e-01
7.228779716264476241e-01
6.967868772057088655e-01
6.804819532017066797e-01
7.060512145689376018e-01
6.791989282117831817e-01
6.746348654474157991e-01
6.681068428181153873e-01
6.379841968090409488e-01
5.997445393214200227e-01
6.000575358144020210e-01
5.977313774002339652e-01
5.942246374044259927e-01
5.956377342313539103e-01
5.976569035007583963e-01
5.991281482775701051e-01
5.980957983127990207e-01
5.761159886746689551e-01
6.042638483923132853e-01
5.944666174453141494e-01
5.818837278565868187e-01
8.096294807839969909e-01
7.679368024603198117e-01
7.790779049246575605e-01
7.929311101453494492e-01
7.769429281525231934e-01
7.788119217731193089e-01
7.696755359472412517e-01
7.869890601971814004e-01
7.691816633290704530e-01
7.669991316678703708e-01
7.630100842939595562e-01
7.709535307317680886e-01
7.094992944672146029e-01
7.023094364721471639e-01
7.197197123282950137e-01
7.431295038909925266e-01
7.382461865780931554e-01
7.356379697073057722e-01
7.401545691623601098e-01
7.284730046367710043e-01
9.294357289376439235e-01
9.194359197304277087e-01
9.182386278307235195e-01
9.084380396930793466e-01
9.218254205309638349e-01
9.176210572015389699e-01
9.236109917540746839e-01
9.408367339643366467e-01
9.420017132205062982e-01
9.245156904576093959e-01
9.301803632938285826e-01
7.807619015545786967e-01
7.870262184512080150e-01
7.747382328304948107e-01
7.486106409672144135e-01
7.500412022701374859e-01
7.193347077192112637e-01
7.254978318297506945e-01
7.224249175766456199e-01
7.140600113533502880e-01
7.312903586759702534e-01
7.044961181209917767e-01
6.930825327553438164e-01
7.015883009885595101e-01
7.094488370962965806e-01
6.928656657145326747e-01
7.058589587175235769e-01
7.006634807191602921e-01
8.069085735177129459e-01
8.086437324943075433e-01
8.678542920416287831e-01
8.178730149444574105e-01
8.213399086332604515e-01
8.208041516176147745e-01
8.154703155105509360e-01
8.021919878152043992e-01
1.081427006380347500e+00
1.068910259284552078e+00
1.080675651066130172e+00
1.081636465282686421e+00
1.088189731391220993e+00
1.070970365280023318e+00
1.070086587788697141e+00
1.087890683750429410e+00
1.147137071035624789e+00
1.094693281770182214e+00
1.119794202890518342e+00
9.146503265683157968e-01
7.995207321299817593e-01
8.011346143099113970e-01
7.981833259043531470e-01
8.042271855041566164e-01
7.978402507018117484e-01
8.082240902976313146e-01
8.176792781067651061e-01
8.206329013076562040e-01
8.179726166465685067e-01
8.050844223174711267e-01
8.280402474703498772e-01
7.953319391313702358e-01
7.833663027673339885e-01
8.091146198413938784e-01
7.740526296979289844e-01
7.724235063473897656e-01
7.886690272799521395e-01
7.884290435021897858e-01
8.372740531581120749e+00
7.311456098823788663e-01
7.597378110635286674e-01
7.270538434811038009e-01
7.203670931235939268e-01
7.704184106497951046e-01
7.883130065642898199e-01
8.672669539925450533e-01
8.657331525114189130e-01
8.801479571011668890e-01
8.643382920973756711e-01
8.676721219605614266e-01
8.709914483938747676e-01
8.881942699805558394e-01
8.858182069645748058e-01
1.111462113401177065e+00
1.110584716985088427e+00
1.102609895858765787e+00
1.102606539454208612e+00
1.099803228116249310e+00
1.120762841521560249e+00
1.128308166253757960e+00
1.102171790343654312e+00
1.104617028924794297e+00
1.110425549874327844e+00
1.125834369597395135e+00
1.072090038422295111e+00
8.771861671378556879e-01
8.675972039152060056e-01
8.613664870457911071e-01
8.941677521271054196e-01
8.856329505024996829e-01
8.785576699428643277e-01
8.773894983102596967e-01
9.115257840526721500e-01
8.848743930987206241e-01
8.828108347025792613e-01
8.761714035123100430e-01
8.879365971385210221e-01
8.698194084705672680e-01
8.779753620676841175e-01
8.709543719012681207e-01
8.726677620778362510e-01
8.705485429493088345e-01
8.701747022792585273e-01
8.675131783870133617e-01
8.824352552269874028e-01
8.779346817817612614e-01
8.648326955598938381e-01
8.471894709876155449e-01
8.470037797146602321e-01
8.410161221089145211e-01
1.323658949781146621e+00
8.748642619645027318e-01
8.512931475885145982e-01
8.848513118728820182e-01
1.843069923904519625e+00
8.149845215727447023e-01
8.193342751313767991e-01
8.171714920744482802e-01
8.141713368096283876e-01
8.054802838606641702e-01
8.141712115160998353e-01
7.700791680638073844e-01
7.043748548014463484e-01
7.047829893598125395e-01
7.023060484091726563e-01
9.617425135409840564e-01
9.583662198621791806e-01
9.498620531755751495e-01
9.785492413702607806e-01
9.634322897483742487e-01
9.618704172441213673e-01
9.761501831940995189e-01
9.765182333628005251e-01
9.807582023323412335e-01
9.680934782401068306e-01
9.865032145523922047e-01
9.619015444478383747e-01
8.591620197677682924e-01
8.736623782519535863e-01
8.588251120336797273e-01
8.577262826980344146e-01
8.612216764280189452e-01
8.702245045958920677e-01
8.879958209775347111e-01
8.627806810132705451e-01
8.662924894742052295e-01
8.821899542882036815e-01
8.701675015614086517e-01
8.850736905385698794e-01
8.659749390835920213e-01
8.762129598115774298e-01
8.715474801317842912e-01
8.167791776897904699e-01
7.999253473245813151e-01
8.298588578194343590e-01
8.063945573466356764e-01
8.195948064839999603e-01
8.155401088496436746e-01
8.193741478924897459e-01
8.178834058207404833e-01
8.162002052752470593e-01
8.150834237638284741e-01
8.088868842638224921e-01
6.748831520306144416e-01
6.768297063023244187e-01
6.741292147154103187e-01
6.787423821025757587e-01
6.788145117385075977e-01
6.699049739622588984e-01
6.604900236687770709e-01
6.684759492112988255e-01
6.442142667477952500e-01
6.280057062974753190e-01
6.229016795921745731e-01
6.037732906352423212e-01
5.699160736164958774e-01
5.224164330091435327e-01
5.202627470682222866e-01
6.785907234165822199e-01
6.945256519869552614e-01
6.865410618091828399e-01
6.906848604275852566e-01
6.873413414207089067e-01
6.872546179680829592e-01
1.171072460178016916e+00
6.848200022224025796e-01
6.616350771495257410e-01
6.700972793310866482e-01
6.928247730153868078e-01
6.707796819328770699e-01
6.795953061431870834e-01
6.786321168112084967e-01
6.622209525378799366e-01
6.341934476494914819e-01
6.238176815381736295e-01
6.306529321036424829e-01
6.382716417335321246e-01
6.367124022921396564e-01
6.311672810395771993e-01
6.363554177119737920e-01
6.349276108583756795e-01
6.523500097021159849e-01
6.255198317875443337e-01
6.171273809797047649e-01
6.779251204865273106e-01
6.098389556692563884e-01
6.280418451703628779e-01
6.123322542559208603e-01
6.095320765102013594e-01
5.871068268791514999e-01
5.914421768033981675e-01
9.085928418679545260e-01
5.932856642631004762e-01
5.878351183507740663e-01
5.885909592564627646e-01
5.901340259460237103e-01
5.837476986333978157e-01
5.848983213303098339e-01
5.888759482198413497e-01
5.942922567113630983e-01
5.950966770442226439e-01
6.142604583425488318e-01
5.949020768342242471e-01
5.998533117825780581e-01
6.683051122735901295e-01
6.607891318817129545e-01
6.639946879634340826e-01
6.978930721480610666e-01
6.704134169686656319e-01
6.555350671583275446e-01
8.727540566642684183e-01
9.614804920554660406e-01
8.813184767906314665e-01
8.819677325792357747e-01
8.746062072036709933e-01
8.680299945366749537e-01
8.637863637719339627e-01
8.648463938250245953e-01
8.489965331835396256e-01
8.595100967108676437e-01
8.533245352920380000e-01
7.148104232374203892e-01
6.878202227162579785e-01
6.942458035684508921e-01
6.909087848358708150e-01
6.979179043704351049e-01
7.029509064412451380e-01
6.924669928469012747e-01
6.469327655183645387e-01
6.459531477740876326e-01
6.404288539434432881e-01
6.413458145149650846e-01
6.479613045192911258e-01
6.456096715058220470e-01
6.465122145086024119e-01
6.540699391507002192e-01
6.550010418471575724e-01
6.510592779212324155e-01
6.640441918071543492e-01
6.561607096296553365e-01
6.164862128390790064e-01
7.263601596020813345e-01
7.100546810872452319e-01
7.113820732495901300e-01
7.010490418681424307e-01
7.164758009195361099e-01
7.092070417386490133e-01
7.105883794835822220e-01
8.180555590724262194e-01
8.236499096881317872e-01
8.217276449970901675e-01
8.226183547646011007e-01
8.331907116912674605e-01
8.402535467808266434e-01
8.506164693220621409e-01
8.489090997234600700e-01
8.526113649796983607e-01
8.385742486721562416e-01
8.461304221616998689e-01
8.457312684898877775e-01
8.492153729311560095e-01
9.109470415451927927e-01
8.454614022418541763e-01
8.465281883353061865e-01
8.393167448062629488e-01
8.231294759934123517e-01
8.234882294115013490e-01
8.254657958621278713e-01
8.222255278823801250e-01
8.382602767694662393e-01
8.331205125824057145e-01
8.269305680053923302e-01
7.232487766849020616e-01
7.314619886359582379e-01
7.207871426831710115e-01
6.549751748546039920e-01
6.965926735420738813e-01
6.672739321985806660e-01
6.637354254687992672e-01
6.669827867318863790e-01
6.660577966555587537e-01
6.644615858404058217e-01
6.776539800224505861e-01
6.748343050513978536e-01
6.895362183836279968e-01
6.863030888407255503e-01
6.812505037809305497e-01
7.049436518101952487e-01
7.190674699516589330e-01
7.025889572854029375e-01
6.997420283765339866e-01
6.960140261230537417e-01
7.202088708634873937e-01
7.062126607451424398e-01
6.841501920894168531e-01
6.983627940751642171e-01
1.047492515446959205e+00
7.106122500465406056e-01
7.057842600090259433e-01
7.128988349659794999e-01
7.071602742844763645e-01
6.835912348120982696e-01
6.867837732229068459e-01
6.895484698240553767e-01
6.851276261116033828e-01
6.881320437404208068e-01
6.871215101168127726e-01
7.024497009530051850e-01
8.079472996774886839e-01
8.288249102740183893e-01
8.131525984775594962e-01
8.115904790111486689e-01
8.107650007936391123e-01
8.204097478920976405e-01
8.064465628874366576e-01
8.101697129276245191e-01
8.055568670966771760e-01
8.169403886937002257e-01
8.033324895063319593e-01
8.431283823884150319e-01
7.118389225602632653e-01
7.114612773980256710e-01
7.285865686541082020e-01
6.935458804160558044e-01
7.026179675903653221e-01
6.996398613530750987e-01
7.081587328837579687e-01
6.979339081391142674e-01
6.987401468338036992e-01
6.965531983824788664e-01
6.879182263680758691e-01
6.563968137774773837e-01
6.709266510739396727e-01
6.630143922059787975e-01
6.503929067071003711e-01
9.837187158351331506e-01
6.480046478267360577e-01
6.447112133992469740e-01
6.500752938456428875e-01
1.124511007046663291e+00
6.994166072407014267e-01
1.623477126614805499e+01
8.753048518199869621e-01
8.477162539059166502e-01
8.503361924967860475e-01
8.461910087568842442e-01
8.428259346246997907e-01
7.417533826862763302e-01
7.030825478097065817e-01
7.223315172501132420e-01
7.019922378620886416e-01
7.027555359068495822e-01
6.912691734065768978e-01
6.996430208345184587e-01
6.936660520575357314e-01
6.414907617783893734e-01
5.873628922483962178e-01
6.079537939999628549e-01
5.958521892971113676e-01
5.988582691791953794e-01
6.236501437802393077e-01
6.128895783780465845e-01
6.048331839513809705e-01
5.937350693653030698e-01
6.988095234328721705e-01
6.984483666982055361e-01
6.964214362013858572e-01
6.990740227744858259e-01
7.024350457216043120e-01
7.297766645794590001e-01
6.941053613061684002e-01
6.990764914674548747e-01
6.954538164938437461e-01
7.166540690647432710e-01
7.182373412014397829e-01
7.032470615161466876e-01
7.131026158774352863e-01
7.130091095057191630e-01
7.050417668693578221e-01
7.070491527876009430e-01
7.066797023511531828e-01
7.024922308315306729e-01
7.026222866301112813e-01
7.032295915092815486e-01
8.024898221035715595e-01
8.148744592880550197e-01
8.063588531137064752e-01
8.092851877577749153e-01
8.097529256548965382e-01
8.131795596498205825e-01
8.087557909757511210e-01
8.341121465292782311e-01
8.291369739517087112e-01
8.285295995354365894e-01
9.307004986557004811e-01
8.311662921041227392e-01
7.293395965413640436e-01
7.273842979143836374e-01
7.171768126107166408e-01
7.525102620183461433e-01
7.163319492195371341e-01
7.190057940854449603e-01
7.429800534676531676e-01
6.852916994732112244e-01
6.831453153886228868e-01
6.790029159555647231e-01
6.713785793446138683e-01
6.810336294847153527e-01
6.744765971247264069e-01
6.718534117274554962e-01
6.780405500438895228e-01
6.858675242663168081e-01
6.841638856084679698e-01
6.972307552314518375e-01
7.090068369244897362e-01
7.107895145449592000e-01
6.327443414842135461e-01
6.308136635754673094e-01
6.348943213827064058e-01
6.278222969401670017e-01
6.331390544659187825e-01
6.296388011486410141e-01
6.327221431889624714e-01
6.293390194383433611e-01
6.308736653156988838e-01
6.615594687346135760e-01
5.874252132674866456e-01
5.976160435191669729e-01
7.654675010035808524e-01
7.596555207095069262e-01
7.619531332057454254e-01
7.593205510204326103e-01
8.916045115883441952e-01
