5.042619662237295408e-01
3.441904157154384580e-01
4.586201253325981608e-01
4.410063992057864923e-01
4.431277924119083056e-01
3.944878448466073717e-01
3.407135513066534838e-01
3.363269485456382712e-01
4.371516700735267325e-01
4.781802310517636601e-01
4.127608635708736040e-01
3.721912864450074299e-01
3.581507138712443084e-01
3.553223194123872331e-01
3.965673256759233434e-01
3.212672734400542351e-01
3.302876965246880903e-01
3.189993982198106592e-01
3.095436906170935254e-01
3.010307872626055148e-01
3.022152824146909778e-01
3.019865609694685205e-01
2.985695256695696798e-01
2.999334949542392104e-01
2.991708809070448005e-01
2.984053183574135737e-01
3.155544508977811136e-01
3.177249278412539457e-01
3.116638945877250322e-01
2.969926610032824765e-01
2.942641275911496712e-01
2.932274665273094105e-01
3.082097823035381823e-01
3.319043649563056531e-01
3.113489717302899140e-01
3.416317176545728418e-01
3.627455637707800440e-01
4.034447621343688617e-01
3.309197522874123276e-01
7.583251151313610272e-01
3.959747131163959266e-01
3.987358388566200618e-01
3.767184155685294744e-01
3.895654127567318437e-01
3.948373750499168944e-01
3.840579346801295535e-01
4.032104332399593649e-01
4.318146533200580284e-01
4.119880656084969894e-01
4.222201044088723099e-01
4.172148633084774016e-01
4.268535307201681284e-01
4.038690026568624858e-01
3.772100414093609855e-01
3.907776163122920754e-01
3.890301079501346515e-01
3.974749751860882641e-01
3.718285986312975244e-01
3.699813771215281211e-01
3.808659730684979539e-01
3.686174470728684760e-01
3.789790403613288450e-01
3.616280903869700247e-01
3.612886697630991462e-01
3.777323142515599530e-01
3.564500460133033233e-01
3.894809567638977676e-01
4.044935231729586134e-01
5.537904271697624559e-01
5.389075713543483026e-01
5.465540508460915436e-01
5.198473211566012608e-01
1.266924811725726130e+00
8.615407458636825666e-01
5.369111540843877206e-01
5.456303483864385351e-01
5.338327219173824023e-01
5.311417935591682404e-01
5.259717790628706258e-01
4.075956061937484609e-01
4.218307023183905935e-01
6.422754881649236358e-01
6.192020068222362505e-01
6.142816699444921813e-01
6.203605720345246599e-01
6.177814817825354465e-01
6.228216110633729707e-01
5.843546204212172190e-01
6.129802769413280616e-01
5.816003750323750499e-01
5.506369372382757810e-01
6.032275928423880273e-01
5.517465562238073051e-01
5.704247046386173858e-01
5.575722778470934005e-01
5.644296572849891724e-01
5.647020651457396179e-01
5.219877325767154908e-01
5.105385899715374487e-01
5.043805960668374944e-01
5.002233933972992652e-01
4.926073296538066026e-01
4.900994000297101416e-01
4.840973482938467631e-01
4.837794860084265181e-01
4.727352275287151073e-01
4.714003705277162171e-01
4.593032433736152220e-01
4.599355636899521427e-01
4.686567933636986427e-01
4.902686364471696701e-01
4.929072582348492659e-01
4.766774824309489844e-01
4.801115174324488422e-01
4.725717403459828159e-01
4.632065647903269578e-01
4.588395857723915339e-01
4.788672258852053054e-01
5.031009896141629412e-01
4.918845490468443105e-01
4.935491011924304505e-01
4.805912092456060547e-01
4.850230477071765245e-01
4.790131407079578629e-01
4.754344911648186178e-01
4.730065055163585885e-01
4.713920657797678881e-01
4.725529680317230308e-01
4.750536325956808414e-01
5.195044450800205826e-01
5.276742366701999698e-01
5.112329889954810858e-01
5.065469957497750197e-01
4.974488451085286034e-01
4.922074303742653978e-01
4.907307225599531475e-01
4.854299958191268249e-01
4.832314030996853194e-01
4.843579864763657428e-01
4.890394855207457758e-01
4.780509683793256470e-01
4.704933485237566271e-01
4.712551314024352456e-01
4.619549301461705615e-01
4.788358087103992689e-01
4.668551812475571494e-01
4.610632971983848472e-01
5.076834953625160018e-01
5.296088249619788080e-01
5.127930000178642089e-01
5.158883037134914806e-01
5.133262681937820204e-01
6.561580028947109344e-01
9.860457733768666078e-01
8.188556117309939708e-01
8.852591078454332685e-01
7.907659567634917064e-01
6.897468606778167644e-01
5.764247724605202627e-01
5.689102986756167102e-01
5.690224305020133988e-01
5.826184173411439460e-01
5.815465432862523265e-01
5.893467944109773704e-01
5.753537938137863739e-01
5.828433182749223063e-01
5.741864341152205231e-01
5.716156771608158493e-01
5.768963555134462018e-01
5.765563969894944574e-01
5.710754118055644257e-01
5.708676627945676874e-01
5.710137383833365776e-01
5.765974292593853967e-01
5.852233818136681753e-01
5.751465267441338014e-01
5.715090975881860214e-01
5.699602084651945733e-01
5.643871331324852303e-01
5.664730860489074482e-01
5.718578574411694593e-01
4.975053141636665011e-01
4.892566969983813130e-01
5.313254890806672348e-01
5.298030220565284054e-01
5.196478080051516457e-01
5.169571451693515396e-01
5.104980164674024490e-01
5.189814560311716285e-01
5.197165139736503736e-01
5.145968254458244129e-01
5.107404714228015452e-01
5.079415513815964678e-01
5.071634890959734188e-01
5.217796065571744801e-01
5.262717748273000318e-01
5.257980209135808547e-01
5.227806586991453619e-01
5.190711044074851621e-01
5.127515682196568392e-01
4.932806451247641055e-01
4.748036003227070756e-01
4.727833467928108657e-01
4.661029970495056407e-01
4.681164917874015563e-01
4.683418465824011889e-01
4.714313915707223357e-01
4.704831093035555800e-01
4.149918359654477529e-01
4.107736294384694009e-01
4.085043594097126918e-01
3.988094858522431840e-01
4.036418662218893005e-01
4.044716426113765806e-01
3.891819107928821131e-01
3.864381945661730100e-01
3.897817820364425367e-01
3.902980883272290646e-01
3.785084834884896443e-01
3.757169238382520038e-01
3.505848729695694721e-01
3.495103423258441033e-01
3.494699476469975696e-01
3.259343808370462336e-01
3.273344820986882620e-01
3.265288396922930159e-01
3.256135873777497025e-01
3.250720659392499767e-01
3.255354749206363918e-01
3.270217085836057969e-01
3.286277844631890765e-01
2.800005190749036421e-01
2.780644489087812921e-01
2.742871791262562753e-01
2.648505399591800091e-01
2.636006115815526796e-01
3.068379223158676505e-01
6.945102637417734925e-01
6.897678692332891437e-01
6.853157166727041893e-01
6.819616493039287741e-01
6.623212658834128908e-01
6.928007141551761894e-01
6.911424160991590515e-01
6.733139433998532875e-01
6.867311474027093521e-01
6.846623198805317223e-01
6.837157731526742888e-01
6.800243798399862039e-01
6.862022711301858369e-01
6.846627920262425837e-01
6.836198303239967577e-01
6.742744731947829528e-01
6.606132801334936300e-01
6.658105925261029734e-01
6.652250145531912739e-01
6.643738801043943543e-01
6.650998145652221583e-01
6.667605555499611647e-01
6.647618176925857991e-01
6.423509902403513605e-01
6.287129270406377479e-01
6.278942543094848672e-01
6.239124961017494808e-01
6.268081344613630757e-01
6.272045382490849530e-01
6.290441226745215886e-01
6.142287688091099263e-01
5.919525468767911081e-01
6.130619198733504582e-01
5.656349126377222536e-01
5.683782066265390398e-01
5.675416456904263107e-01
5.642847501191321502e-01
5.597543267426232649e-01
5.215344359100263505e-01
4.855512541010814087e-01
4.837099118235232975e-01
5.472235106212159916e-01
5.450819380946059223e-01
5.505791174845322544e-01
5.593199109402267055e-01
5.437407460297178918e-01
5.312711700628605094e-01
5.304128909100200850e-01
5.299345714710376187e-01
5.294953635398655933e-01
5.272978937826134915e-01
5.271357334775965686e-01
5.202686057164094269e-01
5.283261820700294598e-01
5.282430502085904145e-01
5.258828743947323581e-01
5.278622242740584891e-01
4.929310814927962969e-01
4.718867854939928774e-01
4.613775471326033717e-01
4.601973342610159445e-01
4.624248313506923447e-01
4.610925763347596407e-01
4.616326383344614981e-01
4.609275363663713487e-01
4.402938213734468031e-01
4.412514364195816441e-01
4.404985505581601180e-01
4.054691332622920585e-01
4.005834999474591207e-01
3.925893347926073251e-01
3.947024585818801889e-01
3.931294060974348525e-01
3.900525120871827234e-01
3.666650654146065280e-01
3.600361950072635819e-01
3.600585879971369696e-01
3.624892231902853146e-01
3.400275231419354061e-01
3.423477064968120653e-01
2.913150910186245168e-01
2.910065150691721336e-01
2.911309082052727648e-01
2.968246691125512315e-01
2.981625338790243607e-01
2.984421873395256553e-01
3.015111250475766558e-01
3.036855743050179135e-01
4.185398477956044916e-01
4.885941058466444220e-01
4.858313884192151932e-01
4.871051045790413259e-01
4.864192995402078501e-01
4.862897458447300592e-01
4.866493049240351310e-01
4.855949947940894629e-01
4.867251458962506550e-01
4.876746540666236918e-01
4.895902259249725330e-01
4.901601543132485528e-01
4.891069426281934862e-01
4.155016942963895565e-01
5.719819347904642193e-01
5.696401667550814452e-01
5.677192362886059884e-01
5.652438801033753402e-01
5.642103960047808453e-01
5.669597380199642433e-01
5.648485136344417734e-01
5.596770941504816133e-01
5.538962538790858092e-01
5.550723298327788768e-01
5.546217642688945348e-01
4.881222612966212293e-01
4.939875320689766647e-01
4.914119623037851992e-01
4.957664139314660323e-01
4.971360504938752700e-01
4.438861883598346769e-01
4.464954544511656742e-01
4.453739672638198921e-01
4.404817136345591799e-01
4.415990717577013558e-01
4.385590312320006290e-01
4.368342710294132458e-01
4.429388711995488892e-01
4.445991311526297229e-01
4.438183409228840248e-01
4.442505778004466332e-01
4.416729324373360188e-01
4.418345564547001003e-01
4.385112189401473848e-01
4.366210073938768810e-01
4.094444666169927971e-01
4.090596281086785746e-01
4.090334293112721231e-01
4.088499407708460764e-01
4.102059283935814982e-01
4.090549163295732482e-01
4.086040071338860047e-01
4.082687501530095631e-01
4.090583551463977674e-01
4.067845437910331263e-01
3.949776282867762944e-01
3.954694291640924453e-01
3.953598394316714115e-01
3.953226720409969142e-01
3.960256103588826737e-01
3.758986521749966281e-01
3.878190995513187134e-01
6.650756556624712879e-01
7.332980914701286990e-01
7.326880984718814327e-01
7.243723278033902258e-01
7.228234139545626213e-01
7.220271838316278945e-01
7.208844686300261984e-01
7.144025076937995378e-01
7.147653129773778868e-01
7.189817469355423984e-01
7.172778911990896900e-01
7.231046681091265471e-01
6.025978997785375046e-01
6.206472153038928852e-01
6.188238389125917394e-01
6.079600413689871807e-01
6.159381119442917107e-01
6.229067942754515919e-01
6.135190943524745366e-01
6.147894124716744013e-01
6.130032920364785198e-01
6.425887710130484543e-01
6.902850154852413489e-01
7.303341005873033032e-01
7.267196849289501159e-01
7.267328864670384858e-01
7.259293467146490375e-01
7.301781623411205402e-01
7.257963204053802242e-01
7.269931697555434003e-01
7.285624885222865554e-01
7.280422068728084062e-01
7.199528122917514539e-01
7.284388063511070266e-01
7.123996569390015354e-01
7.017461614183778673e-01
7.037922930643084607e-01
6.782513444682484183e-01
6.829875953709200198e-01
6.806476374962228126e-01
6.812162541249073833e-01
6.806309233215291910e-01
6.838396606556896851e-01
6.797486031018661334e-01
6.795042037447911465e-01
6.323636205642093611e-01
6.327038114386419609e-01
6.352279481793804417e-01
6.363032391379255248e-01
5.936457425460813786e-01
5.817650920974063444e-01
5.823443162749888380e-01
6.345382054181796239e-01
5.708270968042368221e-01
5.649293873836623847e-01
5.608872465322896073e-01
4.926166262951581776e-01
4.905018072715665589e-01
4.887541733281041134e-01
4.328323848431566701e-01
4.320166177854398160e-01
4.301049428667003682e-01
4.291316533186642079e-01
4.280306173733828823e-01
4.306862546845084405e-01
4.285248510866870308e-01
4.241583010940027654e-01
4.244926826908995698e-01
4.276841401155692668e-01
4.274518931198906246e-01
4.277807000962348116e-01
4.264362401621222265e-01
4.275522245808559552e-01
4.259978962221848686e-01
4.274395131513087365e-01
4.072456875419460109e-01
3.954428688631019262e-01
3.947028429646980419e-01
3.947908634236368397e-01
3.946989807402104256e-01
3.957149061800585566e-01
3.963628816085721929e-01
3.949043356591074305e-01
3.946991377621655861e-01
3.953115660473028314e-01
3.947844388489864520e-01
3.941474175975820393e-01
3.904989479546496223e-01
3.562707971896127979e-01
3.438271136860296395e-01
3.445560384836893753e-01
3.450305463881984669e-01
3.349483656683812094e-01
3.343507106490248293e-01
3.330581146229781297e-01
3.357009908114219066e-01
3.361382650920605175e-01
3.366576183198481398e-01
3.361970925605944904e-01
4.790968884539624773e-01
5.794506665680609903e-01
6.662467880027977962e-01
6.650009920220949500e-01
6.577654724595705105e-01
6.611849780909325736e-01
6.595697019429297425e-01
6.579143642768494615e-01
6.797393345047098023e-01
6.794689036622844069e-01
6.796768816202622965e-01
6.796457669351944064e-01
6.804109739009711610e-01
6.809245224709369326e-01
6.805318020107360422e-01
6.802102277334196589e-01
6.809519073645402543e-01
6.804762697604840316e-01
6.807576862315107835e-01
6.562111793705358576e-01
6.555964855703533267e-01
6.530906143253371043e-01
6.526989055286422925e-01
6.545881358879671597e-01
6.531602732937188405e-01
6.534929569385509174e-01
6.097025949959675728e-01
6.098184570895841539e-01
6.097171315988726414e-01
6.099943280997371930e-01
6.100059668769328702e-01
6.102760222102039389e-01
5.640513784149255860e-01
5.638635951674544344e-01
5.635780869402345905e-01
5.434849160737107443e-01
5.436235252961619802e-01
5.437641461371622853e-01
5.022823731958561133e-01
4.983108479346992081e-01
5.017612213984669056e-01
4.975248566256754712e-01
5.007061968614763270e-01
5.003186162868726861e-01
4.968198569011277876e-01
4.965389789520595620e-01
5.007465605658150132e-01
4.962544279345131315e-01
4.961205504142117140e-01
4.996580062437052105e-01
5.010216402917051504e-01
4.881292754572644776e-01
4.598793014015648550e-01
4.263655992861492550e-01
4.251284431124098262e-01
4.241793143908494379e-01
4.218966281373828786e-01
4.213295884479101860e-01
4.212011730824782862e-01
3.792443728055705510e-01
3.786504807217688784e-01
3.776254239924847766e-01
3.764137959894905960e-01
3.764947347137053146e-01
3.759124949423290341e-01
3.749534515822621206e-01
3.728159532453031999e-01
3.726785767956634077e-01
3.704346134213341024e-01
3.699705103947324436e-01
3.692686825130384598e-01
3.681756484970224452e-01
3.677776413156950142e-01
4.263586656485024440e-01
4.251889241743917469e-01
4.248993104015972855e-01
4.239167849678396327e-01
4.236843585892097197e-01
4.228874067587196084e-01
4.220809783818184613e-01
4.520459345333612267e-01
4.516686753289920198e-01
4.510233498017188758e-01
4.557886196327489148e-01
5.736139651354191793e-01
6.527413256254065432e-01
7.060984679951112231e-01
7.062931143758981456e-01
7.058123026905096520e-01
7.038551783794592120e-01
7.079992730681649027e-01
6.869380222097105637e-01
7.018015790506129115e-01
7.030662435532584187e-01
7.010297531617960543e-01
7.011138674891124190e-01
7.002883119435793224e-01
7.000677191796160770e-01
7.621268313598739130e-01
7.611561178786714343e-01
7.203524029635312020e-01
7.088656083595495927e-01
7.120500112335141907e-01
6.961536814645159499e-01
6.996875018575703375e-01
6.863509678370914857e-01
6.994002966461084769e-01
6.996261049794185727e-01
6.862074899047994059e-01
6.998415318377195771e-01
6.540262893111845610e-01
6.558279767625108114e-01
6.559247474878387996e-01
6.535531939576278981e-01
6.558953384316446034e-01
6.473730090079012900e-01
6.498154413790968587e-01
6.493619566635926432e-01
5.690833018987466740e-01
5.693991685987024320e-01
5.394239561901298385e-01
5.397410905866142361e-01
5.392636767302632084e-01
5.403558771885286216e-01
5.179470953162383928e-01
5.191097059565141780e-01
5.094160585775004968e-01
5.087253608500030833e-01
5.091822007148473217e-01
5.085358711824629063e-01
4.498115839666984028e-01
4.468945404765001239e-01
3.733735831462149934e-01
3.713129608997772779e-01
4.053476211449957844e-01
4.058305785965312662e-01
4.049034396025956717e-01
4.057768952882009339e-01
4.056871957363533676e-01
4.052510453418459169e-01
4.068867771234921937e-01
4.112788914420690278e-01
4.094924072497209688e-01
4.053845980226674639e-01
4.047768557215427609e-01
4.052004893645065886e-01
4.049893948436980029e-01
4.049772723317008882e-01
4.047222279539174350e-01
4.051915024010280253e-01
3.687597607440441516e-01
3.687941394969075359e-01
3.762532221199985649e-01
3.746268523638242587e-01
3.786835283547990150e-01
3.720142739121581887e-01
3.693359054014073717e-01
3.603435002723819336e-01
3.597368712203531937e-01
3.597177916569607725e-01
3.465139518537853069e-01
3.465146849845171517e-01
3.465706017013549523e-01
3.221260366499476557e-01
2.936834639078696463e-01
2.929221313787745418e-01
2.924634027295184846e-01
2.701153344950210089e-01
3.196992699246437031e-01
4.016269982577073683e-01
4.817122516239505936e-01
7.570592647750303827e-01
7.554138689258937944e-01
7.928658929249526865e-01
8.625344137309308712e-01
9.667274311628391015e-01
9.959740430971186775e-01
9.953178131343785040e-01
9.951259130757259541e-01
9.950305771512208963e-01
9.819692232914808416e-01
9.947681208521451657e-01
9.814786803305209917e-01
9.940735136059689614e-01
9.811625384571946995e-01
9.939709977778168337e-01
9.811346795590751846e-01
9.676814904851762655e-01
9.310376295888385112e-01
9.303071860335223597e-01
9.660040868373442891e-01
9.660789462134922179e-01
9.302410861063330483e-01
9.299426598279993961e-01
9.727375739780372843e-01
9.145694290121495484e-01
8.954722885762181894e-01
8.936246477601710314e-01
8.847940073026862029e-01
8.934567386337668449e-01
9.895889613677059105e-01
9.195322887661542266e-01
8.975324109280196083e-01
8.743207357454018114e-01
8.438629563844587400e-01
7.670944540988240412e-01
7.578918841472037649e-01
6.945529080931537314e-01
6.948790008679812669e-01
5.080803361457300049e-01
4.811523475112677306e-01
4.266663107184628934e-01
4.285249494912870549e-01
4.277141039034677017e-01
4.259686454281655932e-01
4.243633205584303458e-01
4.238547102678061340e-01
4.233325013511298196e-01
4.227693639500886835e-01
4.465953542544783827e-01
4.844284175411058269e-01
4.833405960859630257e-01
4.831610859533609359e-01
4.828710055799735335e-01
4.913078385902873157e-01
4.888181629524258609e-01
4.851728458537100108e-01
4.831308048548309531e-01
4.819846935102779506e-01
4.822186128925551873e-01
5.143774708504802451e-01
5.128186010303840137e-01
4.959835631987972726e-01
5.008652327852172181e-01
4.862232418440837201e-01
4.809219312733911122e-01
4.670781982809062427e-01
4.657864711019084059e-01
4.672709430495798344e-01
4.657726724253814510e-01
4.666519780660131067e-01
4.672678487091491695e-01
4.666796147100742420e-01
4.382387441994610167e-01
4.362622448773996742e-01
4.382242876809852583e-01
4.386474260341256537e-01
4.139663462543526906e-01
4.149198765020065682e-01
4.029818286455179588e-01
4.024512215600517528e-01
3.620737986535979003e-01
3.293664876937421604e-01
3.271018123320466597e-01
3.276847527522370740e-01
3.278537994051869964e-01
3.106611382553381429e-01
2.822103948072591240e-01
2.845516510969397506e-01
2.939538940794111932e-01
3.010779850216334097e-01
3.017263248347423765e-01
3.018405413429915418e-01
3.018150028640544935e-01
3.017993159907448320e-01
3.016163546658620631e-01
3.020443533049782525e-01
3.006835408619477623e-01
3.020186826344799513e-01
3.020624494512350600e-01
3.014774785960865344e-01
3.016052701709601713e-01
3.022670215820100204e-01
3.022310257223881358e-01
3.022070857439674851e-01
2.933185479290540965e-01
2.934506877119465451e-01
2.935906134859317396e-01
2.939835994449643275e-01
2.941789192801869124e-01
2.936087506961768678e-01
2.941782439048709064e-01
2.941802164689876209e-01
2.820747444711166341e-01
2.858364800412634965e-01
2.874502149074871227e-01
3.388949614255702958e-01
3.345850430269867171e-01
3.581832248948543240e-01
3.549083071604361983e-01
3.542396634292928059e-01
3.543844593273344223e-01
3.544579236503015984e-01
3.993676907932409703e-01
4.705598975108742366e-01
5.804720823041505939e-01
6.257475419423134122e-01
6.313392960113306529e-01
6.304239773884976472e-01
6.339151388570900547e-01
6.328353913592120739e-01
6.494923679455929522e-01
6.951563187832330293e-01
7.032043731542314546e-01
7.013412068829869561e-01
8.188886530463760360e-01
8.530925535506606039e-01
8.758148545740285229e-01
9.172378046835208965e-01
9.135854728765653299e-01
9.153115778302246541e-01
9.118079420712001948e-01
9.071509964887927158e-01
9.049821635037930134e-01
9.040831859645641622e-01
9.024807111851785857e-01
9.016580930579775055e-01
8.863229751724708283e-01
8.849194868113268164e-01
8.703845221940684773e-01
8.720415339739859828e-01
8.541864252861929296e-01
8.645785234977021450e-01
8.707202750905082000e-01
8.539424320486557196e-01
8.541017033852735807e-01
8.696209818605089570e-01
8.696617704119171677e-01
8.327101757839746599e-01
8.361620315687606775e-01
8.362314041944182152e-01
8.348180319122898707e-01
8.321834655408210102e-01
7.857461688035386471e-01
7.859042770900028785e-01
7.860972250954243457e-01
7.756420749815680082e-01
6.913039184718858809e-01
6.958807613604475195e-01
6.749982860847911770e-01
6.797981301582355362e-01
6.496981248006861165e-01
6.487680913948657979e-01
6.345524185275878137e-01
6.207492964458430906e-01
6.199686380422740895e-01
6.160023011191704256e-01
5.908406193363016090e-01
5.736327076222895727e-01
5.020461413554251351e-01
4.923956638063514690e-01
4.923489156351247842e-01
4.924585572613239259e-01
4.926187323099335269e-01
4.925334069429314066e-01
4.933450613510448335e-01
4.941991322167246237e-01
4.952497820820344621e-01
4.941146558528678456e-01
4.931096457938170530e-01
4.933716363551460815e-01
4.933380927796689464e-01
4.923582111058753541e-01
4.922590624889604527e-01
4.923360961991813389e-01
4.923906050094326581e-01
4.920611053495925202e-01
4.534416547522015506e-01
4.536799566014916296e-01
4.537365179612978250e-01
4.536558397791248254e-01
4.534018468003996327e-01
4.450242133373702447e-01
4.451625597147512159e-01
4.455723021308981013e-01
4.201708924602078898e-01
4.200575520658180739e-01
4.143048430859221920e-01
4.133020234094522682e-01
3.685450799904050889e-01
3.687444671555746289e-01
4.560208398254670392e-01
4.553877412110381995e-01
5.108269017059805517e-01
5.478793035767767217e-01
6.016091830382167549e-01
6.229352670547928517e-01
6.238478956576434253e-01
6.236975619540099380e-01
6.237748514696269675e-01
6.235634437210151315e-01
6.234994654421012195e-01
6.241387939669559293e-01
6.237540896947318947e-01
6.237694820245820448e-01
6.239117781415938202e-01
6.239655476888638086e-01
6.185468632430255465e-01
5.936242952623452807e-01
6.012451354713528318e-01
6.012029670210408128e-01
6.013189455141257911e-01
6.014694590549243269e-01
6.015014305005992323e-01
6.013991961213552839e-01
6.014295283618391608e-01
5.462493196360852510e-01
5.465641767384685767e-01
5.468061961046399855e-01
5.465951851357149227e-01
5.459993072371052136e-01
5.075103930715971767e-01
5.081776388797865085e-01
5.075888983715586278e-01
5.083989622857703061e-01
4.511473751159832402e-01
4.505066581496753875e-01
4.501007239510333990e-01
4.134067937192984488e-01
4.344953978388305105e-01
4.344194590130950329e-01
4.897716804553306491e-01
5.046086112625494113e-01
7.211395156167182963e-01
7.211289189737647431e-01
7.210568189323043331e-01
7.216814758868428381e-01
8.044232400726436527e-01
8.122584931289279497e-01
8.121846038111860677e-01
8.122135996119587142e-01
8.123362174790581536e-01
8.123305221340795246e-01
8.123591791727015066e-01
8.120583203122936355e-01
8.116136038928893903e-01
8.115928864917617558e-01
8.116384073062398175e-01
7.499242901957668961e-01
7.500105484293003721e-01
7.405417740193664944e-01
7.422324252661200994e-01
8.780475208393003772e-01
8.589281867449477526e-01
8.863025841950433747e-01
7.547798434645800469e-01
7.539138960093298980e-01
7.575940301717282166e-01
7.185656365643282584e-01
7.270620336186122135e-01
7.270520906793594973e-01
7.270922291755818057e-01
6.745748641675363144e-01
6.722152433277257533e-01
6.739577384452709596e-01
6.738850778330998104e-01
6.493561312298941068e-01
6.499478316416910095e-01
6.499122666569625562e-01
6.484766440368103790e-01
6.513327904084739162e-01
7.135832036969408376e-01
7.123947944133179888e-01
7.336387335068316196e-01
7.811101857858195885e-01
7.782753606134524826e-01
7.786799759296140211e-01
7.792831695878675857e-01
7.675470966838189302e-01
7.781832103474088935e-01
7.782827830935892255e-01
7.784613880332466040e-01
7.786622686868795995e-01
7.683025631490318919e-01
7.685552386294680627e-01
7.796378179990191004e-01
7.610945177561031505e-01
7.309495664759482203e-01
7.368888578855641303e-01
7.322548667515738074e-01
7.318399716450946224e-01
7.371941208360708320e-01
7.267652875970092019e-01
7.320382982424242790e-01
7.321560697493744163e-01
7.217908202593260603e-01
7.109140634995575470e-01
7.110090500183905426e-01
7.114599090163861161e-01
7.117540659455192653e-01
6.607426180953855921e-01
6.650813301125584331e-01
6.607044421177239446e-01
6.653188097402477075e-01
6.641877657218393516e-01
6.606843222187973597e-01
6.521295130739134249e-01
6.464855925095689404e-01
6.451100210749675101e-01
6.384259576840550787e-01
6.385835386179434803e-01
6.088512704845987500e-01
6.135489624577840084e-01
6.081295049040754686e-01
5.960946945562974886e-01
5.521508549979936564e-01
5.541239520325274004e-01
5.480256145789785815e-01
5.637445301473339443e-01
5.844228686647581217e-01
6.276636135655871973e-01
6.517382595180709615e-01
7.572451317896330414e-01
7.572629661151404346e-01
7.545395271730480635e-01
7.573230055431586782e-01
7.571273202863365581e-01
7.571730463624881668e-01
7.596575886802894306e-01
7.582713194605918972e-01
7.568702712237864727e-01
7.537226580762880213e-01
7.571933704186275538e-01
7.576221928385735715e-01
6.571124608029518255e-01
6.487081212002042685e-01
6.486923094923073840e-01
6.536895356584873085e-01
6.486883436134900371e-01
6.488327335400053686e-01
6.485838842308845331e-01
6.535495307578115254e-01
6.534932036806588851e-01
6.324763776934396731e-01
6.257779705534667336e-01
6.257079280615999162e-01
6.235141050146018049e-01
6.258821491389733316e-01
5.910043697204780955e-01
5.750928858678671096e-01
5.816885693495053022e-01
5.787095811300342341e-01
5.598685178765563375e-01
5.595505136837960469e-01
5.422004216224582951e-01
5.404776528499584121e-01
5.295969201208764465e-01
5.302023330829450654e-01
5.049838465178235758e-01
6.545966570330066236e-01
6.687253907175783052e-01
7.009064674585328003e-01
6.997667452916863651e-01
7.010964224128142241e-01
7.655616334155803671e-01
7.652662098519315004e-01
7.500074657426802904e-01
7.650306004600548881e-01
7.649154553794069722e-01
7.572167937716191011e-01
7.649206683348995783e-01
7.649431193774404170e-01
7.649472511964459098e-01
7.649345176107417155e-01
7.571099128700201630e-01
7.493724888334108991e-01
6.999176143540744022e-01
6.998279139467054044e-01
6.994192126573838264e-01
6.998222622507697110e-01
6.997475736350979858e-01
6.993506767389108258e-01
6.997072640063096705e-01
6.993030145685610321e-01
6.996495006331446831e-01
6.922332265958386355e-01
6.973856484108362785e-01
6.912962708871415174e-01
6.921970941176213143e-01
6.857884550278191549e-01
6.857561844199990819e-01
6.860808321101441454e-01
6.859825235147987144e-01
6.644793190674904704e-01
6.640405360978717253e-01
6.604463799124649093e-01
6.482930556429593594e-01
6.477223760017848386e-01
4.980124168466923407e-01
4.980155540806892600e-01
4.751599125432647286e-01
5.420906131299165764e-01
5.418440203481982298e-01
5.769843528830762569e-01
6.141303905015087494e-01
6.129404949405216074e-01
6.128991224171591590e-01
6.140366710283570173e-01
6.127688179138034430e-01
6.142640965622391258e-01
6.144716207807923158e-01
6.145702033361328809e-01
6.174157553358852191e-01
6.146467142086624591e-01
6.151566562845530717e-01
6.284289034299500587e-01
6.332446998204690480e-01
6.402565467892138429e-01
7.174410675795668269e-01
6.573746351922057363e-01
8.630153706050813778e-01
7.915438948251063422e-01
7.071067724123224485e-01
7.498266310660193223e-01
6.045019934137862982e-01
6.063077461325370177e-01
6.064874741876962183e-01
5.786819880531717253e-01
5.775753551909954542e-01
5.776304792088462481e-01
5.790313894236320813e-01
6.366011878984267902e-01
6.520673201945969000e-01
6.839359336580249638e-01
7.734240914537230394e-01
7.702286822606263517e-01
8.829065685136369135e-01
8.830115639465552224e-01
8.829328124663743393e-01
8.835951418924210543e-01
8.840320928333456063e-01
8.845503419344122875e-01
8.838048435502898759e-01
8.839540859975749676e-01
8.842619682335637332e-01
8.847726910983754189e-01
8.856748598740004086e-01
7.737854150265381925e-01
7.734422759381819334e-01
7.740494884375563878e-01
7.729311049650111620e-01
7.737169626244914111e-01
7.734459499096062451e-01
7.733891753525603541e-01
8.231518856483216462e-01
1.167797879471980549e+00
1.082878794701653380e+00
8.424662682540868808e-01
8.405852349756399722e-01
8.403325950725043514e-01
8.574482246717403111e-01
8.688846491874224753e-01
8.808476256494403023e-01
8.948860630450313769e-01
9.025368449268347248e-01
9.095893827355411299e-01
9.133359341685381994e-01
8.971503944304496381e-01
8.889249867242504655e-01
8.969496202073338198e-01
8.103348341945288968e-01
8.136516802861488706e-01
7.992711218919860139e-01
7.847796580073029826e-01
7.840652588615698582e-01
7.828743270245660524e-01
7.830362526636143183e-01
7.824892668612584146e-01
7.812563934902281293e-01
7.818671785821922349e-01
7.812828965839340167e-01
7.813794308635936270e-01
7.822306082768880620e-01
7.816730967289259313e-01
7.822889835162760708e-01
7.831625059665536792e-01
7.834363789034968217e-01
7.834944458580591631e-01
7.836624531930468374e-01
7.838309739410694865e-01
7.823405714524854782e-01
7.822164165820761905e-01
7.822148552696008839e-01
7.821820254533682348e-01
7.821410523272963600e-01
7.821798285036327680e-01
7.813857531870274098e-01
6.484643811569190675e-01
6.449836585745513107e-01
6.450645794197757965e-01
6.440175669418893856e-01
6.440388056115633475e-01
6.442122461576573755e-01
6.453016743105128850e-01
6.344923061321573465e-01
6.347349368596519881e-01
6.342328258805721708e-01
6.277634821732707149e-01
6.288354251943237827e-01
6.283104138538234684e-01
5.408418074892764604e-01
5.338020982792802682e-01
5.336516625700538086e-01
5.238304264581583602e-01
4.886127699557935578e-01
4.883383150132052930e-01
4.885466524098608376e-01
4.885921058511611959e-01
4.793386974129987266e-01
4.793201250620178211e-01
4.780972407464836871e-01
5.101969562003439984e-01
5.103400350548564779e-01
5.876567503456784358e-01
5.871485279074835084e-01
7.059341320467255043e-01
7.291458981699127095e-01
8.211005426346390523e-01
8.195107341593331762e-01
8.395399066846102043e-01
8.458124968462195081e-01
8.536759066164070209e-01
8.351743598350392928e-01
8.351951655067052505e-01
8.351133166423103660e-01
8.350782046975950834e-01
8.350460793913203617e-01
8.350057074934578161e-01
8.348342513208109050e-01
8.346139055861824252e-01
8.118731665281270216e-01
8.149646788112852036e-01
8.120392551137129988e-01
8.121520997430079492e-01
8.146498517111333548e-01
8.145215282625377640e-01
8.123810553742401019e-01
8.143333484698936919e-01
8.125355317991920234e-01
7.895824669585780331e-01
7.898223567392356204e-01
7.898303827143364764e-01
7.793583885445241055e-01
7.794500151672196786e-01
7.887428663104599780e-01
7.197953171213243850e-01
7.199509960879229009e-01
7.235749238945724526e-01
7.016562130494157223e-01
7.011575968672425496e-01
7.005846346322865958e-01
5.841949774693949715e-01
5.807515206505445837e-01
6.025334888307477543e-01
6.245253426821778531e-01
6.233574001821065025e-01
6.902870805163283663e-01
6.899964793361050841e-01
7.073129273809748430e-01
7.071832929363592868e-01
7.088121920387588926e-01
7.070051405993064142e-01
7.083236233190234321e-01
7.060652897898854752e-01
7.089739315428814637e-01
7.093140567265129315e-01
7.096150697704933785e-01
7.098099994824460524e-01
7.085866538874789899e-01
7.090485584608087199e-01
7.093739589439730375e-01
7.061327628228207809e-01
6.893552346843282441e-01
6.901595714777162272e-01
6.880388076537847786e-01
6.876998372989762132e-01
6.906821063581093378e-01
6.906318186215352206e-01
6.904376067673144712e-01
6.903152241780615705e-01
6.786869436438964787e-01
6.795089682599324554e-01
6.803654774427395635e-01
9.719159666804590980e-01
1.007392063756905376e+00
1.005683917081146683e+00
9.992609322186197796e-01
1.007339877997259103e+00
1.064422138516943228e+00
1.037858722020697844e+00
1.036865330996819212e+00
1.061130351628040591e+00
1.060161947694146400e+00
1.033725926107050164e+00
1.055383047566693877e+00
1.054674369488271868e+00
1.053711770946212489e+00
1.027293972024886370e+00
1.026419061994357396e+00
9.935903620447231743e-01
1.035833372960871968e+00
1.016572998444971176e+00
1.033445385079988954e+00
1.017638241315009573e+00
1.031627294190003985e+00
1.028639602014858934e+00
1.081349457486646237e+00
1.080847213130947448e+00
1.080724194592986853e+00
1.080550530647091723e+00
1.080477450711042842e+00
1.080579217376351986e+00
1.063870917173380448e+00
1.082081733386007327e+00
1.064661710327601485e+00
1.083066920407176559e+00
1.083407989533047511e+00
1.048032549160902160e+00
1.048061746229026037e+00
1.047896019691739289e+00
1.032477775196256387e+00
1.030274920111343473e+00
1.030536670992522552e+00
1.032469992727178765e+00
1.032850903983476121e+00
1.029600434361956252e+00
1.026312322444289160e+00
1.025502404367901743e+00
1.024899066197541453e+00
1.024375929488924530e+00
1.024622060780659538e+00
1.011634424394972420e+00
9.982388038494033333e-01
9.984504131929143877e-01
9.982961116998059214e-01
9.950297213068730606e-01
9.961568756665459823e-01
9.980281298006097312e-01
9.954751086286901529e-01
9.907095873834379507e-01
9.921313315418127665e-01
9.728446855840329199e-01
9.623452385833056733e-01
9.613243126788154624e-01
9.565928529110905298e-01
9.595964513032362309e-01
9.589362720509709836e-01
9.552342381067772115e-01
9.582422855059193889e-01
9.512600833379571963e-01
9.183298855626125246e-01
9.151036162568240151e-01
9.154048889691426272e-01
9.158112199005018494e-01
9.093199443412067762e-01
9.034358588613869978e-01
8.259026284161833376e-01
8.183135897700608563e-01
8.182937422152851692e-01
7.897958425263515991e-01
7.921330804828313754e-01
7.896306725286003081e-01
7.597287576707181245e-01
7.009107267706089495e-01
7.027004762039532615e-01
7.026969419887487689e-01
6.735983798006192069e-01
6.707937877152982953e-01
5.100399667041601859e-01
5.099137961711490696e-01
5.098084441312320525e-01
5.097232783954471769e-01
5.091061400468769316e-01
5.097237894035027139e-01
4.939237185265193397e-01
4.944139785384930041e-01
4.945107520400031098e-01
4.843357268095760948e-01
4.839925007003280655e-01
7.942613917345338059e-01
8.280885854340594987e-01
9.345862982469158586e-01
9.723333637525501949e-01
9.735055887340513525e-01
1.069150916415661401e+00
1.065993178472453673e+00
1.073935252914278049e+00
1.136807203713490422e+00
1.136529753855335168e+00
1.136286870742111432e+00
1.106877046694962674e+00
1.137925493414899014e+00
1.138599272866383405e+00
1.139199901012075244e+00
1.139836744918512501e+00
1.140264491113304857e+00
1.137056774076864230e+00
1.107144153675758913e+00
1.070262210695014371e+00
1.070197290140234792e+00
1.072530368105050869e+00
1.072731684256536200e+00
1.073035838278779686e+00
1.071244625237617765e+00
1.073389340874678410e+00
1.070915751471318345e+00
1.072906930111278356e+00
1.068612741146720557e+00
1.063997414674539677e+00
1.062740092223664279e+00
1.064383002884815133e+00
1.064816159607949730e+00
5.596105469570301416e+00
4.649817159269778344e+00
1.082655419413569353e+00
1.082654356815212937e+00
1.078856672070944489e+00
1.072188767059140346e+00
1.070053351930418284e+00
1.068080926403567554e+00
1.059782083523477469e+00
1.067059884221978283e+00
1.066838517689057575e+00
1.052947215286995863e+00
1.052614600479108153e+00
9.794189166313937989e-01
9.767507104033096299e-01
9.739239923335732962e-01
9.390416445764676601e-01
9.035171874021866723e-01
9.050919979926697057e-01
9.070705409910113648e-01
9.056794619903567600e-01
9.016954561457654060e-01
9.049841469677671890e-01
9.015546678206800557e-01
9.010918239230604199e-01
9.028408213044599728e-01
9.017931329613404490e-01
8.994669712275483731e-01
8.994832524310296673e-01
9.018919663240564377e-01
8.994938294796555045e-01
8.943680944528613619e-01
8.940161731901643538e-01
8.956721620106679049e-01
8.757935925740347738e-01
8.580221964776818533e-01
8.641788356314241693e-01
8.635236347936228185e-01
8.627069183790539997e-01
8.623988650030123271e-01
8.409765861850772017e-01
8.442636177490902005e-01
8.432142736207607348e-01
8.206730301504610026e-01
8.192190625472057786e-01
8.191448278300690333e-01
8.118174862884286469e-01
8.171361586556460388e-01
7.418228123229432258e-01
7.449227784019216703e-01
7.413717444716655391e-01
7.365883299973203791e-01
7.365112613854716272e-01
7.346871259110255847e-01
7.344427524215479952e-01
6.833040553481583013e-01
6.843006454480299317e-01
9.116416868729111389e-01
9.077895080539776229e-01
9.073767820905699333e-01
9.076479680440264763e-01
9.015519889850502899e-01
9.059179767922486137e-01
9.046495664442307794e-01
9.035885428225138849e-01
9.024090472033162724e-01
9.681097289151747720e-01
1.137954034048085150e+00
1.138758285286008087e+00
1.138734426989429727e+00
1.138727129920595438e+00
1.138073157248744804e+00
1.138058322209640538e+00
1.138798273648810921e+00
1.138903375795510931e+00
1.138255130013211325e+00
1.138904150161918816e+00
1.138915405458156949e+00
1.135830707281557439e+00
1.137765688777513828e+00
1.135813446613870958e+00
1.135543836467490797e+00
1.135319648050654662e+00
1.136653126831113747e+00
1.136442395773953562e+00
1.136070211502676175e+00
1.136117315122377347e+00
1.134426904921705725e+00
9.655770169422067672e-01
9.656221548857689685e-01
9.659755566298524609e-01
9.659929771493945827e-01
9.653156345445607078e-01
8.958616215888071110e-01
8.955690206398896347e-01
8.944044354195203050e-01
8.395766401463964357e-01
8.391129953129518038e-01
8.385984472055798555e-01
8.298863180386862881e-01
8.256204238645719062e-01
8.176476368457862298e-01
7.842114227114804770e-01
7.876420922379137046e-01
7.895057887537205721e-01
7.894988483284626213e-01
7.881583017055047158e-01
7.879435725701577908e-01
7.889558671077512297e-01
7.871896750300869661e-01
7.880009993926194722e-01
7.861539961440654478e-01
7.875877136363357289e-01
7.877745513632415930e-01
7.880327640253050880e-01
7.929743501958799179e-01
7.876306661775918094e-01
7.873677856855696433e-01
7.871968518875064325e-01
7.795123441494244965e-01
7.654198192801611178e-01
7.649687037413704926e-01
7.650923989113624923e-01
7.653006526374619423e-01
7.654465576271594074e-01
7.652421768550570214e-01
7.651335419077822664e-01
7.641313226123517266e-01
7.647793183667902506e-01
7.596085598313686571e-01
7.604338789517131048e-01
7.401766198941567287e-01
7.402065093508095606e-01
7.454860372171128180e-01
7.330114519696030451e-01
7.343668305917880890e-01
7.300026234826682003e-01
7.507765083359674296e-01
7.536607448562577805e-01
7.532365928988458137e-01
7.533117962567658088e-01
8.072560131353297974e-01
8.076319025316250899e-01
8.067608955770081414e-01
8.063803041420812834e-01
8.047562108845799367e-01
8.287575919836904781e-01
8.287082588399542482e-01
8.286940750186559956e-01
8.287806144393504715e-01
8.287071456685308757e-01
8.287631556829589963e-01
8.289287781102974151e-01
8.291464454430054198e-01
8.289699525565006333e-01
8.301037258975458855e-01
8.303669375443859524e-01
8.161970015666257794e-01
8.376618014868377760e-01
8.378895231198597582e-01
8.365357412095060230e-01
8.347288920114341870e-01
8.333858458377436662e-01
8.313076638011154262e-01
8.249655528135286797e-01
8.252579313466134048e-01
8.251644767677024372e-01
8.276210842426678926e-01
8.276347914621984270e-01
8.251452426210224012e-01
8.239996380228385986e-01
8.275101820183610180e-01
8.273828689612178211e-01
8.274187377532163934e-01
8.095676092407252389e-01
8.110276199961888866e-01
8.111127584502244581e-01
8.045104736378280164e-01
8.030059166625835854e-01
8.036505490102254790e-01
8.025940369306197031e-01
8.049112179291606495e-01
7.845751902532482891e-01
7.837955723821783405e-01
7.778142990376936128e-01
7.775993968430899850e-01
7.768401361366141789e-01
7.772145264156216093e-01
7.739194593332004990e-01
7.607119143144558393e-01
7.604609253381643397e-01
7.604174538318906329e-01
7.517370974739300271e-01
7.396758421090743330e-01
7.185487441592499636e-01
7.014790593473845259e-01
6.784034950900799110e-01
6.706557239034766082e-01
6.445299642724517941e-01
7.028050438646562537e-01
7.018564452962019473e-01
7.016563814495775375e-01
7.260653561623195973e-01
7.257256607924247316e-01
7.236983975222160970e-01
7.236379828690459037e-01
7.227102136975548374e-01
7.208606258346642592e-01
7.211300226162701277e-01
7.201591776686707691e-01
7.193109001508989353e-01
7.183543022996680127e-01
7.165989829290499991e-01
7.169599720276284005e-01
7.162501963193657062e-01
7.165257360656038799e-01
6.936831711642874598e-01
6.932663242555627825e-01
6.926496175874145012e-01
7.810980392890590762e-01
8.121387581743905182e-01
8.214160735361326626e-01
8.210475649248408780e-01
8.524905780699940649e-01
8.572462960171436386e-01
8.567923331439387669e-01
8.546133930278658752e-01
8.561775519340013574e-01
8.552377807670021870e-01
8.551284420678424425e-01
8.540072297645928678e-01
8.537565959882754685e-01
8.534914216214358751e-01
8.532539593419028456e-01
8.529303910020756829e-01
8.414431172202027076e-01
8.415798596198160730e-01
8.488771751993604564e-01
8.487247195567837466e-01
8.486167245878435406e-01
8.484947035286628525e-01
8.409986297519226328e-01
8.502117521707910353e-01
8.506649383998138303e-01
8.165201903982866050e-01
8.192278730428270705e-01
8.192070174606459476e-01
8.194374795983185855e-01
8.142678070900244425e-01
8.091396936329366962e-01
8.094342299422861986e-01
8.095975011599495508e-01
8.007339807166823364e-01
8.013938624213176043e-01
7.987753378506725621e-01
7.989254932134992604e-01
7.990933811778222484e-01
7.840953660058942454e-01
7.825641184067719802e-01
7.805572167163241648e-01
7.790052488644432227e-01
7.785919479739518145e-01
7.728729420781801362e-01
7.924424604804115591e-01
8.516439851232933123e-01
8.596873357583743047e-01
8.970704039388881501e-01
8.966140810644726011e-01
8.961645460113438766e-01
8.957606714864203568e-01
8.953288121654021658e-01
9.089984690346122331e-01
9.084419696153649415e-01
9.084032053957629138e-01
9.084196922539562458e-01
9.084006429126373350e-01
9.083348675861195876e-01
9.084339478209509933e-01
9.047310291562100648e-01
9.086241700244032105e-01
9.087779927717254402e-01
9.089170743057903845e-01
9.016019408815495462e-01
9.017432559801686898e-01
9.010506510822319237e-01
9.012268299359311730e-01
9.012032433590992930e-01
8.995313659403132434e-01
9.012702255172383436e-01
9.014308880047199324e-01
9.014289850378591762e-01
8.995750489943200590e-01
8.946898657616506600e-01
8.949805936608414836e-01
8.962347062179116808e-01
8.958061037880505895e-01
8.689610431292457138e-01
8.689239188007917836e-01
8.687027716727095950e-01
8.687977544313064682e-01
8.670863393054902835e-01
8.669590939244983252e-01
8.673684004182417029e-01
8.701225101793929051e-01
8.884327392579348670e-01
8.874626847182477407e-01
8.874078340485240801e-01
8.882952556461818361e-01
9.181597941660682993e-01
9.171602843061912314e-01
9.159538657922755567e-01
9.149661694939852374e-01
9.139288343632858691e-01
9.102375666244908459e-01
9.390109494233405130e-01
9.385737117624348702e-01
9.382323941964610947e-01
9.389877156307729900e-01
9.374461936163092091e-01
9.371961038042810888e-01
9.357271998805358759e-01
9.357244581693412444e-01
9.340881198268814467e-01
9.339829727829734862e-01
9.338688913092967336e-01
9.097413146913762017e-01
9.094294182872391108e-01
9.095850212179152905e-01
9.080935833939762780e-01
9.074125127133956248e-01
9.099535186988890745e-01
9.080319771547623597e-01
8.962261601483398898e-01
8.944043351350521309e-01
8.951938856193930594e-01
8.962020172660145612e-01
8.965008029907002296e-01
8.972023096091227279e-01
8.920399187636902649e-01
8.809334871226550678e-01
8.836099859805327528e-01
8.647621249444872316e-01
8.649602677406506013e-01
8.639512963362895315e-01
8.632890676948044018e-01
8.610143025465255562e-01
8.596648193121924075e-01
8.580066733098857812e-01
8.576309042862401144e-01
8.561545185770235156e-01
8.509768725874369277e-01
8.474670801655340702e-01
8.134342485246071064e-01
8.138133551047306291e-01
8.098181410974316652e-01
7.916369098777394919e-01
7.939913706610465249e-01
7.938214493162090157e-01
7.936443396496156710e-01
7.924065146709345919e-01
7.930903394589773336e-01
7.930217841617935859e-01
7.930396228376006551e-01
7.925570024398084223e-01
7.928484495345218264e-01
7.924238018272100614e-01
7.918080777766658418e-01
7.924074862327674662e-01
7.922348004510901820e-01
7.922193449235387375e-01
7.921888456743946261e-01
7.920985182857342988e-01
7.868586614407898638e-01
7.877829783472124481e-01
7.868001576613081749e-01
7.867742520341755030e-01
7.873890195255619506e-01
7.741355962604534735e-01
7.742617046922091184e-01
7.743257941722904159e-01
7.738883568359293808e-01
7.742606066096999751e-01
7.689043591341426787e-01
7.689935345544336442e-01
7.639195285946051017e-01
7.639034122007232197e-01
7.638041991782201778e-01
7.616343092881797672e-01
7.619976297978815483e-01
7.595146720780934224e-01
7.593298890742898877e-01
7.516995051084508495e-01
7.512604806846494565e-01
7.502422049125194725e-01
7.457219697009146442e-01
7.325690349021690695e-01
7.299589733990337059e-01
6.215000498409197771e-01
6.216139825722224455e-01
6.217764464221782195e-01
6.217658763770534947e-01
6.220736634410026777e-01
6.224502316725659679e-01
6.225487017898264641e-01
6.227770621396422346e-01
6.226409619320973921e-01
6.229367151100022593e-01
6.228705676473725861e-01
6.230283405665691943e-01
6.230994153781368450e-01
6.229769326602161428e-01
6.164179586275319034e-01
6.161571395852796229e-01
6.161545959544896256e-01
6.165124702078665919e-01
6.161410937281031064e-01
6.166337337467654445e-01
6.166623239815057778e-01
6.166839188193636856e-01
6.069731598040101206e-01
6.081267012520819026e-01
6.069353462541059452e-01
6.080642976676926548e-01
6.080890254840256581e-01
5.924979641705592215e-01
5.923021809430428775e-01
5.923345990396703398e-01
5.622456673439607533e-01
5.622790027300318405e-01
5.623643059410559086e-01
5.623766032373069823e-01
5.624769836574609050e-01
5.485274556681495328e-01
5.481056625665030602e-01
5.406829472014168525e-01
5.406033635292344375e-01
4.704979219671405199e-01
4.708245085578869893e-01
4.708087942897475342e-01
4.055378640830496484e-01
4.055822132324969354e-01
6.378822595468363055e-01
6.713886514067344269e-01
7.072897454054444255e-01
7.061108813153512687e-01
7.048816043352732486e-01
7.052179274634493567e-01
7.057759306118771558e-01
7.054028331805464180e-01
7.049725744072520284e-01
7.045820755842626681e-01
7.029006696681822097e-01
7.059181869326925929e-01
7.058271644496750818e-01
7.044749253405213629e-01
7.053606076879034292e-01
7.051845477353619884e-01
7.050203581946508091e-01
7.047412903234103743e-01
7.044980465104803136e-01
7.037131498533786278e-01
7.039606602227606036e-01
7.037102542319767506e-01
7.013090385183373687e-01
7.010804204576207566e-01
7.008492032876967315e-01
7.000843388484550012e-01
7.000580519297933124e-01
7.001212344147789146e-01
6.915749710826364360e-01
6.913505137278823653e-01
6.912476556631037550e-01
6.911416266959715671e-01
6.909793765078217076e-01
6.900379903487918742e-01
6.908032712252427654e-01
6.639149968947526403e-01
6.644523629061910297e-01
6.545487084353176499e-01
6.547564509016012835e-01
6.553030535360729880e-01
6.553663568953271845e-01
6.542245766393679496e-01
6.480520102139289973e-01
6.483442935882262059e-01
6.480069642219388193e-01
6.422206703521824434e-01
6.348716584971629828e-01
6.346151910057401535e-01
6.298789950623402412e-01
6.268061405478930759e-01
6.294075313342352151e-01
6.267351949465548300e-01
6.268870902111506327e-01
6.270387215355834876e-01
6.267770448442229192e-01
6.270173029537693399e-01
6.268088847199450031e-01
6.270664460000450191e-01
5.897128791836863115e-01
5.900041200848197276e-01
5.899653667801305623e-01
5.896796554671998036e-01
5.896713534581329297e-01
5.899143168884120048e-01
5.892500007182410737e-01
5.892834805196125458e-01
9.858350139445151150e-01
9.776056491553231087e-01
9.843415432746756011e-01
9.895316439097767702e-01
9.858423712486252821e-01
9.850361862498581145e-01
9.872700503929170424e-01
9.864666328866759093e-01
9.829771580332478109e-01
9.823270841615849847e-01
9.817724098229357876e-01
9.845519084117393405e-01
9.839947835669642373e-01
9.797440729629000034e-01
9.753973157601116828e-01
1.006154213195084024e+00
1.042719856300886150e+00
1.081648617566333792e+00
1.080504038800461641e+00
1.061925978837797935e+00
1.079607648312589152e+00
1.079485271878740882e+00
1.079973806569662909e+00
1.078625808544451337e+00
1.078608528404490396e+00
1.078462331256758944e+00
1.078119279710325840e+00
1.078308458017414262e+00
1.037665005773949822e+00
1.039320079172767697e+00
1.039135440775521779e+00
1.039040212251981954e+00
1.037039065718515785e+00
1.035066001625428500e+00
1.038718047950467405e+00
1.038746962816473829e+00
1.038601825250680566e+00
1.003682069207868510e+00
1.003653928399862894e+00
1.003635226838429872e+00
1.003589408649548709e+00
1.003770585583620978e+00
9.784666527697727378e-01
9.765079151150082293e-01
9.706891480398749383e-01
9.408433196888554839e-01
9.409089152774444687e-01
9.406240150326833360e-01
9.235299637793858984e-01
9.204418739682896922e-01
9.199965424273667258e-01
9.143750425227467060e-01
8.976013190969042155e-01
8.892779045535220694e-01
8.805545894254184214e-01
8.697527691682331863e-01
8.428884259742926988e-01
8.425969286783485668e-01
8.421283393201597356e-01
8.395033534638074446e-01
8.346409283759487208e-01
8.346853525052818634e-01
8.302735274713786140e-01
8.238044237812192083e-01
8.236710775715022637e-01
8.051290567427966671e-01
8.044258521886198388e-01
7.420922052933052182e-01
7.423477529594724178e-01
7.215959860987727348e-01
7.176599378628270021e-01
6.876856334606522569e-01
6.835916645665881530e-01
6.614117396122539683e-01
6.256999799894729097e-01
6.256699232702845892e-01
6.248120117848117161e-01
6.255809835167553956e-01
5.982963520646403799e-01
5.912734444360554509e-01
5.912488791545353894e-01
5.827606867938606161e-01
5.749557577742109293e-01
5.633543782422774093e-01
5.390594214866227807e-01
5.319097938285173299e-01
5.268780430255167735e-01
5.267390212288817208e-01
5.238203373413418129e-01
5.124267405694833410e-01
5.990158566411921681e-01
5.987405267760375072e-01
5.984989173963138898e-01
5.982909034019645578e-01
5.978847913987047624e-01
6.052537407893301413e-01
6.209407658349700432e-01
6.206826110372009042e-01
6.198984185590198370e-01
6.374829608520625746e-01
6.372823728607760474e-01
6.377300312921222458e-01
6.376756581805209656e-01
6.376495154205247262e-01
6.377499701638191798e-01
6.377265946915261496e-01
6.377478313532325416e-01
6.380006641314887039e-01
6.379594783527680057e-01
6.379194595446578964e-01
6.378337561917528653e-01
6.274973537114789668e-01
6.275685600986687929e-01
6.277662674874440185e-01
6.276868379110849272e-01
6.269384159093975839e-01
6.277623338574003231e-01
6.271272291698156698e-01
6.278085445646172102e-01
6.267114043271130308e-01
6.273445175402521112e-01
6.198805250206408379e-01
6.206381779403769006e-01
6.206947272517391312e-01
6.207283724957438631e-01
6.050719762896142884e-01
6.048849635523310120e-01
6.048106644712932800e-01
5.968382316982393521e-01
5.973096465964758961e-01
5.908918584449521783e-01
5.906082850295626407e-01
5.903037755397231301e-01
5.797972290424115993e-01
5.796960053107756972e-01
5.793813983882564189e-01
5.792739267039245243e-01
5.638778857133287525e-01
5.644666842371213189e-01
5.269879405880558698e-01
4.863606457206154920e-01
4.841598619170572326e-01
4.487830630246818497e-01
4.480625149378104077e-01
4.487772479025173844e-01
4.487015567066991450e-01
4.479893373098809972e-01
4.486759414679296620e-01
4.479446859244113899e-01
4.486184951580591274e-01
4.486441166663638902e-01
4.486760299525694440e-01
3.911943269996345229e-01
3.912178750574398789e-01
3.910827754775465515e-01
3.912741597032164398e-01
3.911849938766763235e-01
3.911466775953412744e-01
3.569028578980948385e-01
3.575021383540260000e-01
3.568439793816821637e-01
3.579742610932432068e-01
3.579944894815557666e-01
3.497289922149722230e-01
3.496796698711778784e-01
3.496717963225128289e-01
3.496230075592013375e-01
3.453237808879590642e-01
3.452852346049535281e-01
3.451257711657143012e-01
3.367907413947505701e-01
3.321106927954814436e-01
3.320933364296381751e-01
3.191462016911125743e-01
3.084453189092357106e-01
3.078391313661267281e-01
2.828997386212870335e-01
2.826731900643068562e-01
2.828693492652513131e-01
2.833379654892836386e-01
2.845521848805367959e-01
2.845045297810838703e-01
2.838567152444416708e-01
3.748914085685696174e-01
4.109631619881823350e-01
4.100982477683964289e-01
5.743191828196744231e-01
5.741278779980538705e-01
5.736177719733781544e-01
5.732965527050123411e-01
5.728553416773122242e-01
5.721549517124675521e-01
5.719603101302020987e-01
5.716191776154728732e-01
5.713306862957062693e-01
5.697951302786389283e-01
5.696979101643514509e-01
5.296229378807734145e-01
5.290641039027937920e-01
5.289558490752486186e-01
5.290844827317935373e-01
5.282432826870421261e-01
5.284741524782223809e-01
5.281629881140303961e-01
5.281443560361006595e-01
5.276050650058639047e-01
5.274691381386981126e-01
5.271599714868570041e-01
5.009313987661392353e-01
5.008935598317990623e-01
5.007387173403661240e-01
5.004936375901991585e-01
5.001798451041723492e-01
4.500853296438412920e-01
4.259749923837692354e-01
4.271221462971175331e-01
5.379613293898031223e-01
5.382198659923539408e-01
5.838809083403144751e-01
5.897546861790711192e-01
5.379509409043103929e-01
5.437223531405919186e-01
5.411705518523428626e-01
5.537708364357457613e-01
5.855285301015012989e-01
8.058701619950349171e-01
1.677106375509928249e+00
1.099855046769411038e+00
1.099929344461205272e+00
1.102932372921607840e+00
1.103018133489332309e+00
1.103048496261831657e+00
1.103101085018458161e+00
1.100063204565178143e+00
1.103389401846614604e+00
1.103331258509273605e+00
1.103289099282807273e+00
1.103328588175911618e+00
6.807892648935917057e-01
6.822255985446405990e-01
6.822395209063192301e-01
6.823556930661901498e-01
6.821594329306849280e-01
6.822448585707494573e-01
6.820851599578179325e-01
6.823297818219780098e-01
6.824453494365072537e-01
6.143998259061921319e-01
6.144908933897499370e-01
6.143431272996865422e-01
6.144829315861689567e-01
5.465059447964879524e-01
5.462622471983897832e-01
5.462909688517878504e-01
4.570953061550556695e-01
4.566925608757548272e-01
4.291850545561631258e-01
4.288289278002503924e-01
4.280873050631434640e-01
3.955446107023610769e-01
3.904423064364928586e-01
3.774533525391073341e-01
3.454328057367490046e-01
3.328407103314899307e-01
3.167109854626437571e-01
3.401433830212459708e-01
3.399690211673270790e-01
3.396523486659194790e-01
3.394729521846867049e-01
3.395028929892375258e-01
3.384215281103070128e-01
3.394346503508630097e-01
3.385363397375604766e-01
3.394751854132027624e-01
3.386446152443943203e-01
3.374941990077443554e-01
3.375688967749738700e-01
3.383458092514498583e-01
3.392086720633795682e-01
3.392453259410218580e-01
3.384762099329826635e-01
3.208281568171561515e-01
3.212084749171659204e-01
3.212173363579663432e-01
3.207184672326685027e-01
3.211951085345250423e-01
3.211816367226089097e-01
3.211301641813223418e-01
3.211304776554725904e-01
3.211481201537104702e-01
3.149648262106321539e-01
3.152205764478061001e-01
3.153157067969811211e-01
3.151187176124194966e-01
3.919164498605300917e-01
4.141694052169376805e-01
4.140055680906042923e-01
4.138734285485003994e-01
4.139021626316361502e-01
4.141164770307770304e-01
4.141171894751643490e-01
4.141815001219691372e-01
4.142099126063195080e-01
5.759425565164795202e-01
6.204382872243716651e-01
7.235908854973409632e-01
7.235154134739317788e-01
7.231106269154035093e-01
7.227258202925194164e-01
7.223110119853621836e-01
7.220160888902830143e-01
7.210376179472397506e-01
7.212394019245115251e-01
7.211891128924340366e-01
7.212209021160111977e-01
7.221061924908162011e-01
6.216401940687599215e-01
6.215246169042755175e-01
6.217424080204578818e-01
6.206123412900246272e-01
6.205974117433687987e-01
6.205124990910130256e-01
6.218527158402400445e-01
6.221779441042932790e-01
6.220525146173163655e-01
5.746385017055918309e-01
5.745964500413950349e-01
5.743076701211163870e-01
5.742957226170715135e-01
5.745365794425040251e-01
4.911380420629078425e-01
4.915665629862566166e-01
4.916935842967927184e-01
4.910770331398403021e-01
4.916690415792215330e-01
4.915100786167140301e-01
4.134585348602946575e-01
4.135052566761987514e-01
3.920162190407701086e-01
3.896721433312680394e-01
3.896579567767130547e-01
3.897706943093748322e-01
3.900100130471322313e-01
3.895765604242273361e-01
3.895653672379945642e-01
3.894834527399886892e-01
3.895198502802310614e-01
5.609705829045303904e-01
5.608215763547641508e-01
5.606120076094931459e-01
5.603059198478083092e-01
5.605132272917484615e-01
5.603618983072806703e-01
5.604762537905283448e-01
5.596381014835969392e-01
5.597509533018476535e-01
5.606748847043392381e-01
5.607964302147170343e-01
5.611069636684529183e-01
5.596402590643947406e-01
4.896832633877472585e-01
4.890192985994998853e-01
4.890771254526671274e-01
4.890393999554306648e-01
4.890258432591980675e-01
4.895899237253369396e-01
4.894516814158199614e-01
4.892178464814646022e-01
4.891717356325366861e-01
4.890961639713303777e-01
4.892880386757964550e-01
4.892928915999246731e-01
4.387909056017734732e-01
4.390081734200450558e-01
4.389565765115040485e-01
4.390281124688378833e-01
4.391471455014720471e-01
4.389800173773384939e-01
3.871824819555998443e-01
3.814897106359663170e-01
3.807856467601681283e-01
3.805998853155196371e-01
3.798233451482695422e-01
3.804073037434807514e-01
3.797550053527652958e-01
3.802624432311628166e-01
3.799356427888923582e-01
3.798933760474419441e-01
3.803181122286468652e-01
4.166453530771432878e-01
4.168289623072791716e-01
4.162683662863064238e-01
4.161170021594337021e-01
4.163093250741373708e-01
4.158106560230968585e-01
4.158703153858474555e-01
5.963675133385519800e-01
7.006954205324389395e-01
7.001848269463984975e-01
6.996186676045897945e-01
7.287462040470088498e-01
7.099606298083654954e-01
7.096898686422591362e-01
7.095073650796509535e-01
7.092195023092222605e-01
7.089620690322661067e-01
7.088003920790039158e-01
7.085490042708784131e-01
7.080955671775996940e-01
7.076034351252895593e-01
7.071536327594987181e-01
6.956558724797622384e-01
6.943444676589216602e-01
6.966824275878705786e-01
6.953400027410743256e-01
6.946166368772259680e-01
6.943372631080110269e-01
6.948517395165423327e-01
6.942519153946503652e-01
5.920892468618971227e-01
5.895009682027361197e-01
5.888333308871480654e-01
5.889272605020288154e-01
5.891590807229574178e-01
5.873462493868739642e-01
6.452615152868158566e-01
6.999714993003061103e-01
6.791179213824305450e-01
6.705587568994409997e-01
6.432143931757734467e-01
6.239405096416091867e-01
6.047925811127647933e-01
6.044281485434233048e-01
6.049273145188673872e-01
6.049027049652968557e-01
6.042455735165687125e-01
6.045122755751481947e-01
6.048235326196701456e-01
6.028643009036438460e-01
6.016309607512589919e-01
6.000477527831127311e-01
5.897608247339187759e-01
5.896353412037432795e-01
5.893732154406600143e-01
5.900070329061417596e-01
5.899062715554839187e-01
5.912790353391205178e-01
5.921826597939529035e-01
5.932833123623757476e-01
5.930006923257662432e-01
6.288970914516049948e-01
6.279184817417367004e-01
6.277604577183317769e-01
6.271593110487346800e-01
6.268611493653671873e-01
6.268062538210846801e-01
6.262994763942351106e-01
6.254680943443684527e-01
6.245111116777884996e-01
6.249993788690783036e-01
6.246007324122794246e-01
6.241785206922466633e-01
6.059943948374656442e-01
6.036980586514587577e-01
5.950401932001476712e-01
5.947870441157874222e-01
5.946056678317805932e-01
9.786123673474083073e-01
2.451860027667821296e+00
1.802392288356912342e+00
1.091457599890350405e+00
1.074560589400838539e+00
1.367973263435376285e+00
9.692699773104271888e-01
9.677045629783798120e-01
9.696143150954315004e-01
9.623086046564048868e-01
9.673375170527156452e-01
9.674267591117140519e-01
8.809540347933840776e-01
8.815262143932407479e-01
8.811442579787177598e-01
8.815852598363289605e-01
8.813664520421166104e-01
8.816953009715010614e-01
8.818869931941730744e-01
8.819940492051215886e-01
8.820243389250739252e-01
8.820480475208561932e-01
7.669117195020682676e-01
7.670706308492657444e-01
7.678136288738006687e-01
7.677305910005076672e-01
7.676841594111034617e-01
7.673991689446754139e-01
6.393764709112733646e-01
6.199549782631642580e-01
5.678278540714826184e-01
5.678848721195315363e-01
5.676176399071792833e-01
5.670973093614373184e-01
5.665965697548044355e-01
5.674946838290613194e-01
5.677266755008982813e-01
5.676375063929526288e-01
5.670770435650165364e-01
5.672710415023065611e-01
5.661152232031811948e-01
5.457085743760019536e-01
5.399871931060609143e-01
5.397845397506746412e-01
5.398617111869418173e-01
5.397695313375621140e-01
5.397658904629289989e-01
5.292746560928263122e-01
5.298108035788154924e-01
5.299670912405647361e-01
5.074876012066292796e-01
5.073269776218694016e-01
4.941067183997457923e-01
4.950668105287961418e-01
4.825462244836528081e-01
4.654987421714277263e-01
4.582506415861251625e-01
4.581653542555846892e-01
4.455838084929056864e-01
4.458781576973689376e-01
4.265663935457573719e-01
4.265795663519200698e-01
4.228310315017150267e-01
4.023227364088872715e-01
3.900930048773835201e-01
3.901222264359620051e-01
3.901459327700504409e-01
3.902060875989666888e-01
3.902804476919077281e-01
3.904203135001149683e-01
3.892815607092234842e-01
3.905119794505201858e-01
3.897097436663096715e-01
3.893421459813709573e-01
3.572240524307306320e-01
3.206174348111250905e-01
3.204780877233224246e-01
3.827790760930658842e-01
4.080307584076769967e-01
4.082385275624287879e-01
4.084645376810238648e-01
4.081758313068477029e-01
4.088034723210166033e-01
4.091982223437534705e-01
4.084319401138991612e-01
4.082752751709993744e-01
4.082991056582283007e-01
4.085139353395835782e-01
5.104522266758312332e-01
5.985179823915374175e-01
7.013337412714419905e-01
7.008596268653294326e-01
7.016277646586915884e-01
7.013819894716950554e-01
7.009551383147898385e-01
7.007172897523348265e-01
7.008363678416603681e-01
7.009619553893069455e-01
7.000582320633378375e-01
7.001566541408019706e-01
7.001344405510588897e-01
5.974664739079008635e-01
5.991138090306347141e-01
5.974615999729594451e-01
5.976979373342343749e-01
5.975764411783699437e-01
5.977680446621455035e-01
5.981820649348015273e-01
5.983931541922378194e-01
5.985093530872782619e-01
5.522113278642976075e-01
5.521626662033725097e-01
5.521554390698114601e-01
5.519190935636255624e-01
5.521396109575651412e-01
5.520477119478557348e-01
5.520810728340695972e-01
5.519851084359934656e-01
5.101353664796937082e-01
5.101907439325293891e-01
5.100866730938342641e-01
4.966832224568876186e-01
4.662855352419422172e-01
4.663549998776349570e-01
4.664521456711176461e-01
4.124182908189298891e-01
3.936794756841952014e-01
3.936593061517911218e-01
3.937971251278535867e-01
3.938752470586233123e-01
3.939182531708939061e-01
3.940367871793017951e-01
3.940458363814348108e-01
3.941383565453264737e-01
3.817405556866061422e-01
3.817417404787669666e-01
3.816048135806821562e-01
3.814551837667808920e-01
3.203458141835377471e-01
2.985740458942613418e-01
3.394579050855708324e-01
3.387814389897763068e-01
3.386938041487190243e-01
3.387364340449710576e-01
3.388704667862900699e-01
3.382433670627510436e-01
3.385340112786727751e-01
3.383855360563855497e-01
3.383310233460798955e-01
3.384715030252384849e-01
3.380925589980442458e-01
3.380583488875092968e-01
3.383275116892043854e-01
3.381384203226922569e-01
3.384233615771704562e-01
3.381343208899112440e-01
2.972982094877522075e-01
2.837585423510713412e-01
2.837947912461356581e-01
2.830333361171140094e-01
2.828169721396257552e-01
2.826879198945699834e-01
2.753497159387503501e-01
2.647570880064691323e-01
2.646252140920137830e-01
2.645886302040914018e-01
2.646205165010637739e-01
2.646566487065390438e-01
2.549086759051550910e-01
2.485967697865339998e-01
2.492746714251822815e-01
4.563723793051067679e-01
5.818562260245816464e-01
6.776738455077526702e-01
7.168986097188987383e-01
7.171753488576877444e-01
7.167560128607195491e-01
7.176606237825549073e-01
7.174916014990082580e-01
7.173867689387258828e-01
7.165032063957770259e-01
7.164996279210794627e-01
7.166428728849734142e-01
7.164563590096245660e-01
7.166689160585860696e-01
6.776877858028024226e-01
6.794918499037733151e-01
6.790990189692035495e-01
6.790795083300468216e-01
6.790388290120280557e-01
6.787261586266689628e-01
6.786940933120967356e-01
6.792753965254312298e-01
6.797933836904710425e-01
5.818972848121959363e-01
5.819507767833044243e-01
5.820204404492080874e-01
5.820757583736438923e-01
5.822762749582018893e-01
4.568841671591123976e-01
4.772598151534709343e-01
4.770112622997976781e-01
4.768162617206127551e-01
4.767843895005973165e-01
4.767113147719239663e-01
4.759031282587684042e-01
4.861760717421085842e-01
4.855686459121510423e-01
4.857986695620440942e-01
4.857296712924070725e-01
4.865496122541028701e-01
4.863280559963751859e-01
4.857816535132523095e-01
4.853435299610658338e-01
4.856094701430149208e-01
4.856987210047853942e-01
5.367291150865884930e-01
5.361581684829113126e-01
5.358717066297613574e-01
5.351906373866501809e-01
5.346819999357772524e-01
5.342428616795105167e-01
5.337638448415025216e-01
5.341318034958141281e-01
5.342673911271680343e-01
5.343772224948777350e-01
5.343430240479331017e-01
5.344121966512227484e-01
5.344821155480670161e-01
4.942592241093591854e-01
4.942591697387905270e-01
4.942664209127104469e-01
4.942414687689637987e-01
4.940878171328040303e-01
4.940111219956441757e-01
4.939420075433739177e-01
4.940494443116335566e-01
4.938861814514017290e-01
4.938841037175737414e-01
4.939535811164602608e-01
4.867266312382860227e-01
4.874121888347579534e-01
4.874223449107691342e-01
4.776721226877966853e-01
4.556153591394452862e-01
4.554881982880378821e-01
4.557950391528130529e-01
4.561076122497644825e-01
4.559227787428668521e-01
4.079439980782437747e-01
4.073518847319644864e-01
4.072521522804293248e-01
4.068263225024427165e-01
4.043927856882035821e-01
4.042843955206051332e-01
3.963373632061589769e-01
3.431271383773674133e-01
3.434167453285401628e-01
3.435359248686387645e-01
3.180198533525575577e-01
3.087782811706633046e-01
3.082956416166063862e-01
3.973617024614284343e-01
4.666325288758068623e-01
5.298567475223040502e-01
5.298710425318435835e-01
5.298295827038975725e-01
5.298040151210773319e-01
5.298190514675419349e-01
5.297633280483144969e-01
5.298730667243518599e-01
5.299672164126235652e-01
5.299868013246603615e-01
5.298764096517458722e-01
5.300618311418036077e-01
5.300461743655318081e-01
4.819363334268545462e-01
4.661440745068592406e-01
4.661826624222167870e-01
4.663878514126473251e-01
4.668939308297062607e-01
5.225549870248562545e-01
6.642410665331772712e-01
6.638870027976260246e-01
6.638997329435900596e-01
6.640016506912358452e-01
6.639788935762696021e-01
6.640662998641929660e-01
6.636614360198979101e-01
6.631374581171547433e-01
6.622265707424536130e-01
6.638554977470616514e-01
6.638863949559908884e-01
5.311784237469912018e-01
5.312305121441636135e-01
5.311854166952800771e-01
5.305214514010596627e-01
5.203770685568271936e-01
5.204057220347100277e-01
5.200796028023564332e-01
5.207659239364077486e-01
5.209355775795694310e-01
5.212159132673234163e-01
5.207555205151813693e-01
4.667779750241282111e-01
4.664809717769973219e-01
4.491967195814431379e-01
4.492016029031305480e-01
4.491327546751999189e-01
4.493806318013205958e-01
4.252357161397574692e-01
4.257327908167083397e-01
4.255024158829240344e-01
4.254707028887763642e-01
4.255526966318028403e-01
4.252694076287339420e-01
4.252815299796498527e-01
4.254685245833621510e-01
4.257252369012864412e-01
4.256276664490344919e-01
4.232335023023349185e-01
4.232063053893050375e-01
4.232474662784483366e-01
4.233230274105119761e-01
4.233731272712073501e-01
4.235130162465581272e-01
4.235201044270540116e-01
4.236258925153617017e-01
4.239020118995439623e-01
5.083531345366358867e-01
6.328186329260405696e-01
6.323345796741847158e-01
6.319125406255620137e-01
6.317476989578747482e-01
6.318138439903340231e-01
6.313429895732434183e-01
6.306142168344459620e-01
6.307855755798272845e-01
6.308015291024566817e-01
6.308389331649485454e-01
6.302674420667240263e-01
6.307758523110499338e-01
6.036742400244443640e-01
6.038456630165836003e-01
6.038961765960063621e-01
6.039421744723199037e-01
6.036384521368031164e-01
6.039774564298006077e-01
7.431244678456300212e-01
7.430035863310086031e-01
7.429661815456927165e-01
7.430075306036220129e-01
7.429865000224503691e-01
7.429698747164696915e-01
7.431477948177612758e-01
7.430504396598958117e-01
7.431353114601672027e-01
7.429804207914403325e-01
7.416710299152230457e-01
6.301127527666720018e-01
6.289421777792748580e-01
6.283252580193643411e-01
6.284968093891754037e-01
6.017924712057683978e-01
6.016930577215047204e-01
6.015881567507580518e-01
5.638359275173598917e-01
5.638586613849738693e-01
5.636593894284711581e-01
5.634755896752214888e-01
5.634881474280739599e-01
5.636807441644634542e-01
5.281858176490380474e-01
5.102835370019727090e-01
5.023678003063341002e-01
5.020198700292050065e-01
5.019348138166510598e-01
5.015448307671102057e-01
5.009666502720784287e-01
5.008618828953708135e-01
5.011360613980841983e-01
5.009858079162058386e-01
5.002626863811140412e-01
5.814184598731900744e-01
7.085604205665042565e-01
7.079406767921877508e-01
7.076431108158286465e-01
7.079368477076853905e-01
7.075180737040938084e-01
7.072380131163578110e-01
7.070897401956549588e-01
7.064936656830653749e-01
7.068736211952360016e-01
7.068456777328083751e-01
7.067709370048946838e-01
7.065435963052342228e-01
6.838794192994804844e-01
6.838588028434720023e-01
6.838429795248861520e-01
6.831643829307749716e-01
6.840215741981923170e-01
6.837178147728415478e-01
6.834162688564655586e-01
6.840432274814923774e-01
6.839925100425130466e-01
6.839208778794009236e-01
6.842659707995627505e-01
6.845537049127045082e-01
6.208258229394055805e-01
6.030304212323180924e-01
6.027813507024190054e-01
6.029977452157160300e-01
6.026658945760279273e-01
6.019884783659384953e-01
6.001492127480881900e-01
6.006474560937280494e-01
6.006781443052496838e-01
6.004781416073432521e-01
6.006703498897000282e-01
5.996839714241183339e-01
6.059899691572498970e-01
6.061192785299602814e-01
6.054349825206744029e-01
6.062086335229929235e-01
6.054438150588205003e-01
6.062073832464212053e-01
6.062852763433399517e-01
6.044680257150971681e-01
6.050256224311416631e-01
6.048205450446229037e-01
6.053734834489993277e-01
6.053421039866759834e-01
6.050680296785496681e-01
6.051884903541839833e-01
5.988322917928982081e-01
5.990299009843098599e-01
5.990371258921366460e-01
5.990073681776669767e-01
5.686361844442434643e-01
5.682452082400296645e-01
5.689198825598951181e-01
5.689518295172982798e-01
5.682295621701566324e-01
5.688722574804351284e-01
5.680021639494701180e-01
5.685914929352237079e-01
5.683530244794533504e-01
5.682874294751601996e-01
5.682189001890347591e-01
6.475107257677128469e-01
6.470320907055318038e-01
6.466705219691480933e-01
6.462479340616534840e-01
6.458359638095870769e-01
6.453524495191012011e-01
6.446398770082204521e-01
6.436374677276409662e-01
6.428496014030364858e-01
6.430743201277093757e-01
6.422257723782713867e-01
6.393226242324024922e-01
6.389238351970364382e-01
6.382915810489984132e-01
6.375555451470062973e-01
6.383317115371589523e-01
6.382222180553507318e-01
6.594035814632652759e-01
7.281910822289663354e-01
7.400402533833325691e-01
7.416106314033026337e-01
7.412683387113742084e-01
7.410039325496520224e-01
8.162389221624166691e-01
8.477369456011947246e-01
9.650210278041403411e-01
9.656246892379154456e-01
9.675729253551630382e-01
9.676203725775717190e-01
9.679439910894299670e-01
9.674555636517636614e-01
9.677313796946800384e-01
9.677297287554850191e-01
9.645955761981119814e-01
9.679996673298997267e-01
9.682181726587459902e-01
8.497496675745539463e-01
8.486703336270200460e-01
8.485552436490916284e-01
8.486441979633410071e-01
8.486579814745252026e-01
8.485617892935788387e-01
8.488887853302293784e-01
8.484912385927579903e-01
8.493135949683432440e-01
8.176547157811973054e-01
8.173159681606763094e-01
8.174572425596784431e-01
8.174382972613967180e-01
8.170949045048241377e-01
7.376801679505095022e-01
7.376166722543517906e-01
7.370234669850377340e-01
7.355049405802328577e-01
7.355442076678788688e-01
7.354268480954154752e-01
7.231567405665195736e-01
7.230060710962257220e-01
7.146045648802553663e-01
7.144087568466963578e-01
6.740756747616816202e-01
6.753575533533839881e-01
6.748157450689227232e-01
6.548035399857883299e-01
6.299753187747467731e-01
6.152305540064182399e-01
5.796534890417444075e-01
5.660173179989281822e-01
5.660013939831705088e-01
5.660189734550536977e-01
5.659986757731468865e-01
5.659426991649396665e-01
5.658569671040832860e-01
5.655347331585489634e-01
5.656737403426759236e-01
5.656473759414797353e-01
5.655447125721609902e-01
5.655806954107555073e-01
5.655327148819984107e-01
5.655067821798666072e-01
5.432241008831535378e-01
5.429113871872340846e-01
5.427930535287555092e-01
5.431295617511149310e-01
5.427896310186172135e-01
5.427133977511090501e-01
5.083899296623175523e-01
5.078892215708894486e-01
5.084101804637388700e-01
5.084536321105176393e-01
4.809132658827612317e-01
4.808609642860821598e-01
4.808388981427685338e-01
4.762097176447386282e-01
4.761280719847139631e-01
4.759741333412885189e-01
4.759266420207041159e-01
4.760235195760365579e-01
4.761572690794012019e-01
4.760722415323866974e-01
4.760955349774325662e-01
4.762086729923806772e-01
4.762289105431815606e-01
4.764553263524990423e-01
7.205969083440384448e-01
7.191362029868405559e-01
7.187410046013846809e-01
7.271458203390577246e-01
8.548323560287225398e-01
8.540444634737878182e-01
8.541600171374060801e-01
8.524962851832802446e-01
8.540822467692783526e-01
8.542040851162299164e-01
8.524450544251999107e-01
8.542187908960662268e-01
8.543324567369841027e-01
8.543256305043046561e-01
8.542444373751045816e-01
8.299497271364386641e-01
8.292808203738237793e-01
8.300501485890190434e-01
8.301839780179188777e-01
8.295848433106880471e-01
8.294590859728165899e-01
8.299429272483778153e-01
8.285310488759016767e-01
8.297029575331031914e-01
8.292468810047504135e-01
7.259417945535121541e-01
7.259842450233482403e-01
7.261105789845738734e-01
7.267356290915570893e-01
7.262839473189099948e-01
7.166956216655819834e-01
7.178084927171619611e-01
7.181055381409937599e-01
6.680832994746768172e-01
6.686882854080036243e-01
6.679365440804129195e-01
6.583824705499279339e-01
6.574621793423505167e-01
6.578354358313317496e-01
4.689490545679918521e-01
4.686543114998478199e-01
4.824542656421391129e-01
4.820626579661042577e-01
4.820504563577732715e-01
4.819555476426266027e-01
4.817393054366162497e-01
4.814998910718194525e-01
4.822674266933132392e-01
5.911022791664408693e-01
5.903090704422413459e-01
5.895318701970164721e-01
5.889379326677449678e-01
5.880774231751603187e-01
5.879412733235767075e-01
5.884036240543764062e-01
5.881788669725924734e-01
5.877910432328734558e-01
5.872194327058145591e-01
5.870665302339967973e-01
5.888920566357919162e-01
5.870782762701918234e-01
5.863820937132124822e-01
5.032881655143328636e-01
5.026169624050448315e-01
5.590208482832856873e-01
5.846414417053236168e-01
5.838496824369769911e-01
5.835941947261795715e-01
5.823713528919258753e-01
5.816139692883522949e-01
5.814289113629705907e-01
5.803949755409713029e-01
5.789682943342511212e-01
5.776379658411265883e-01
5.764314448892812193e-01
5.752106033456366729e-01
5.739625353335584546e-01
6.048216820862696297e-01
6.043840116109572280e-01
6.039358734808912832e-01
6.037238298978472306e-01
6.032070788665067074e-01
6.455414293722546715e-01
7.309332216202606425e-01
8.685529346654944360e-01
8.680827238267784240e-01
8.677120262049478061e-01
8.671078367333230341e-01
9.178109864381405192e-01
9.296770837913159724e-01
9.293221928095904971e-01
9.289671829051391327e-01
9.296624067544719816e-01
9.298684347046495269e-01
9.298156930010017529e-01
9.272072845335339597e-01
9.276392194928035906e-01
9.281863472816420657e-01
9.279362299942841563e-01
9.279442938348831937e-01
9.167732653735600756e-01
9.161531138160255994e-01
9.146534143044438014e-01
9.146004504257381207e-01
9.152175117778091895e-01
9.158989471829316331e-01
9.151064533640818066e-01
9.154372593494024546e-01
9.159281569191117800e-01
8.637890841990856217e-01
8.638053493387737314e-01
8.638849867729914145e-01
8.601247459520247052e-01
8.427403797370545124e-01
8.427719922114484952e-01
8.427113747826222578e-01
8.427702826232479349e-01
8.414090484265042136e-01
8.411637219970603541e-01
8.413074739754349274e-01
8.024958530129310263e-01
8.024794976664497703e-01
7.954856423329742521e-01
7.964001013253452221e-01
7.957293791623403223e-01
7.956040703276168191e-01
7.201869000195189052e-01
7.153068593851137358e-01
7.160317868405992048e-01
7.151099708901165197e-01
6.337880711574181980e-01
6.036214489258062699e-01
6.035721362223445130e-01
5.902371154221686123e-01
5.863105491734805774e-01
5.855813465584616129e-01
5.732166343321678514e-01
5.618331475206019832e-01
5.614251286459988055e-01
5.499159885901464540e-01
5.500229405491461332e-01
5.501005302042314415e-01
5.503191818908150790e-01
5.501837894900263315e-01
5.502897807653294171e-01
5.503496884031061631e-01
5.502918446180931067e-01
5.506247539343487318e-01
5.507343308764789391e-01
5.372433617756996460e-01
5.372182042151429915e-01
5.372469150655819758e-01
5.372948828921774167e-01
5.372858663385929878e-01
5.373939875131017452e-01
5.266895246976340816e-01
5.270610358477096913e-01
5.266043104165742950e-01
5.179182409585143532e-01
4.773013797846530348e-01
4.772242027664383990e-01
4.771157467011598041e-01
4.765981230024824433e-01
4.665118712580733074e-01
4.659331636992252168e-01
5.051022086252496823e-01
5.049970248293673691e-01
5.101883608954586036e-01
5.196324285640716578e-01
6.028723628165169046e-01
6.555727888044418084e-01
6.553667581848756640e-01
6.550774145959359362e-01
6.556646139417993124e-01
6.555417094408687584e-01
6.556499894075983326e-01
6.555568208883240100e-01
6.555757700548079381e-01
6.555982417824667285e-01
6.560242967077637433e-01
6.562111541759112487e-01
6.563529456946625151e-01
6.562709526823968798e-01
6.562718972357972635e-01
6.559801455592562114e-01
6.555506043031792407e-01
6.555737654741273790e-01
6.557294010167066256e-01
6.555757698309973014e-01
6.555382217485793417e-01
6.554981253408322939e-01
6.554708219206574205e-01
6.544007560928025713e-01
6.544094637140916992e-01
6.543397904533786447e-01
6.543577705115989351e-01
6.543125626115425808e-01
6.541720188718291862e-01
6.540667493075840166e-01
6.541029310859931556e-01
6.541158698124884818e-01
6.541066885289510413e-01
6.021403417004184133e-01
6.025494194152016814e-01
5.804682326969026196e-01
5.186089586945131780e-01
5.185702564187508745e-01
5.087676391522696351e-01
5.268228385892951282e-01
5.269469069848163878e-01
5.981275271883806921e-01
5.977620387881197317e-01
6.377159137574570646e-01
6.374434029367270771e-01
6.365159336119414757e-01
6.585281888126718330e-01
6.584370524592148000e-01
6.590707913727550382e-01
6.590362441570392082e-01
6.589753118442974733e-01
6.584141968132891654e-01
6.600498054336604303e-01
6.594696400879130893e-01
6.598380524984035489e-01
6.592977784271574215e-01
6.596171358998326184e-01
6.545711998204749582e-01
6.524007798553523862e-01
6.372412207727061739e-01
6.365228577490793516e-01
6.375205706562732111e-01
6.372824618624527426e-01
6.377872416707092151e-01
6.375024983634318687e-01
6.375541153431879549e-01
6.376071240137057838e-01
6.014149999372080391e-01
6.011198298092322867e-01
6.010905779531314774e-01
6.013866155382519008e-01
6.014370644475349748e-01
5.976407056485598668e-01
5.975955935128205443e-01
5.977300341392435268e-01
5.959045435379907163e-01
5.959876904966059374e-01
6.804595692211249380e-01
7.463469899649508577e-01
7.459917514697493868e-01
7.775200789543452728e-01
7.773555983487172583e-01
8.299460584353031134e-01
8.297852440726793954e-01
8.302612929654477059e-01
8.294468478714143167e-01
8.301736844097662438e-01
8.293022802105705082e-01
8.301646953745733803e-01
8.301217271771115236e-01
8.300871075538081012e-01
8.297221331627572249e-01
8.296968516374917391e-01
7.884576171219970231e-01
7.884302781308982766e-01
7.884523358935831006e-01
7.885051450214166646e-01
7.882386471915562298e-01
7.885705161040594824e-01
7.885667520335563063e-01
7.892861011625320611e-01
7.891344081328088844e-01
7.887363570336685115e-01
7.894974378842183338e-01
7.893175555330119719e-01
7.847033359016433174e-01
7.832829927330843267e-01
7.835118316476273881e-01
7.846801344650091714e-01
7.846556359743066533e-01
7.845108364387121114e-01
7.837955083077050578e-01
7.749325092080140420e-01
7.748456093186447680e-01
7.748591894651316592e-01
7.434698703098105987e-01
7.427716555254778585e-01
7.355664269653096055e-01
7.352439483408864662e-01
7.332531649851307121e-01
7.331204879166031141e-01
7.330128448989359224e-01
7.315690588276688722e-01
7.243071322266283474e-01
7.243235257602327337e-01
7.138185755898143192e-01
7.066841995118566810e-01
7.069404743315794715e-01
7.142807657874669092e-01
7.141635241832394732e-01
7.509257889930691654e-01
7.509515204501051588e-01
7.505870744431168973e-01
7.508997130368637585e-01
7.508747022101037727e-01
7.504525023776469350e-01
7.505501421971001452e-01
7.509262290441137688e-01
7.508711464401777169e-01
7.504777789305454583e-01
7.507710199181313326e-01
7.503707155391255990e-01
7.509954865079678799e-01
7.338482955354439508e-01
7.306941404637066206e-01
7.139998712543869086e-01
7.140551406532996692e-01
7.132747274488826505e-01
7.136068991830809560e-01
7.134451161239223627e-01
7.139654999334943408e-01
7.139476936468405199e-01
6.999147472468881803e-01
7.002572251466540054e-01
7.002988273834164223e-01
6.999382672563247976e-01
6.775392467549681275e-01
6.773291209262575219e-01
6.775892244440127055e-01
6.701905946586961260e-01
6.698286635308849934e-01
6.883898761170046399e-01
6.881869037628226549e-01
7.072646321049328444e-01
7.070421183384621999e-01
7.068975496634082312e-01
7.090760400427408294e-01
7.093652042543973080e-01
7.093187111473846507e-01
7.082264430097199304e-01
7.091858235171348834e-01
7.091084302100262304e-01
7.088513662330239162e-01
7.085515659364541863e-01
7.098183339064196851e-01
7.098592970166754945e-01
7.100491491374373298e-01
7.094720258709261707e-01
7.098329264489335877e-01
7.063407056195188938e-01
7.064122503104913742e-01
7.071774524177459886e-01
7.064564865422615636e-01
7.065009544749156767e-01
7.064131923546718150e-01
7.063767481062740439e-01
7.054316429641047659e-01
7.014414299555455923e-01
7.021271271413859205e-01
7.022132983485107616e-01
7.022780006482591819e-01
7.023260202421002241e-01
6.880412171250329667e-01
6.875707315043746437e-01
6.880631761296067683e-01
6.781562964226053314e-01
6.779403787840373452e-01
6.776101888544205920e-01
6.643206820048453976e-01
6.645156215415214396e-01
6.498758841839987754e-01
6.438482894888568620e-01
6.439503467648678425e-01
6.438677264240963982e-01
6.244580112143975903e-01
6.242690560442311076e-01
6.242790090613159482e-01
5.941906727904827656e-01
6.545771569489278185e-01
6.544464094375359586e-01
6.542150367124093258e-01
6.542202930730685040e-01
6.541335843377790171e-01
6.854943476219593768e-01
7.466792245012096041e-01
7.467954588020738749e-01
7.467198446382886656e-01
7.459341771816283551e-01
7.467982410376690083e-01
7.459285163072517655e-01
7.458099290686145411e-01
7.467685323528197028e-01
7.467766687479401311e-01
7.466574895648747656e-01
7.468340488089956208e-01
7.089012211317829992e-01
6.861727974521342199e-01
6.858930397927113232e-01
6.860644457444913247e-01
6.858812716459873338e-01
6.858841148268118859e-01
6.860265907254626816e-01
6.857624177388018660e-01
6.857672718182503679e-01
6.858616493993571206e-01
6.542759064439822581e-01
6.542552774947669736e-01
6.544018854972882826e-01
6.543860067892137700e-01
6.386307733715326229e-01
6.387124837433600932e-01
6.387273520190333009e-01
6.387462408795847590e-01
6.200580832374897877e-01
6.202425686903801916e-01
6.199872428442216865e-01
5.843301603334650762e-01
5.842920715365447215e-01
5.407969243413789373e-01
5.407465306995052901e-01
