8.698517031021743007e-01
9.003956328020259470e-01
8.665845454223060074e-01
8.571064584874512615e-01
8.631383413055950804e-01
8.868335169238763527e-01
8.686018254575642583e-01
8.686714953060282740e-01
8.459342665862873423e-01
7.799996988072567250e-01
8.427447426823002630e-01
8.482822688520123000e-01
8.395625712841041643e-01
7.196046975772458776e-01
7.744656393350234369e-01
8.166691897581312976e-01
8.049981203750092851e-01
8.203879143106800331e-01
7.763060851311891497e-01
8.075154017851546850e-01
7.722326615500872959e-01
7.724106359389724119e-01
8.022082352655993676e-01
8.103964703955819360e-01
7.772950123520142585e-01
8.402552479396123708e-01
8.555752243657980260e-01
8.540194873701403289e-01
8.492368951272637467e-01
8.595482300281152011e-01
8.502399108088098956e-01
8.458406344329238991e-01
8.547546521327047397e-01
8.399561884958733904e-01
8.482123885608761071e-01
8.446576368977625204e-01
8.786655005179593303e-01
8.581069774989213972e-01
8.752356361518700556e-01
8.239219343351560365e-01
8.245170329855946445e-01
8.135824066211156946e-01
8.801056727098235388e-01
8.211027183897795512e-01
8.272161856090873844e-01
8.342575858760586938e-01
8.211923971497383512e-01
7.909350950233285937e-01
7.535806147383935505e-01
7.932066883309777383e-01
7.084210867680431623e-01
7.087973386525969755e-01
7.093463721164888769e-01
6.960835125757538489e-01
7.061527584329103657e-01
7.046041910983447121e-01
7.593700740854458786e-01
7.003647309005743837e-01
7.108063657564884785e-01
7.071465860883154875e-01
7.099170183062853967e-01
6.774464314157104816e-01
6.946880500040412132e-01
6.966194088567274623e-01
7.052092309967553652e-01
6.987981559808768006e-01
6.482577202298086538e-01
7.054892755643611402e-01
7.088315610900616237e-01
7.008501752504936455e-01
7.133739789483390936e-01
7.127874277437427075e-01
7.100748772986107404e-01
7.156637214491796684e-01
7.106647133509569336e-01
7.075418755059199594e-01
7.068771301912584182e-01
7.059363057009759856e-01
7.337542739936842029e-01
7.152877947763266464e-01
7.008957708755749749e-01
7.005629559201785872e-01
7.067278542969587241e-01
7.064016424047205867e-01
7.029996947373045035e-01
7.051517517754714026e-01
7.075889330615225958e-01
7.071647657633300943e-01
7.120137374295338883e-01
6.978276751005395573e-01
7.019866013163873486e-01
7.035500344832166242e-01
6.945176835107793600e-01
7.011834067260181991e-01
7.013700474373080196e-01
7.072622263735229842e-01
7.077851330835469579e-01
6.880804126177797464e-01
6.895742006980782879e-01
6.686821302557323099e-01
6.597752536369076992e-01
6.657701742463358885e-01
5.773947155982634971e-01
5.424993105567048612e-01
5.683591464570696417e-01
5.861992559499622502e-01
5.871584948340008436e-01
5.804613646774411384e-01
8.196968018602404094e-01
8.046763629440356613e-01
8.062999695527013344e-01
8.241470491106109852e-01
8.149260990081006462e-01
8.398128638456028305e-01
8.516851372868770031e-01
8.225526920412774556e-01
8.213314020946291816e-01
8.221583573384033672e-01
8.295714497400989984e-01
8.222789411900601753e-01
8.119359384823625625e-01
8.033461028369773826e-01
8.064287257699409572e-01
8.096089159208038621e-01
8.107461768674698588e-01
8.160950388541354794e-01
8.094578717987955807e-01
8.137213904054242386e-01
8.003708464817447243e-01
8.025692762067260233e-01
8.208109438645569966e-01
7.907156987944794491e-01
7.872612248325320250e-01
7.915497609872074181e-01
7.901921270361276228e-01
7.640653212049687282e-01
7.227948892444399087e-01
7.238126942823066567e-01
7.205019024031751318e-01
7.275748708424473188e-01
7.259349358972626565e-01
7.281905910424883999e-01
7.233677436970571417e-01
7.318192784479639057e-01
7.261573753485881522e-01
7.257778993460098915e-01
7.244694276448250259e-01
7.265286202504874780e-01
7.218785320114904369e-01
8.158720239591684686e-01
8.143961966439724476e-01
8.222203371128288252e-01
8.084360653302899991e-01
8.151027043476661849e-01
8.129591440984650363e-01
8.121818294418787776e-01
8.121752473291304897e-01
8.112535192764931402e-01
8.106045445173705177e-01
8.044290921671702899e-01
8.072811499859364748e-01
8.087757234680934548e-01
7.574600447864145991e-01
7.270701940044702605e-01
7.514815118321007681e-01
7.749927898309794116e-01
7.641978717353868911e-01
7.515644078108035808e-01
7.438304314684638374e-01
8.601101529961485692e-01
8.583222971738129203e-01
8.661572245416560012e-01
8.692761445789592978e-01
8.620516445493237034e-01
8.625139417141638454e-01
8.575051732844061192e-01
8.686787708400677266e-01
8.718359372253652317e-01
8.642988050867953520e-01
8.660412886314776681e-01
8.206781899751005582e-01
8.089193307464312976e-01
8.119374510835624115e-01
7.566459752231468050e-01
7.479304882786529385e-01
7.731315043158516476e-01
7.611408730041171466e-01
7.447918245756758315e-01
7.401891732077681141e-01
7.310697424570830050e-01
7.388004571704611667e-01
7.354451868028835104e-01
7.379417042400926441e-01
7.417707515621199121e-01
7.437351994751836282e-01
7.455782552910834582e-01
7.444597978006651795e-01
7.434104172033915159e-01
7.451202332557205210e-01
7.336416337831341838e-01
7.360370524744208609e-01
7.115388562371633974e-01
7.235102796712911122e-01
6.944377399106642645e-01
6.048971494302153307e-01
6.702414680914656753e-01
6.568470330502998999e-01
6.574094191769361828e-01
6.579028863426914508e-01
6.582781370264243481e-01
6.553591686031957630e-01
6.550382611901247598e-01
6.539642219831225400e-01
6.624715609868900845e-01
6.506486865498882777e-01
6.510779974723398533e-01
6.545210612466804134e-01
6.514499141704556129e-01
6.532580954753711699e-01
6.573550153414365882e-01
6.513576711004837039e-01
7.255602738338657876e-01
7.236274880660940045e-01
7.228322162416382923e-01
7.219291542746143486e-01
7.476591848361248127e-01
7.267208625374040887e-01
7.276172709231291114e-01
7.312798464948284671e-01
7.275208893526950993e-01
7.318975434121968160e-01
7.347091710311582924e-01
7.394817184601916171e-01
7.284136318373560792e-01
6.487324000337972851e-01
6.574755228296691456e-01
6.488698449069643104e-01
6.473637254052382328e-01
6.436117089455675178e-01
6.450889272846269673e-01
6.871861252154259914e-01
6.887711681291723842e-01
6.855466738001096960e-01
6.855630604833711228e-01
6.799368444476352469e-01
6.924690608277960235e-01
6.856885914986101671e-01
6.868892103583569275e-01
6.849803107850775952e-01
6.850881411914494512e-01
6.872186547804832735e-01
6.936994568615701962e-01
6.853391187006321328e-01
6.838656862824820104e-01
6.838193007047047578e-01
6.486856520794580527e-01
6.432862952498767939e-01
6.450875873713926012e-01
6.419050148536752376e-01
6.420154886439926045e-01
6.477273314327102183e-01
6.497157927053940352e-01
6.382318128269059976e-01
5.861840100325789171e-01
5.835581732091352780e-01
5.767999639050854777e-01
5.758593580492474828e-01
5.777845005573754023e-01
5.801254159030108104e-01
5.769534914249973001e-01
6.030913905286049426e-01
6.017217734931863404e-01
6.033720645437357089e-01
6.001238530024590734e-01
6.041127726728643399e-01
6.080324703429124122e-01
5.980234989062288564e-01
6.065633166577536484e-01
5.965656346041600111e-01
6.083196203797669455e-01
6.092272986009878988e-01
5.986083055100184236e-01
6.091477419779643965e-01
6.233823617390010785e-01
6.114935268521075606e-01
5.808970509982803732e-01
5.802736937212090718e-01
6.144063689120078386e-01
5.755031858932317945e-01
5.796997811117726718e-01
5.805642723971226049e-01
5.703532918744447233e-01
5.251341095999400022e-01
5.274340382113944514e-01
5.257968676496689309e-01
5.231140618039000767e-01
5.255652027079240618e-01
6.940529305467776355e-01
6.911455558829063817e-01
6.873162602156559498e-01
9.518463556803923309e-01
9.501997844672175342e-01
9.232097525829712215e-01
9.507597845502627765e-01
9.518618101825677691e-01
9.488383691633742734e-01
9.494347545829264767e-01
9.500245858738691762e-01
9.522116273487934990e-01
9.535157307366280977e-01
9.507330894959219458e-01
8.663923883586700514e-01
8.675518601980067857e-01
8.707539962755946883e-01
8.673810508800714469e-01
8.658485168084474326e-01
8.772643352689817320e-01
8.692721915461849580e-01
8.688755562737077165e-01
8.699086604939757494e-01
8.785011320208800933e-01
8.671709134275539244e-01
8.695811260379437968e-01
8.709049691366599344e-01
6.918477488983220125e-01
6.898891516271624669e-01
6.923659002395741169e-01
6.874939383441215357e-01
6.043420595903949977e-01
6.040184600943871995e-01
6.020036236551593589e-01
6.045815816667147180e-01
6.038421435398345638e-01
6.017916250432523428e-01
6.029831691753736456e-01
6.034188039220221844e-01
6.037910560158611384e-01
6.014743012191574589e-01
6.024675594315098692e-01
6.022499386034058100e-01
6.011364491803308230e-01
8.749017735668698226e-01
8.786058633834855636e-01
8.766982818650571607e-01
8.707466246925280595e-01
8.718351474400336532e-01
8.730554344234482400e-01
8.781342970218499744e-01
8.784875902841333684e-01
8.709182437943168154e-01
8.782028274610784724e-01
8.753405261400958315e-01
8.790021976990237684e-01
8.677005980946201902e-01
6.038652183344811464e-01
6.011383261375962128e-01
9.331068398781238171e-01
9.436286731635956659e-01
9.327869106482090666e-01
9.377334745546161976e-01
9.374255145527425892e-01
9.386778037508505257e-01
9.149143601262316183e-01
9.384159173654890163e-01
8.877108577658003874e-01
9.354640903364641602e-01
9.426525199200483929e-01
8.763316546035294641e-01
8.892695260854996953e-01
8.725048858647710404e-01
8.795698288118707353e-01
8.651123903335443677e-01
5.944941495080180438e-01
5.919906797767003903e-01
5.933111719077625024e-01
5.929624171358660600e-01
5.932835689773415799e-01
5.889532295855492983e-01
5.892748520042917493e-01
8.272809049782312574e-01
8.278206422608478388e-01
8.222713600386238886e-01
8.208036156287745744e-01
8.294801587614032412e-01
8.292616644277728266e-01
8.220983268744144201e-01
8.260599812711192369e-01
8.297240657278710518e-01
8.833241486656100427e-01
8.289200680624277950e-01
8.268899522641935951e-01
8.263069243388512231e-01
8.271119608378971755e-01
7.339488637681488292e-01
7.272309478182055198e-01
7.399815818791590782e-01
9.118728835084132234e-01
7.381957956304489032e-01
7.392609339879725461e-01
7.304740899866501991e-01
7.385715502147311984e-01
7.378928268081760278e-01
7.295237801691594193e-01
7.397593381800683376e-01
7.359379115448794195e-01
7.284585806771936012e-01
5.814787078721699309e-01
7.431629120604180683e-01
7.454152398721282102e-01
7.476088675598576705e-01
7.481663087381795751e-01
7.451911414413483481e-01
7.554713482335517760e-01
7.507153547716671760e-01
8.108424732995195283e-01
7.453436986773712691e-01
7.457940785036157871e-01
7.480488555371169745e-01
7.522901846878207177e-01
7.489587724214856745e-01
7.412721292574395715e-01
7.394699652611103069e-01
7.370874384696370907e-01
6.924053900431950126e-01
7.002031219914500726e-01
6.940032533330064979e-01
6.977707397447587834e-01
6.981267407845648254e-01
7.009790296840201496e-01
7.020306057902501173e-01
7.072320655591441962e-01
6.964367703054987757e-01
6.964796157597966664e-01
6.969071612018719053e-01
6.947309367794176627e-01
6.943160638324726852e-01
7.040189900366878861e-01
7.019377262758480507e-01
6.913483859756355265e-01
6.947672522167928078e-01
6.889373628518342674e-01
6.899028841866371442e-01
6.894066173118084118e-01
6.885081576840402784e-01
6.887734891594801123e-01
6.857776159613337974e-01
6.649590149724469157e-01
6.631528533138779657e-01
6.665243479614623157e-01
6.651030570349368842e-01
6.633589803541541929e-01
6.664790935211322154e-01
6.642658028342071086e-01
6.660942308132994372e-01
6.641841823324429184e-01
6.631269020874587250e-01
6.635629407761661769e-01
6.627937537089034770e-01
6.764067062077930848e-01
6.683602203466265657e-01
6.679623333978168542e-01
6.687380887343588043e-01
6.462896387806729148e-01
6.472551571412645810e-01
6.509943909441350263e-01
6.481396502179803676e-01
6.387273514364415483e-01
7.853849095154775695e-01
7.784220674037810594e-01
7.859834950524551278e-01
7.932654113680293051e-01
7.829722943233756727e-01
7.864878422354415477e-01
7.727846598129125555e-01
7.714527924308147711e-01
7.805507179997880352e-01
7.736275872775182361e-01
7.722784931329838010e-01
7.017633708580619523e-01
6.756990536738060049e-01
6.750444998149118803e-01
6.702060164162613187e-01
6.342724471658205410e-01
6.316614325963705312e-01
6.526057320579476961e-01
6.541870903654469771e-01
6.511070823674180996e-01
6.554540451860386696e-01
6.572104992501703880e-01
6.510292224680699347e-01
6.517961104519842674e-01
6.519111541514746033e-01
6.511102407077090648e-01
6.546804389904137267e-01
6.518898117370062195e-01
6.548971104254232012e-01
7.925631679168585464e-01
7.905462597941771419e-01
7.921675845021365348e-01
7.915314480419166632e-01
7.966174547214266433e-01
7.956073454596550576e-01
7.936874564124372089e-01
7.943419599993557512e-01
7.958313437215289721e-01
7.921396037180682415e-01
7.946025177305287013e-01
8.007823434219800696e-01
8.009575356825295867e-01
7.991126216067306887e-01
7.979555893972393177e-01
7.871586403993695580e-01
7.889473099903587805e-01
7.940150562913649290e-01
7.914925438342669262e-01
7.923536255863659061e-01
7.900737155280008750e-01
7.894703343802580431e-01
7.805461877163771822e-01
7.858342111821858822e-01
6.751433510853810382e-01
6.741289087557417181e-01
6.740522423434378574e-01
6.745299736287921899e-01
7.012756517916720611e-01
8.361305193951553694e-01
8.433981120897849904e-01
8.371629400594542414e-01
8.371591580891573070e-01
8.318126189656018799e-01
8.357373950123192508e-01
8.343040012351669032e-01
8.357642748260984966e-01
8.328188161992380323e-01
8.366731248099325002e-01
8.375851095614598174e-01
7.924893255460616626e-01
7.937450868390877323e-01
7.926774783682091208e-01
7.904552697649496196e-01
7.006418643915478528e-01
6.964642138536936145e-01
7.672013203361807143e-01
7.342883921293211769e-01
7.310558034991682108e-01
7.341472484458015924e-01
7.566595013360710720e-01
7.333629500132544665e-01
7.340700367852864838e-01
7.336542999048069058e-01
7.354485092018301362e-01
7.347025740790021908e-01
7.348140554506794597e-01
7.337241509947840523e-01
7.339924367028104468e-01
7.346292187363393511e-01
7.346602493590660421e-01
7.338131175071689327e-01
7.020140637645184700e-01
7.099449183580976985e-01
6.861032254797381214e-01
6.822651175900644738e-01
6.861686783757199315e-01
6.799348385049948096e-01
6.828479421063227139e-01
6.734836735598505042e-01
6.679922201638857082e-01
6.694239543106049739e-01
8.355887820546528122e-01
8.379656929484649019e-01
8.339343261084924963e-01
8.395456580554191417e-01
8.346237732841138568e-01
8.380935383171935760e-01
8.367353102216402716e-01
8.363694599418666220e-01
8.360282624488912795e-01
8.379483096278370624e-01
8.341939882170250620e-01
8.623715771990581036e-01
7.685327627670254236e-01
7.611087149730649815e-01
7.594705322841087680e-01
7.604011563302353061e-01
7.616428058728735850e-01
7.685763953895066170e-01
7.692661964036004996e-01
7.607485770567445904e-01
7.666481347100291277e-01
7.679775953123834098e-01
7.681184744223903405e-01
7.624973754354015254e-01
7.597688055477302971e-01
7.630381488775020982e-01
9.131958762060848889e-01
9.133681758637958170e-01
9.137449253130467408e-01
9.143898488652345558e-01
9.032291669424076241e-01
9.027742064682040546e-01
9.038690782189118256e-01
9.070519212702558010e-01
9.057350286738241607e-01
9.149643897442163443e-01
9.263932786677325781e-01
8.518932540358477024e-01
8.350493759148047701e-01
7.674306408127758994e-01
7.668293224463604840e-01
7.676711249400596238e-01
8.564270330850526358e-01
8.567863935304960155e-01
8.587436782282442671e-01
8.544543611362832580e-01
8.557614216842384103e-01
8.530229170667872340e-01
8.579230325424873627e-01
8.580706320252664554e-01
8.590025123654384531e-01
8.610319745163552696e-01
8.589077357465536577e-01
8.589124872147420042e-01
8.628755305487126881e-01
8.566010336591001195e-01
8.570817833165970123e-01
7.688401476182593619e-01
7.645008483378943343e-01
7.592077865940550785e-01
7.462949425283034177e-01
9.830471340706938843e-01
9.845901697436597599e-01
9.694670517236417817e-01
9.831477328649382841e-01
9.812618678701325869e-01
9.703086328509374914e-01
9.703120466943060407e-01
1.032679127866721336e+00
9.820039136565826832e-01
9.805930433803060620e-01
9.740275717047146564e-01
9.026827091540190473e-01
8.574101371994353737e-01
8.566764199290559656e-01
8.711666653221263878e-01
8.684688885115271484e-01
8.676769506487713723e-01
8.660859128465793200e-01
8.713685396979335973e-01
8.655200634768848156e-01
8.690295317895144755e-01
8.671185844630975303e-01
8.628330677752917843e-01
8.668751736386709483e-01
8.662142161553683106e-01
8.674298247920466665e-01
8.709600148446786649e-01
8.695829774794689992e-01
8.638292963703132488e-01
8.733902998146116925e-01
8.624824203861085614e-01
8.119104019580756226e-01
8.122903806293992890e-01
8.129611825395032243e-01
7.502548383170537516e-01
7.391894577041422387e-01
7.402725137037227121e-01
7.397108373111757063e-01
7.361350226694747256e-01
7.399075225828937175e-01
7.396038292330764374e-01
7.426474444669536323e-01
6.912379632088320180e-01
6.886828835777191182e-01
6.808698366770098431e-01
6.817915365112113824e-01
6.737477232975004338e-01
6.787321594292372584e-01
6.763949198694058085e-01
6.742230710290659790e-01
6.754378177263186123e-01
6.732509742201596703e-01
7.280095432524058552e-01
7.264024116546934362e-01
7.230329682028642235e-01
7.259746567192494338e-01
7.251433041329536922e-01
7.268773155114021112e-01
7.257149390547021905e-01
7.286410951869033426e-01
7.260171725706614509e-01
7.273099536492192430e-01
7.270836773024952349e-01
7.248267651690462055e-01
7.276043490093909716e-01
7.304392180173107096e-01
6.811827139924331309e-01
6.722048651923424600e-01
6.613035511348479556e-01
6.647699568289114902e-01
6.058509439440844524e-01
6.259641169535643535e-01
6.245891961682423776e-01
6.373232506596884228e-01
6.371846162580543371e-01
6.377237665293429281e-01
6.374352612573110921e-01
6.360882425773464188e-01
6.371263777682315554e-01
6.364117199786405443e-01
6.339328454436892191e-01
6.339162554409017991e-01
6.360242710948146305e-01
6.360895077769428418e-01
6.409778317157360794e-01
6.388903352382395706e-01
6.360484460723512257e-01
6.500761197159394822e-01
8.076603373817847764e-01
7.982998245575509966e-01
8.040901620040918907e-01
8.018602284303025796e-01
8.027858062847637033e-01
8.037244622627296442e-01
8.043550071011076330e-01
7.985337708033067861e-01
8.020376618324682738e-01
9.183861556094851109e-01
9.296548771987260817e-01
9.295838610626691034e-01
9.297647612387180960e-01
9.284640522922733563e-01
9.163462274611350322e-01
9.167104476557430548e-01
1.650176782984280832e+00
9.382299872613796277e-01
9.393019616783820913e-01
9.384015100737035375e-01
7.977541378314145781e-01
7.982462800371247225e-01
7.994148642880686273e-01
8.004685806484899135e-01
7.942284490496295257e-01
7.990123671634529190e-01
6.455812913571024048e-01
6.463350806289376305e-01
6.454784484189116656e-01
6.456762350533120642e-01
6.314134461272905563e-01
6.814169167485242262e-01
6.864400564641361946e-01
6.811125268016978707e-01
6.819956248598301185e-01
6.815597298939554127e-01
6.826750488472081990e-01
6.803900141668749457e-01
6.826683713970580492e-01
9.003061852370346507e-01
8.958030069509750337e-01
8.975659294792623921e-01
1.155134008610544827e+00
1.156082977230976194e+00
1.154613877401842403e+00
1.121587815210412398e+00
1.165792240544397895e+00
1.130561989285679969e+00
1.156140160348446910e+00
1.158957651556460133e+00
1.155888754789397455e+00
1.122238124232401546e+00
1.122423319188820212e+00
9.401937896885980139e-01
9.046743837554865886e-01
9.005725937074857690e-01
8.971299121711383551e-01
9.009720672721388546e-01
8.982736130533394148e-01
8.992436873573698142e-01
8.975867280336540244e-01
8.963173351515412168e-01
7.559511231380838803e-01
7.583206771310384564e-01
7.581366975557453092e-01
7.569550657740522492e-01
7.589516781130347667e-01
7.549299065256257490e-01
7.624639031795874544e-01
7.623253775088059125e-01
7.598668419144238850e-01
7.623469690949412625e-01
7.595969238441582227e-01
7.681831141557191600e-01
7.584524077263646857e-01
7.818717356426346798e-01
7.592515533116002135e-01
7.567771392524805796e-01
7.573778115928624377e-01
7.562553675426715305e-01
7.553388921240944409e-01
7.552419520820166099e-01
1.195558778906424813e+00
7.543937830607465589e-01
7.563154162545315806e-01
7.529939048533443868e-01
7.550954030430339081e-01
7.561004838166509590e-01
7.553865458218885776e-01
6.821998697831682668e-01
6.788436624714867529e-01
6.717165521488340785e-01
6.534885527510652103e-01
8.788251726380907902e-01
8.803315083042342337e-01
8.788388428971902755e-01
8.793066348170625046e-01
8.764499585889472533e-01
8.790027810693570309e-01
8.797121319784864113e-01
8.791579397294448928e-01
8.801857508514376871e-01
8.807677106801278244e-01
8.809254697863464489e-01
8.792629116994017391e-01
7.620155409640191335e-01
7.559696506545550143e-01
7.566520591602997614e-01
8.948928847918392604e-01
8.929254670800985672e-01
8.954270654459979273e-01
8.947974782347449807e-01
8.975798916589206033e-01
8.990964588335115248e-01
8.953222897434665040e-01
8.974782244460708380e-01
8.933324699982898576e-01
8.962687775174755789e-01
8.938686453638519103e-01
8.754582856382462364e-01
8.733013501888847729e-01
8.737019694467504927e-01
8.760860976551706480e-01
8.236081645230997061e-01
8.199057294175998711e-01
8.194869573827836540e-01
8.215030351225526273e-01
8.202446405112483463e-01
8.180068942766547391e-01
8.194703882249744220e-01
8.186519437529788945e-01
8.190304718614807022e-01
8.175679495462127022e-01
8.194240866295365855e-01
8.188535216529680971e-01
8.192315207023218582e-01
8.162718104061833513e-01
6.520123663351052867e-01
5.850191253925844936e-01
5.797321093702829664e-01
5.669652232678830117e-01
5.575636919276303338e-01
6.029814944523375075e-01
6.037771314083359986e-01
6.026919424515068124e-01
6.037524383677157491e-01
6.022671232557246235e-01
6.042721286189637331e-01
6.037208855603872770e-01
6.049800461750964864e-01
9.683407957550284051e-01
9.558248549265626615e-01
9.586599942261633256e-01
9.591144751441578187e-01
9.557820945057565742e-01
9.559933815124364020e-01
9.568445041805508922e-01
9.580897004411299545e-01
9.486581592017785391e-01
9.553731520546351330e-01
9.604378530612578402e-01
8.952844633364687166e-01
8.228129382524437263e-01
6.662406605827262407e-01
6.637402140607376877e-01
7.283705682482412014e-01
7.294503422558002992e-01
7.280345743068614706e-01
7.282438331155073330e-01
7.274637326036259566e-01
7.274674338407850493e-01
7.283516132587890546e-01
7.291172320053060929e-01
7.395428911941316352e-01
7.282909642239902004e-01
7.256968941970983744e-01
7.280941641727567415e-01
7.260604200275262432e-01
7.783810497275198692e-01
7.787753752870949508e-01
7.789706433380254591e-01
7.723308916453142103e-01
8.935013851535454910e-01
7.766094371245908512e-01
7.774026946515044667e-01
7.817545225965715217e-01
7.921197130388224483e-01
7.957619001785671831e-01
7.943214021548101744e-01
7.915105774665873728e-01
7.966424207250064615e-01
7.952807558694880985e-01
7.913890924888038469e-01
7.951059818822192593e-01
7.919687901569861799e-01
7.961969833647171146e-01
7.934311245004962432e-01
7.965381763600015708e-01
7.806907214382288185e-01
7.858315624911417219e-01
7.840313283997946137e-01
7.831945444372102605e-01
8.408713742654386758e-01
8.400650528760493785e-01
8.373253407808564086e-01
8.425536926384931125e-01
8.407635580654404528e-01
8.518902354312997138e-01
8.507766720056134657e-01
8.539052638736444045e-01
8.514404649032403238e-01
8.486680170881596430e-01
8.477719558790778320e-01
8.514076773608956206e-01
8.486627517912863627e-01
8.505660463405316785e-01
8.494610109466783632e-01
8.495971293820430148e-01
8.424533169051444670e-01
8.425904367800872707e-01
8.426275535211441570e-01
8.413523528177683231e-01
8.432248716999491966e-01
8.417630042954746816e-01
8.462647391644009254e-01
8.452642539901158436e-01
7.988367605936128601e-01
7.782423587610614035e-01
7.723038439009661804e-01
7.213671465657964799e-01
7.134133752979763266e-01
7.132047111542890727e-01
7.122961928866091696e-01
7.129269719118702664e-01
6.817161236445081762e-01
6.907551608354713935e-01
6.572174927956253576e-01
6.574506302035346694e-01
6.670106126213295461e-01
8.405358831719728085e-01
8.424387471609198208e-01
8.424047228775286555e-01
8.430703769739759101e-01
8.448459538368944255e-01
8.436377860152824981e-01
8.440664265725915660e-01
8.475778497456345484e-01
8.422549603451495726e-01
8.660004379965902110e-01
8.655371354220070534e-01
8.695607476525669677e-01
8.696232571188097227e-01
8.709179510948029668e-01
8.761697886647226152e-01
8.700754255081630806e-01
8.702976765955485750e-01
8.701985382425011517e-01
8.703903961729793082e-01
8.688679042150007081e-01
8.489697856258558994e-01
8.462837466548202014e-01
8.469217028613553744e-01
8.931256067835314782e-01
8.937948306971642554e-01
8.954023320046723411e-01
8.925434187616574366e-01
8.922978423780261181e-01
9.031601201377849053e-01
9.030843125773803104e-01
9.021798771146823936e-01
8.999509863732652049e-01
9.013977001441374481e-01
9.008487381504645120e-01
9.012820478015460823e-01
9.036403283929956842e-01
9.011711699178899249e-01
9.005308764171587876e-01
9.020577219524774648e-01
8.942915546335475918e-01
8.985027404143105523e-01
8.991439797096215658e-01
8.983360933801993742e-01
8.921011382679719937e-01
8.958292570868021665e-01
8.936503439793984649e-01
8.629457375826672383e-01
8.685149069830661039e-01
8.552254234059636362e-01
8.524542781391198920e-01
8.557305134857103868e-01
8.528006030184074326e-01
8.576972186967154466e-01
8.555129178577073334e-01
8.495981597820468911e-01
8.487375446333880191e-01
8.554374293868035606e-01
8.527088996783553920e-01
8.785749799740122379e-01
8.810988808813743356e-01
8.789521840335610126e-01
8.841228423838577433e-01
8.818424917770174565e-01
8.794389270706893802e-01
8.813417985268214849e-01
8.784027085645355060e-01
8.811761419576866761e-01
1.004426777763017364e+00
1.003863133156722043e+00
9.942508892657235808e-01
9.802705247325020910e-01
1.005880708552862490e+00
9.914349841766934013e-01
1.005648595686038815e+00
1.007116135643679078e+00
1.005314248636897334e+00
1.005265407871752004e+00
1.005083219155887608e+00
8.986998138655442059e-01
8.786033962137060893e-01
8.843067725800343171e-01
8.817375051592997171e-01
8.830032848741071749e-01
8.823212920249472457e-01
8.822647381185528825e-01
8.505679975279885063e-01
8.527552859779624628e-01
8.332725383361001548e-01
7.400580650501099589e-01
8.812696758056783874e-01
8.811623669877682863e-01
8.801914884454395960e-01
8.811245977839263777e-01
8.796701952635718191e-01
8.857708602352932781e-01
8.800484417026248618e-01
8.802230226458211959e-01
8.809529366064945410e-01
8.780183335640528997e-01
8.816700529925436403e-01
8.778207861220631569e-01
8.780339435289663541e-01
8.799110621744565819e-01
8.778179089443252092e-01
8.543701610688152481e-01
7.986861893213749175e-01
8.021986260776887701e-01
7.979546302715498918e-01
7.986796373899064383e-01
7.988023187369763800e-01
8.010137210960284193e-01
7.969754449623621673e-01
7.979913320821692135e-01
7.971104153669851256e-01
7.989968855330177311e-01
9.388024138655193251e-01
9.413134159123465183e-01
9.393397440108887109e-01
9.400947953822219594e-01
9.408092427004995928e-01
9.384464157690366459e-01
9.285258872573560751e-01
9.390421239923373298e-01
9.303433850819227136e-01
9.701650268508861252e-01
9.318243538583447227e-01
9.411342851346490290e-01
8.867887691056562938e-01
8.818149320562884697e-01
7.984139486883112813e-01
7.988139814373389491e-01
8.782079114230422201e-01
8.782924779092461387e-01
8.791370431102115690e-01
8.772084295678779231e-01
8.812806962522135024e-01
8.821818297871496517e-01
8.843322706869050087e-01
8.840546618459269590e-01
8.827575978788969602e-01
1.083268838243281795e+00
1.044812290717058723e+00
1.083059221963265095e+00
1.084142263685535568e+00
1.085526373220458973e+00
1.094176195418781639e+00
1.044791669390752187e+00
1.084529636815972919e+00
1.045065682562812404e+00
1.083448259836133243e+00
1.051337891217253517e+00
9.422023053065444742e-01
9.288470775067806384e-01
8.837356979801728185e-01
8.843701759396297435e-01
8.844883792336781791e-01
8.853301453075638205e-01
8.855762425371473956e-01
8.874734687847893877e-01
8.037747190410573506e-01
8.084309936650883044e-01
8.094950219101045841e-01
8.106257650132506765e-01
8.158636468391022856e-01
8.003262968481341666e-01
7.944735798770161672e-01
7.903815780836578320e-01
7.897995986186016060e-01
7.043841391157052989e-01
7.045141334291016300e-01
7.035657260377831124e-01
7.035348431895482868e-01
7.030924569800408586e-01
7.073100763644185607e-01
7.042725846071788975e-01
7.041067173821244918e-01
9.152851523251935850e-01
9.144764688482898141e-01
9.117750929308607866e-01
9.124896840705446488e-01
9.118990190232032500e-01
9.128039171179944677e-01
9.188623064030185805e-01
9.151884486555424969e-01
9.126686562299074490e-01
9.154386267403874511e-01
9.120994196162846013e-01
9.212434307349701701e-01
8.859556613989733043e-01
8.187018035709603403e-01
8.195672355799740183e-01
8.173697126055352591e-01
8.188371014676755211e-01
8.186706013971146723e-01
8.197649792143001379e-01
8.198437815491789182e-01
8.197444936732747323e-01
1.082526676857890946e+00
8.221864849339970416e-01
8.187625281305431768e-01
8.033542993009432642e-01
7.062017555082853448e-01
7.040526263889973491e-01
7.018380977238644070e-01
7.037359970381541485e-01
7.019542186286960028e-01
7.044692595053405615e-01
7.037232393310041134e-01
6.727849576026477818e-01
6.723066073418190181e-01
6.716969232744078866e-01
6.720912750896096410e-01
6.733546616003838192e-01
6.726655607316011087e-01
6.721838379359637017e-01
7.058200547000238467e-01
7.038925506385391717e-01
7.048308609505743449e-01
7.050673895792740620e-01
7.053451115343341016e-01
7.093090454053279093e-01
7.054982546771308982e-01
7.056498788854599358e-01
7.046183003936998812e-01
7.049661671464094725e-01
7.053471401581717926e-01
7.069911267571664659e-01
7.047623230161887964e-01
7.048885422220138031e-01
6.988881079339489544e-01
8.903684750711062801e-01
8.907879068019919355e-01
8.897080911403172365e-01
8.896681176588223661e-01
8.906539958975927540e-01
8.915224301406488028e-01
8.901411470387985414e-01
8.915617468844616589e-01
8.913561202874678013e-01
8.917189604182176321e-01
8.914393884170407345e-01
8.193380185261143200e-01
8.142862322716483137e-01
8.146469705767029890e-01
8.115816492406865423e-01
8.145391856814129250e-01
8.129337167688659438e-01
8.152418472749515255e-01
8.138972319300352698e-01
8.138984641880327997e-01
8.155522883660931699e-01
8.143272270889503339e-01
8.177865740699371555e-01
8.155331561633534232e-01
8.186134990013864687e-01
8.157579914344958993e-01
7.062242969495795553e-01
7.060320730996286764e-01
6.779148370644949573e-01
6.781763905571730477e-01
6.795520556525789235e-01
6.778669828306486123e-01
7.286309499355878572e-01
6.792377199578962799e-01
6.777586919516610520e-01
7.623747969180840744e-01
7.628748994195897470e-01
7.630012458205093218e-01
7.625630915477014105e-01
7.618603981245727352e-01
8.065273947237064922e-01
8.071200961864708479e-01
8.061127753334331736e-01
1.102606830826530437e+00
1.103646601020231044e+00
1.103690223634033574e+00
1.103086074588089716e+00
1.103498187299614131e+00
1.103143478101929587e+00
1.102171717586599042e+00
1.106511758032210357e+00
1.102837705338032270e+00
1.103538164801934007e+00
1.101750895839925803e+00
8.986194985972768556e-01
8.175995796490724832e-01
8.069218955171527652e-01
8.073758833423082537e-01
8.074257088419273254e-01
8.077211205885210799e-01
8.071470339412438744e-01
8.064035265894878846e-01
8.066453494525649415e-01
7.645898192126180382e-01
7.643904484053855031e-01
7.636522500832784166e-01
7.657665610093175035e-01
6.767102807954008536e-01
7.165368903844570037e-01
7.223632992099582317e-01
7.227704428393759706e-01
7.203513590544399214e-01
7.216309134837436412e-01
7.238261335758923165e-01
7.217284478189247565e-01
7.224118944768470607e-01
7.201982348212194740e-01
7.233502658353254677e-01
7.211631986267009742e-01
7.230994027481527642e-01
7.259970613154720365e-01
7.207450302550790777e-01
7.193020890995209804e-01
7.210978153917009248e-01
8.092040721916536894e-01
8.074522803749235589e-01
8.069350218439997890e-01
8.089988172813199485e-01
8.074810711756433834e-01
8.077866394505722747e-01
8.068276736401077676e-01
8.107300305523476025e-01
8.071691405923306917e-01
8.068527256207921328e-01
8.063126980152663936e-01
8.065358665641855218e-01
7.654992766982545715e-01
7.231533549116495596e-01
7.246524148749121652e-01
7.258447370672216348e-01
7.167420257485148660e-01
7.144323695294920729e-01
7.134244333164198038e-01
7.144717463491591092e-01
7.145289367851542783e-01
7.151811792304283433e-01
7.346035626925419004e-01
7.330050809672351564e-01
7.348285763713671148e-01
7.328541294796727668e-01
7.342543671354547774e-01
7.356549565680685632e-01
7.372640910956164140e-01
7.488987427365322302e-01
7.354663208585991985e-01
7.367618142453664642e-01
7.350811335873739250e-01
7.349843605847909966e-01
7.358440511118677918e-01
7.355516063183556996e-01
7.231698518394269470e-01
7.442881915594046216e-01
7.410008274410379014e-01
7.408524195894894415e-01
7.422637181340181467e-01
7.400475881224681807e-01
7.403145946675240285e-01
7.406558619810792443e-01
7.460749999949533029e-01
7.421826642386513129e-01
7.397570979599654706e-01
7.391468612978897568e-01
7.411941714971085338e-01
7.385338058498351899e-01
7.353969744318588075e-01
7.366259389429246074e-01
7.368714548364166950e-01
7.153358468746335852e-01
7.017700249238816301e-01
7.022294517411853398e-01
6.978646725245378768e-01
6.989833541570854569e-01
6.978811566313174453e-01
6.993865463272338490e-01
5.980460390001486326e-01
5.978127623815715497e-01
5.982754653614100748e-01
5.984369927963948399e-01
5.983076121554318227e-01
5.985061176950969841e-01
5.984570999485271381e-01
5.995217746473612275e-01
5.995768113285934175e-01
5.990638860885376671e-01
6.003320967790787277e-01
5.992305238763333541e-01
5.791155161098122672e-01
5.788371183498322026e-01
5.786623673078015173e-01
5.792349790903958962e-01
5.792046776533998909e-01
5.778408434037562991e-01
5.788986343852089433e-01
5.795438469753505517e-01
5.789689919366509674e-01
5.772459268310519143e-01
5.414098600930490335e-01
5.414931666654787534e-01
5.426672896211470754e-01
5.435607291653268280e-01
5.410456289524782081e-01
5.413384926299287248e-01
5.416066016548898299e-01
5.415510173997726273e-01
5.408498035397415471e-01
9.554689768756504664e-01
9.545621104803736490e-01
9.532004629487527136e-01
9.560212492405363305e-01
9.539346218851285641e-01
9.547203941622903756e-01
9.544765599549586144e-01
9.541937139559328873e-01
9.556197026366368696e-01
9.544008516352691096e-01
9.539832312959283245e-01
8.524298682829389850e-01
8.537484037470777221e-01
8.537795866834945180e-01
8.523765787355472856e-01
8.531490390403745350e-01
8.540482718446876786e-01
8.534889913937678818e-01
8.533935359070351501e-01
8.539439390839831390e-01
9.529477216433815956e-01
8.535931321984103759e-01
8.541502612726645793e-01
7.406753995311458061e-01
6.300306294296453835e-01
7.689440231829872685e-01
7.696525781379489617e-01
7.800702621754922461e-01
7.683146411093317862e-01
7.705901434107704784e-01
7.700601334658715436e-01
7.687540565292717565e-01
7.709097800673976320e-01
7.703302684794076649e-01
7.700126356616123768e-01
7.705228581674896660e-01
7.685699145830733325e-01
7.718867873406879410e-01
7.713212601031588234e-01
7.703417236071178342e-01
7.724429415217373140e-01
7.294739771375537973e-01
7.309300263279856491e-01
7.292236383735849481e-01
7.282222781626086494e-01
7.295528387846008656e-01
7.284836062922004363e-01
7.276884996439665354e-01
7.271208641764057568e-01
7.296567621741287812e-01
7.282208454887628690e-01
7.274659580709398332e-01
7.293564301383952397e-01
7.281939339282862411e-01
7.663013782199128432e-01
7.671130848438043603e-01
7.669248509634656319e-01
7.654309670376733266e-01
7.664763585718393779e-01
7.669874356584273078e-01
7.664355620054625895e-01
7.672162376249858085e-01
7.675945332320457393e-01
7.675898209231231117e-01
7.682435920113013239e-01
7.722894588345673439e-01
7.719675284986202701e-01
7.272450177356685197e-01
7.281211112169156952e-01
7.281502162542842216e-01
7.121864806865322306e-01
7.109347991094926433e-01
7.099582195049485289e-01
7.122120114716663508e-01
7.117427038007251294e-01
7.108386491374741878e-01
7.119316472587110534e-01
7.122390754097692733e-01
7.240285857839434680e-01
7.114137931168887929e-01
6.120104209889865032e-01
6.118126063728481778e-01
6.114621885798227074e-01
5.854016107948545322e-01
5.555915066065496566e-01
5.564521326740829998e-01
5.582383685699433551e-01
5.553318244432793316e-01
5.575510523322031453e-01
7.407578413973066045e-01
7.370054255401590204e-01
7.372572292445436215e-01
7.385113807993790580e-01
7.359744675570212280e-01
7.358601279158044628e-01
7.353424230619963753e-01
7.381916222482324264e-01
7.359598311609758525e-01
7.368075225073102974e-01
7.362584993634524455e-01
7.398355212204827946e-01
7.328547498414373917e-01
7.349973122447326368e-01
7.334985047812568881e-01
7.333540612436842965e-01
7.336368174505972783e-01
7.332518843369791872e-01
7.332390952718597088e-01
7.343487574198506174e-01
7.302530260594359834e-01
7.329017615157832344e-01
7.337404302630751163e-01
7.267889330692126615e-01
7.139177669326454145e-01
7.047909035579463799e-01
7.039706316794451801e-01
8.483199443182806165e-01
8.486452146176093336e-01
8.637662842348028391e-01
8.632808808867071804e-01
8.626170952117407920e-01
8.596369527203708838e-01
8.622894581952769144e-01
8.584930983497116586e-01
8.616530735750556058e-01
8.610947606924377329e-01
8.624159535388282727e-01
8.611672814297222089e-01
8.618974077006796852e-01
8.470593421853529481e-01
8.481420661451050114e-01
8.469610064053958443e-01
8.470133417720940860e-01
8.476647076066893272e-01
8.474367751898954637e-01
8.489028312864032033e-01
8.454204858451790372e-01
8.471176729428041563e-01
8.478677384530813876e-01
8.466326861247206459e-01
8.447030106235189351e-01
8.394786715464377380e-01
8.435775051791338797e-01
8.438334121135332433e-01
8.445124843923248470e-01
7.396156002662345186e-01
7.397828151853480527e-01
7.378146715300633041e-01
7.379458352631838025e-01
7.406599968451634819e-01
7.391502058928587360e-01
7.115381477672246824e-01
6.668051860769943495e-01
6.580388113919141135e-01
6.583921191950214968e-01
6.567028135682650980e-01
6.567114914829779160e-01
6.588009609856517734e-01
6.560797596916057017e-01
6.579529539844120034e-01
5.701371034392429538e-01
5.507994085079156443e-01
5.498097042742111640e-01
5.505090811831698794e-01
5.501623256150870445e-01
5.489257886685072751e-01
5.295273694715717516e-01
5.294617876329752448e-01
6.070834411381970108e-01
6.070563051289388223e-01
6.077371607104686824e-01
6.076667730854884431e-01
6.065122093659789382e-01
6.072825753563642071e-01
6.063419689493776410e-01
6.069202357719925001e-01
6.087838543447602335e-01
6.068718001422657160e-01
6.060075640250385254e-01
6.069797389494443474e-01
6.062383938267337236e-01
6.083000983122149874e-01
5.489273670718158860e-01
5.488640377096091205e-01
5.296657732108841499e-01
5.267255389629206253e-01
5.279177490638548020e-01
5.209247518748084671e-01
4.903827876151227727e-01
4.887419869306122155e-01
1.095779141862146089e+00
1.096680599524479716e+00
1.095674187301841185e+00
1.096668620139437778e+00
1.097289712890593183e+00
1.094622832327101891e+00
1.094122831466937562e+00
1.095747937818010165e+00
1.095804812117596949e+00
1.095754531104071283e+00
1.095647847339900283e+00
7.375373150566933989e-01
6.113410865884385537e-01
6.057752255656674301e-01
5.481000566365221705e-01
5.218017926449386445e-01
4.901156539612857577e-01
4.898489987136643853e-01
4.901472670486042849e-01
5.004657707795798771e-01
5.016992263986375100e-01
5.000771971382986791e-01
4.988594361739370764e-01
5.005218232616212015e-01
5.003365474019905168e-01
5.007681050609149587e-01
5.008473866159470766e-01
5.010571323771477736e-01
5.005973741299356572e-01
5.011824364777701657e-01
5.455524166171268341e-01
5.451455492528685109e-01
6.543422097134280468e-01
6.528073197889070478e-01
6.533824547657269832e-01
6.521636750298441809e-01
6.542627973338455138e-01
6.538279847441127446e-01
6.542201737740036549e-01
6.548370091418497241e-01
6.539830495136436106e-01
6.538261065648249826e-01
6.536837754659903243e-01
7.505657637051185160e-01
7.499558980042595469e-01
7.487102076944672779e-01
7.491455126406567633e-01
7.518175568187149826e-01
7.486653344366666074e-01
7.505176200584828816e-01
7.518877911599064490e-01
7.499802375216378936e-01
7.510657755994595286e-01
7.503153168418973396e-01
7.487235812607272445e-01
7.939464272730811789e-01
7.924907871598102505e-01
7.932492611497430346e-01
7.933588103906343836e-01
7.920238588253157852e-01
7.920873140495171549e-01
7.940968846668250425e-01
7.919856831787654983e-01
7.920572315826658327e-01
7.922123797656317468e-01
7.898658846261763511e-01
7.528346237010057340e-01
7.489961727507147282e-01
7.522044401646448275e-01
7.491936354187406222e-01
7.490731650368314121e-01
6.674727222073787436e-01
6.669247975130878636e-01
6.689425071598589234e-01
6.672483618527771387e-01
6.664770480377821826e-01
6.674954612864999470e-01
6.678650364724767474e-01
6.676645758142405462e-01
6.676141890487315989e-01
6.535860455569130201e-01
6.030849874629383711e-01
6.032748850822320374e-01
5.905658440371606144e-01
5.915154160640794245e-01
5.809904010437494382e-01
5.771946830219889524e-01
5.777691420541968270e-01
5.779843056339120100e-01
6.394735802105556699e-01
6.393327823200216642e-01
6.398499800904696722e-01
6.404800170622561017e-01
6.410667460905798976e-01
6.410333206720111310e-01
6.403521029060139647e-01
7.538372814645485365e-01
7.538767087091746699e-01
7.534633770882142034e-01
7.514393026483165983e-01
7.528652979530854328e-01
7.520005305146271191e-01
7.550294299982734936e-01
7.537364165096830382e-01
7.536858156382302276e-01
7.539578636783320631e-01
8.537658853398260028e-01
8.538465805029663569e-01
8.557660458374708456e-01
8.698174758951674468e-01
8.544676709281898708e-01
8.551917866016862657e-01
8.545960680940600795e-01
8.538439326376217053e-01
8.545757654660481872e-01
8.538141338602069919e-01
8.537983537713424997e-01
7.893471607687994052e-01
7.540074561045622126e-01
7.534252539309446162e-01
7.527328170057592249e-01
7.530209833112739837e-01
7.530796503968264499e-01
6.524991954853174292e-01
6.526106076856743599e-01
6.521921959660624823e-01
6.528526901334252841e-01
6.514054268933542335e-01
6.397219776744336173e-01
6.417521655954405713e-01
1.060383519302558364e+00
1.066669772832816721e+00
1.060821803908155170e+00
1.034757818378664762e+00
1.061207096988274534e+00
1.035206155386914517e+00
1.035754655670129143e+00
1.060765641056540698e+00
1.010037695053517481e+00
1.061123570752882328e+00
1.060842592245940130e+00
8.575322700813767796e-01
8.563617030285292087e-01
7.844046640279702665e-01
7.810528983871470876e-01
7.808420565515319378e-01
7.815595221804912951e-01
7.818677860034435323e-01
7.804180388447338190e-01
7.814256600134970032e-01
7.812917418943993164e-01
7.837702694853923013e-01
7.805149626957806896e-01
7.805155686039888518e-01
7.818480881658360637e-01
7.824619783082665814e-01
7.817101258155436661e-01
9.839560870395906989e-01
9.857074928352167476e-01
9.829869850380986707e-01
9.853064947781460248e-01
9.834566620544150650e-01
9.863271769274094547e-01
9.852034196690424572e-01
9.835144215870171847e-01
9.845478542681156409e-01
9.836109460659731019e-01
9.841330563277136401e-01
9.838645098068585781e-01
9.856584142602530241e-01
1.001616980971835602e+00
9.608177341135835103e-01
9.559673354536780687e-01
9.607439213254493904e-01
9.509065546231613153e-01
9.617676995699027120e-01
9.612180819985938207e-01
9.563781423975326046e-01
9.568296400665110557e-01
9.631956868031796848e-01
9.604012099563841165e-01
9.560189083803655175e-01
9.547421832865794489e-01
9.595969602630164408e-01
8.343792534309255604e-01
8.344765822285176160e-01
8.344915015480895981e-01
8.344487253331495102e-01
8.330741381541878487e-01
8.335574852989520167e-01
8.342056492854665883e-01
8.342990443480232665e-01
8.323984616856692220e-01
8.350938899323149256e-01
8.343961062482342372e-01
8.347282928342369956e-01
8.347498679394433907e-01
8.349438710012092590e-01
8.325808281042127446e-01
8.356680050124222214e-01
7.367417247030652039e-01
7.259838288289695019e-01
7.263382228783682448e-01
7.223746209498411730e-01
7.013926109140153908e-01
7.012262455999237476e-01
7.016534256950227588e-01
7.015434332954815222e-01
6.513735180543194225e-01
6.507302497511402439e-01
6.398746633161140895e-01
6.413982959201608436e-01
6.401484590865021973e-01
6.407074717809747577e-01
6.401582733131585545e-01
6.403870840052866553e-01
6.402744086831334558e-01
6.402810410712482803e-01
6.399550378038423304e-01
6.402822432276185083e-01
7.210791371225919733e-01
7.206196621103488908e-01
7.383709182085023137e-01
7.381325492638217689e-01
7.377570940572124591e-01
7.378933919377151929e-01
7.389788243357992004e-01
7.389780473672447059e-01
7.378185210750327627e-01
7.388199146332253830e-01
7.384255286181991007e-01
7.386467778533434281e-01
7.385829209225686087e-01
7.388006733588738939e-01
7.274394503516209420e-01
7.218319143693811002e-01
7.226882040294562159e-01
7.226572455739803669e-01
7.223650123643153842e-01
7.223671920790329937e-01
7.225176759147674543e-01
7.224016754615234515e-01
7.233190450197420907e-01
6.414737224845062924e-01
6.414879020543488020e-01
5.792939764654296830e-01
5.794918382704420390e-01
5.799870680720535798e-01
5.811369735839279071e-01
5.733236243749707528e-01
7.973730862164157829e-01
7.976117786450007685e-01
7.964968775616187990e-01
7.968883930867614040e-01
7.973377711871396656e-01
7.975573177397256019e-01
8.004611620816048934e-01
7.976033542415376099e-01
7.977294176200480091e-01
7.978225924880436581e-01
7.977979514974162800e-01
7.409344414079251928e-01
7.394646390487790155e-01
7.233494306685656072e-01
8.954442793081593965e-01
8.948202067824730932e-01
8.968862815388083387e-01
8.954604301565859403e-01
8.937239717394456218e-01
8.938476882610728591e-01
8.940323131248371080e-01
8.952424111337728974e-01
8.940719641848903221e-01
8.936526296797815405e-01
8.938668719150583142e-01
7.955735446494707208e-01
7.964915204218773193e-01
7.962204300414208458e-01
7.969854151352377958e-01
7.394236564318208416e-01
6.397447643066644929e-01
6.389569603722590196e-01
6.395121692769030197e-01
6.395803486869902077e-01
6.396357559312103591e-01
6.957604659780403100e-01
6.942811931323571439e-01
6.967006058962287307e-01
6.956556749257383210e-01
6.949015847439827809e-01
6.962785989893875982e-01
6.958789908146181258e-01
6.965932542022700291e-01
6.955894441683286855e-01
6.960407441525956473e-01
6.943007246559593781e-01
6.962113182365454733e-01
6.964984152341030521e-01
6.952371999566528959e-01
6.958252392436101719e-01
6.392491718951569535e-01
6.407586847287419785e-01
6.396557545167680381e-01
6.303657987048582045e-01
5.747625115519178207e-01
5.488639421215553149e-01
5.478815809626373934e-01
5.479035125293900688e-01
5.476465865157593704e-01
5.469642614675336301e-01
5.474212172925304598e-01
5.472049103879723653e-01
5.472739092630728441e-01
6.191399903329766197e-01
6.192189891665287327e-01
6.193584507878785450e-01
6.199208603907095938e-01
6.196342072315297322e-01
6.178676120638452174e-01
6.189855100381540520e-01
6.192163166686915909e-01
6.179045806961523946e-01
6.190183347125945978e-01
6.185035109913987750e-01
6.176996388132479643e-01
6.187400746535068885e-01
6.181371341391647123e-01
7.298392859260622867e-01
5.512564335345251365e-01
5.503116856153043024e-01
5.499878641925315392e-01
6.763737443994720655e-01
6.765632623298325488e-01
6.767584408095059789e-01
6.766224376264490248e-01
8.817075305544692654e-01
8.816968313528813495e-01
8.813772609451056006e-01
8.817147174843440460e-01
8.812101256689581774e-01
8.808372014845906595e-01
8.805729630776716332e-01
8.803053569860543881e-01
8.805512862669350183e-01
8.800756919838087500e-01
8.798960040588721387e-01
7.334009430504258020e-01
7.329835932771151530e-01
7.333199957016346415e-01
7.342804130296221032e-01
7.323868851253172441e-01
7.322950608224264579e-01
7.330326512645755077e-01
7.334058585607342584e-01
7.340521914072826171e-01
7.326620570958763956e-01
7.333698412166562708e-01
7.327459281305758187e-01
7.250140568670894181e-01
7.238362793638731807e-01
7.244675700995413248e-01
7.240107907183179758e-01
7.246021342562923850e-01
8.931474537966290761e-01
8.927769382231098838e-01
8.940061352202692824e-01
8.935771089069308726e-01
8.932332481063944840e-01
8.936231736976670836e-01
8.929282627205421541e-01
8.933719156950891138e-01
8.937098010941648685e-01
8.928572207506434433e-01
8.926593781603661126e-01
8.791823410120773730e-01
8.795669049956387209e-01
7.333969436273766185e-01
7.334910952983016985e-01
7.290715776121943215e-01
7.294315946910494564e-01
7.288376421263755844e-01
7.293027473660672610e-01
7.297584100837108956e-01
7.303588271998112669e-01
7.300554862857999705e-01
7.293144790471952632e-01
7.295856917753651416e-01
7.291399284576244311e-01
7.295230957551319673e-01
7.294372332760307165e-01
7.300121329813786808e-01
7.301705505616634673e-01
7.221622495506808681e-01
7.210727316321120517e-01
6.750990694202341214e-01
6.757365489602219499e-01
6.752164268371378952e-01
6.138539325808418656e-01
6.137858904259153592e-01
6.129249367373788004e-01
6.144395275101043330e-01
6.132293091752794023e-01
6.150977293396506784e-01
6.151871157084669584e-01
6.152118985487219360e-01
6.156599663635280439e-01
6.154876451524557979e-01
6.151542778589540461e-01
6.137746677243051119e-01
5.946135787651207760e-01
5.951876569832875719e-01
5.957609443518392389e-01
5.953178298257968404e-01
5.953116077030862208e-01
5.946947117841410169e-01
5.947466062546928889e-01
5.951736925922848087e-01
5.951559381788141811e-01
5.953226308778230003e-01
5.949450763076149507e-01
6.422350109503661697e-01
8.957951866730666790e-01
8.955756282452904671e-01
8.963456147048217693e-01
8.956640403311870724e-01
8.958812609218005374e-01
8.963243620212705265e-01
9.064102597215663026e-01
8.964544165934027475e-01
8.944682216551809173e-01
8.971996864565200402e-01
8.953089150558228848e-01
7.289182902870070535e-01
6.427850660608962485e-01
6.414442410423339958e-01
8.331498642498409435e-01
8.330341952764632740e-01
8.327596258192984102e-01
8.327782918336348317e-01
8.328883738157705219e-01
8.332787758563291458e-01
8.330961172662569858e-01
8.314713369526500752e-01
8.319556925482549659e-01
8.333608847466715819e-01
8.328734685214513878e-01
8.326701605509411186e-01
8.318348166052178527e-01
8.331209881140619888e-01
8.328784382262381936e-01
7.331051978521022638e-01
6.419850603580853354e-01
6.435899745537535521e-01
6.427819003557241340e-01
6.239039301331430476e-01
6.228394088515292193e-01
6.229806950377736463e-01
6.230629546184538459e-01
6.244135028008404031e-01
6.231165246632495158e-01
6.242948344654686288e-01
6.237142799629483703e-01
6.232792483799611816e-01
6.132941593185754492e-01
5.396814040011788105e-01
5.406455030183794364e-01
5.400051154485177030e-01
6.576632421628338943e-01
6.574235735432778505e-01
6.574330710069674621e-01
6.569899341770869539e-01
6.567646131332501858e-01
6.570527827485115324e-01
6.574565564125092187e-01
6.566846389696006092e-01
6.578121793666642514e-01
6.572311467303255661e-01
6.580058984656840249e-01
6.576802370358381111e-01
6.582270446774853845e-01
6.253022931271172702e-01
6.227241306274304833e-01
5.541496158787231341e-01
5.543406949780280701e-01
5.547064956468412689e-01
5.542055655630800937e-01
5.544250584119561065e-01
5.545940618098132990e-01
5.546234148131369279e-01
5.545814111573335037e-01
5.547657393203213605e-01
5.382525810812501810e-01
5.392822599343473078e-01
5.395060594088927353e-01
5.424856167301256304e-01
5.408283532860262977e-01
9.812142697296167837e-01
9.762375258520220589e-01
9.815528192722332568e-01
9.812235754106406471e-01
9.761892302986536762e-01
9.759605588456110592e-01
9.761952700968654639e-01
9.708613094013566203e-01
9.818524355557397554e-01
9.730871232190281273e-01
9.812584167401878776e-01
8.802133827180071979e-01
8.800975629180159965e-01
8.798310958567846507e-01
8.822233748342190873e-01
8.799538538252578146e-01
8.799532861999758149e-01
8.789846112809501788e-01
8.799489092768062459e-01
8.788175965933943123e-01
8.795294056370904778e-01
8.798963379835474941e-01
8.792449495084408984e-01
8.794487724958893748e-01
8.789796081885080659e-01
8.781076014324666890e-01
8.782775222360180711e-01
8.286511292628695458e-01
8.288919227690932923e-01
8.387920450184802590e-01
8.365575861002261249e-01
8.372920865878654695e-01
8.341093075659693490e-01
8.347834793166557521e-01
8.353464381719890586e-01
8.354262669476143488e-01
8.354240156371690595e-01
8.352881961957837609e-01
8.331335885986019818e-01
8.360455415350492858e-01
8.335002524805823487e-01
8.360270992746540175e-01
8.370216729956883039e-01
8.369352833729372110e-01
8.368163568333021329e-01
8.294996965087125806e-01
8.293261574877870412e-01
8.054155908798192876e-01
8.055290675296102876e-01
8.037086751855780919e-01
8.037761815033990231e-01
8.037467900460592007e-01
7.841130409920405997e-01
6.859245162133480456e-01
6.866645429844051574e-01
6.855923939237541509e-01
6.844084259859295472e-01
6.817658688417842505e-01
6.629893601298443295e-01
6.087648542151729014e-01
5.660036953208147370e-01
5.587160115477223243e-01
5.582915864530592076e-01
5.603754537342636732e-01
5.602592007271040009e-01
5.716800542478513991e-01
5.608874986513270322e-01
5.602939206086335888e-01
5.604564770292261855e-01
5.606949924690910469e-01
5.607734236134607197e-01
5.605875717942272463e-01
5.618404044712135281e-01
5.609546725089293862e-01
5.611383537839014224e-01
5.612408288679031632e-01
5.607592857758529892e-01
5.636507371227715835e-01
5.590736321609037773e-01
5.588211202717789927e-01
5.517724848212764988e-01
9.949322577271492163e-01
9.920100418701884859e-01
9.973932140157418802e-01
9.972191781200426819e-01
9.979151941553412453e-01
9.976671976786196661e-01
9.973779633627959385e-01
9.976036750150458765e-01
9.997435985723406304e-01
9.932224723120145482e-01
9.981211186942863245e-01
9.128103826720161962e-01
9.144869418140034734e-01
9.136858109380848747e-01
9.136858522065751664e-01
9.145449831596621504e-01
9.151859405826621163e-01
9.138077387835539245e-01
9.143162223789593757e-01
9.165366795248337528e-01
9.145658252118553655e-01
9.140054866426320368e-01
9.146043412410727047e-01
9.138821628576360157e-01
9.152090474111068685e-01
7.304021328971613825e-01
7.300257695548435510e-01
7.358401670331062849e-01
7.360979012995851889e-01
7.361221078854868205e-01
7.367539381241874352e-01
8.802932495897970444e-01
8.781916117978801894e-01
8.804178027403075646e-01
8.778822149711779099e-01
8.765506722998609446e-01
8.780030111271115434e-01
8.774719095270276936e-01
8.779524335243799049e-01
8.758030626825002996e-01
8.762505069920099032e-01
8.755472161460118308e-01
8.768622070606786334e-01
8.769624547436507545e-01
8.768119012517853195e-01
8.764929776741539058e-01
7.346628583316467953e-01
7.336041984018766282e-01
7.340493843049735734e-01
7.337732548469508842e-01
7.343147343666150961e-01
7.356644530730462872e-01
7.308973545941351846e-01
7.308017227950525108e-01
7.312778064701440650e-01
7.323044298874357150e-01
6.674942136910078094e-01
6.660727065111298195e-01
6.672715441932997038e-01
6.672491139236362834e-01
6.672173894822612805e-01
6.660891472681372827e-01
6.660481943264570104e-01
6.660473090773399996e-01
7.128615842841490302e-01
7.124068483744024904e-01
7.124153434603419655e-01
7.128008405568596606e-01
7.129437499904335285e-01
7.130573345903544746e-01
7.128926607541445915e-01
7.130372683800645373e-01
7.129116248066391659e-01
7.138880110091352371e-01
7.134681162845345481e-01
7.125101489627340134e-01
8.437750241123553874e-01
8.442349085162657030e-01
8.434167857099125198e-01
8.429809656219729996e-01
8.421405599868265757e-01
8.430299740684003007e-01
8.416192099598386323e-01
8.417932682136309852e-01
8.409227642511005740e-01
8.423031958685109899e-01
8.425789825286769119e-01
8.418281433966922078e-01
7.141741380708117592e-01
7.145035428008743583e-01
7.139249332960396766e-01
7.153324277069239567e-01
7.152092318174794183e-01
7.136769987434699036e-01
7.142698298125845779e-01
7.135345909003326659e-01
7.951480127096098860e-01
7.950860849204646197e-01
7.954898619564323425e-01
7.941046274394034654e-01
7.956983725824802178e-01
7.961578881766261384e-01
7.948661534429924957e-01
7.949623593843856417e-01
7.947328897576139140e-01
7.964087612688875994e-01
7.936314497231343745e-01
7.942769708532304573e-01
7.948660080904579317e-01
7.984629358241479569e-01
7.140049015282977640e-01
7.142115776033075569e-01
7.143400257838974365e-01
7.142542854249981366e-01
8.105236528413072294e-01
8.092444239297562625e-01
8.095067625404784861e-01
8.096996109788680007e-01
8.097599592120641177e-01
8.096675578702172693e-01
8.118430366565804190e-01
8.102476146523148737e-01
8.100531006611249030e-01
8.103022509458245315e-01
8.098795745575062544e-01
8.103661680520047872e-01
9.781643464234757168e-01
9.756944365351876147e-01
9.781485533645150054e-01
9.757862183233252384e-01
9.769457310390949889e-01
9.752230972703832546e-01
9.779447357059669610e-01
9.769622775122134284e-01
9.761349216494035197e-01
1.077743451409398201e+00
1.082086353212744712e+00
1.076665003086295425e+00
1.076225550208115056e+00
1.077131546509733528e+00
1.076023133618466243e+00
1.069018921531462940e+00
1.077383666182672117e+00
1.076829129452844480e+00
1.076024445725919154e+00
1.076631930775439727e+00
1.003127695436105027e+00
1.003089226536640899e+00
1.004204781762388254e+00
1.003305315054517699e+00
1.004089715963317309e+00
1.003120905221622561e+00
1.003134938858048608e+00
1.003423910654791085e+00
1.006196535394232372e+00
1.004115034742328438e+00
1.006944555172075262e+00
1.004232601651790624e+00
1.003611301478708251e+00
1.001384203100375903e+00
1.003811122926081767e+00
1.004313416254509983e+00
9.793262226073922161e-01
9.777335452578603814e-01
9.484791445683991018e-01
9.525651715667119435e-01
9.513780347373840263e-01
9.517883056365727956e-01
9.488637088131494091e-01
9.546901248613374191e-01
9.491807873967298415e-01
8.594564991445589053e-01
8.605763999480285920e-01
8.595633287676022194e-01
8.580499322883514690e-01
8.598649469489094699e-01
8.593258382492642289e-01
8.595326284472337708e-01
8.616100589514413821e-01
8.596299518394854289e-01
8.592871014498012494e-01
8.608574154832518976e-01
8.592625687049273431e-01
8.172404109243261994e-01
8.187074774845690683e-01
8.188041268661774286e-01
8.177549975403211047e-01
8.183707479582349453e-01
8.163932716410290391e-01
8.175808586915502829e-01
8.177939338626155630e-01
7.941198736383023871e-01
6.958225037487552056e-01
6.959008221795083271e-01
6.797835613735283555e-01
6.797951976905501903e-01
6.653889115080010574e-01
6.652376152925818520e-01
6.652097510806966874e-01
6.653601624554383864e-01
6.635446058618338361e-01
6.649436531946608664e-01
6.347904063279669051e-01
6.673381918446973371e-01
6.678993666453674205e-01
6.672120907808122281e-01
6.674805337549920559e-01
6.677182189495035614e-01
6.909954422588047152e-01
6.666764123857178426e-01
6.668249760470944532e-01
6.669573272263049635e-01
6.656482984809196646e-01
6.671619836071677190e-01
6.661849246921653922e-01
6.657228254091731579e-01
6.664057107289675930e-01
6.641970173784079723e-01
6.640067574986566745e-01
7.623660394681787134e-01
7.627876360978519399e-01
7.623625970440189858e-01
7.622725566080216231e-01
7.623307273410757645e-01
7.629687375883709155e-01
7.630916566020345959e-01
7.632410738304109543e-01
7.622666200678027693e-01
7.622890594693196853e-01
7.633547068099351129e-01
7.628540743197503859e-01
6.651983468750523043e-01
6.657280185257928862e-01
6.648846713342293491e-01
6.670587427889205223e-01
7.257741656566577548e-01
7.251935830042365305e-01
7.260721864768304723e-01
7.261874081143506743e-01
7.245448246293778594e-01
9.052140007590249171e-01
9.049254879419382780e-01
9.062210077140193665e-01
9.057139552310383701e-01
9.052354293615987313e-01
9.054493186905830937e-01
9.054010646753856140e-01
9.048591554620110111e-01
9.056051925855204132e-01
9.055726286914416168e-01
9.053079060488307128e-01
7.626423067645194953e-01
7.642848703985407610e-01
7.635821493247095804e-01
7.270922254198750601e-01
7.259544784689632158e-01
7.252410292084568999e-01
7.256547574787334254e-01
7.256649746343682983e-01
7.999569985092339630e-01
7.995984846266499524e-01
8.004006156341868516e-01
8.002925485967614661e-01
8.002512018840668429e-01
7.999034262051060162e-01
9.060629836062623621e-01
9.038415432433501984e-01
9.043198688641567173e-01
9.058805138733828644e-01
9.055665211630283817e-01
9.055883590023985352e-01
9.057932824140025874e-01
9.059400150910887906e-01
9.054738601046442570e-01
9.059923560533947873e-01
9.081239609184645900e-01
9.048398429302603185e-01
9.057584528889902620e-01
7.997408135959132025e-01
7.995548653975371733e-01
7.986577710850939482e-01
7.998536014985806464e-01
7.994212346953104564e-01
7.996639815316987088e-01
7.638200555179692763e-01
7.511313725632995375e-01
7.526113768985381869e-01
7.521400259385336851e-01
7.524223366160966986e-01
7.535462629278689706e-01
7.508113492178318804e-01
7.516684655416009386e-01
7.515086073791025223e-01
7.517010374347090629e-01
7.507152827459268041e-01
7.514406369779624839e-01
7.774807082203893938e-01
7.230771035228190646e-01
6.513503469071393326e-01
6.519842933147229624e-01
6.505165330883939667e-01
6.508841141305825584e-01
6.642523682375479632e-01
6.636507354280206661e-01
6.637188860982465854e-01
6.635784859889695131e-01
6.639236111357906811e-01
6.635414929050762467e-01
6.642651939939954175e-01
6.640357846070200631e-01
6.642496395926982267e-01
6.638615819491069381e-01
6.640964396935847835e-01
6.641598333936814536e-01
6.640337164877603282e-01
6.635599920234569460e-01
6.634256186911797748e-01
6.513177603569378915e-01
6.509955920136665242e-01
6.405706049445626382e-01
8.274139866355699757e-01
8.286632151730261020e-01
8.270844190128392448e-01
8.286105483000660854e-01
8.289845895124504649e-01
8.287257366379607859e-01
8.287676302962500019e-01
8.289803400373176867e-01
8.302078130321967064e-01
8.277836359758024010e-01
8.308935896380084118e-01
7.990066042033736604e-01
6.632201500561080154e-01
6.628778513184050425e-01
6.627585405743678937e-01
6.512071280488845870e-01
6.356317554610536602e-01
5.727248072351726060e-01
5.388631205053403539e-01
5.224263531143162886e-01
4.847582215141128525e-01
4.833787839324212299e-01
4.656281428569373215e-01
4.653854961612875485e-01
4.660767367012287332e-01
4.657226540332883857e-01
1.082241813236127115e+00
1.080437240929970288e+00
1.074852760744217539e+00
1.080714504026323963e+00
1.077149687745683426e+00
1.075452856434177651e+00
1.080319392503772402e+00
1.081295956273836900e+00
1.081624763653289412e+00
1.080332292921500237e+00
1.081584709886992846e+00
8.283949880216954220e-01
8.316329288136189435e-01
6.622801954935264579e-01
5.229714475623973291e-01
5.148929363563059525e-01
5.151548917772236225e-01
5.153207779597647198e-01
5.152533745660714537e-01
5.150985168815951365e-01
5.147752340620572742e-01
5.622084788041740167e-01
6.931959639056005651e-01
6.924044067724969276e-01
6.923812514507209359e-01
6.929267190189889458e-01
6.925113018572244261e-01
6.926476559450187587e-01
6.926770613657595721e-01
6.926240581416793773e-01
6.926833018783640217e-01
6.925712429548592786e-01
6.926429812674601560e-01
6.925976200533208171e-01
6.926192835783744339e-01
6.931785823990811446e-01
5.622746391777466712e-01
5.625776939582581848e-01
5.624918470322769481e-01
5.623936758199666874e-01
5.625723282219414756e-01
5.623376240425254080e-01
8.452399747709574696e-01
8.416783404086097820e-01
8.438711527878166585e-01
8.433446116432538053e-01
8.419747684839443691e-01
8.409310709747898072e-01
8.436763548493984022e-01
8.438628136165930993e-01
8.418272849367509636e-01
8.479429554090018861e-01
8.433681515514852567e-01
8.394611395500369833e-01
7.860110114768241729e-01
7.854379851101283005e-01
7.857843065365514024e-01
7.859032355398000158e-01
7.853421858451014037e-01
7.861052699513911834e-01
7.856186156636005835e-01
7.855208198581233869e-01
7.861800009381562093e-01
7.859888759566112659e-01
7.860626263152927784e-01
6.901016170815995610e-01
5.811273484540973033e-01
5.816500299102415061e-01
5.822378059579014220e-01
5.813806087869025641e-01
5.816786732871909171e-01
5.815966311706836089e-01
5.813038206521061735e-01
5.623951683690961989e-01
5.556167114916616967e-01
5.552743337579130189e-01
5.415737177334885022e-01
5.414440471779925490e-01
5.413753611626165307e-01
5.418572423632346258e-01
5.415782872380551227e-01
5.414059162548839899e-01
9.163032980551854001e-01
9.157306158384928008e-01
9.165000810011639798e-01
9.170502012485591825e-01
9.201027186229381316e-01
9.162826524363469893e-01
9.162712503551345700e-01
9.165217636194037398e-01
9.164172822184538658e-01
9.165404059063000375e-01
9.157661607528050363e-01
8.418103824697887871e-01
7.865282726749671660e-01
7.309641652227101272e-01
7.324415306613093479e-01
7.309417190359270844e-01
7.306479096597729983e-01
7.323168694949919733e-01
7.312455786837410709e-01
7.310048452532413865e-01
7.322708564949563792e-01
7.327430597383285393e-01
7.322661326728885367e-01
7.324204505971065871e-01
7.937760344570826687e-01
7.939005374527566827e-01
7.933867248764431279e-01
7.942038503359515333e-01
7.928898900264220728e-01
7.938752264749534548e-01
7.936989480169527322e-01
7.932384589138566922e-01
7.938693323739791641e-01
7.937137274748677918e-01
7.932305886243922188e-01
7.943158624026953607e-01
7.937333437860228935e-01
7.935903049845880464e-01
7.319183757523675116e-01
1.011178774641568134e+00
1.008043444827553037e+00
1.008144828589315978e+00
1.010918736517580907e+00
1.007753345731757344e+00
1.011714350850062560e+00
1.008152262237929975e+00
1.012737481100037362e+00
1.011616533308879795e+00
1.009576085822984526e+00
1.013028721556358480e+00
9.160823024388280444e-01
7.939094524154264310e-01
7.939664070054003320e-01
7.939109192885467348e-01
7.935416177482815803e-01
7.311087604073338575e-01
6.136326829543111705e-01
7.572242650635814254e-01
7.569952761217508819e-01
7.569782662945863105e-01
7.557352802481660525e-01
7.555885379865213691e-01
7.571919561317203007e-01
7.580738740660210029e-01
7.568199751009839771e-01
7.576172143097692491e-01
7.572262370784863528e-01
7.568852148409903613e-01
7.571190856885781084e-01
8.078925150985897252e-01
8.083812721581224991e-01
8.087151855348221341e-01
8.076518426082185398e-01
8.073238327357050714e-01
8.077267108927526085e-01
8.073226514045277469e-01
8.072676352194707583e-01
8.069159386438979897e-01
8.058934938936043180e-01
8.070760025569048146e-01
8.140682679961654955e-01
8.072506912719175087e-01
7.560529772455716335e-01
7.570781710502496598e-01
7.558246756724166238e-01
7.558000403048360516e-01
7.309058479009659104e-01
7.303777847647369148e-01
7.296863072757254765e-01
1.104500275899994444e+00
1.100658812717641988e+00
1.106230325887746391e+00
1.104038858975459281e+00
1.104741540943380507e+00
1.106404720523786134e+00
1.105805975350746984e+00
1.104963764982486385e+00
1.105460085894072852e+00
1.104066010543984344e+00
1.106968776909427410e+00
1.007533365698034089e+00
8.078187199699249366e-01
8.064706048905401214e-01
7.966977181306583722e-01
7.978823422997286530e-01
7.975153122384557314e-01
7.979591257902645118e-01
7.966943431422719435e-01
7.979084996277608921e-01
7.961983851475405993e-01
7.965558459012084258e-01
7.970235212336056474e-01
7.974727520193531927e-01
7.714960469900141726e-01
7.698284325050326338e-01
7.700831050353522667e-01
7.701642553414891346e-01
7.702108618599637913e-01
7.701849356311309958e-01
7.708335732902732440e-01
7.699215987419999463e-01
7.701028326335404017e-01
7.700337791314648683e-01
7.702186662138336137e-01
7.700732498437221629e-01
7.700068734887972610e-01
7.697955618334018091e-01
7.539103506856473791e-01
7.518886066829194581e-01
7.520839214058627764e-01
7.521840951513439899e-01
7.518429983552927798e-01
7.509773595255153644e-01
7.516669253853516253e-01
6.888177511469968373e-01
6.885772993044738666e-01
6.887668149107286641e-01
5.872803748135356772e-01
8.600835791932344154e-01
8.584877771037956462e-01
8.585924006498378835e-01
8.597319105121231653e-01
8.602839978402334609e-01
8.605877437620408354e-01
8.612404751781690404e-01
8.586208079447502639e-01
8.588079004650996939e-01
8.595241488285518816e-01
8.587454557705830327e-01
8.588648766254015632e-01
7.701574045183313677e-01
7.712779288180183768e-01
7.516685237479676651e-01
6.891646084107048154e-01
6.015072887856511841e-01
6.006059364188017780e-01
8.219117929149653001e-01
8.220016174387405616e-01
8.221385437869159762e-01
8.223199584839355758e-01
8.221268835466012392e-01
8.214423491148046264e-01
8.239225301639432342e-01
8.210364709013436846e-01
8.210509149945357521e-01
8.207129191932918122e-01
8.209784628807825779e-01
8.224560881278146773e-01
8.222437840113788754e-01
8.221933170723992879e-01
8.204376875210788178e-01
6.895466679608779348e-01
6.396586317734118676e-01
6.379822368930425647e-01
6.394159917701222051e-01
6.391613548151555690e-01
6.405332110594837980e-01
6.391117531009284924e-01
6.376727306410512330e-01
7.319846124729496584e-01
7.322304877824743485e-01
7.318916995977938766e-01
7.326292455677527737e-01
7.321744114992493335e-01
9.631761354848128454e-01
9.598654457613918778e-01
9.597531817561399947e-01
9.621350812531781482e-01
9.607185509776555721e-01
9.625216417686972559e-01
9.622547975522861563e-01
9.632314589416893780e-01
9.631051727160306886e-01
9.629143215691361446e-01
9.624463403526092309e-01
8.605641080008548105e-01
8.224901142332965431e-01
7.807626328895080903e-01
8.423520028328164155e-01
8.871946423834183859e-01
8.489539779214603232e-01
8.423551345777049448e-01
8.437053835857789563e-01
8.426373520018397567e-01
8.436435647863518295e-01
8.427002684936917287e-01
8.438753655484163563e-01
8.425260942559724686e-01
8.428207451106162207e-01
8.426547345875838868e-01
8.441621207718379427e-01
8.442091098447552788e-01
8.431801654810862079e-01
8.477355088891560531e-01
7.806494483183323840e-01
7.800369234903757887e-01
7.809645643451356145e-01
7.813988857217585293e-01
7.319236831211657357e-01
7.320151990426737587e-01
6.899033560395984033e-01
6.899723594526938619e-01
6.898731961784903000e-01
6.897312200992118392e-01
6.894931153167501714e-01
6.904820134847086122e-01
6.892164883337901227e-01
6.882894629197994218e-01
6.889829042963292460e-01
6.895758283542470224e-01
6.884745211434015744e-01
6.885648047668685434e-01
6.882920846019056071e-01
6.996578372073934959e-01
6.992969547849340328e-01
6.996664133364511873e-01
7.320025283793547555e-01
7.308088005152515443e-01
7.309836369333603256e-01
7.297388361430092729e-01
7.309653718122716137e-01
7.303576146509428435e-01
7.310209214308016623e-01
7.304039821073498029e-01
7.307363173097600750e-01
7.574139915212024787e-01
7.300374026442529862e-01
7.301068118295593878e-01
7.295272460364313760e-01
7.007248701924261303e-01
7.005434737670039880e-01
7.000246737383477580e-01
6.997719382249592002e-01
7.001997247655580292e-01
7.577996142126129930e-01
7.579040390866617072e-01
9.264220794453398300e-01
9.334581912015137428e-01
9.308111203006232959e-01
9.333213295462627901e-01
9.288084107727792027e-01
9.297031657290759643e-01
9.296510936550330673e-01
9.342231100224553941e-01
9.288950371581679022e-01
9.341431083730714624e-01
9.240641342797039082e-01
8.665582368603214070e-01
8.670136254713660673e-01
8.694357922467266242e-01
8.688425642242779690e-01
8.679310502160312302e-01
8.662774238289127071e-01
8.660343111556267903e-01
8.684947127441202674e-01
8.704333061440141517e-01
8.663898868753723281e-01
8.644360844407870115e-01
8.667813512959285926e-01
7.576370220569241809e-01
7.569413529428480336e-01
7.575933849039993007e-01
7.572573659448739170e-01
7.295555981412926716e-01
7.011206774602717351e-01
6.914902143784436017e-01
6.916751408394988809e-01
6.917592963948493434e-01
6.915469254662818255e-01
6.915231948577140741e-01
6.923522890530695584e-01
6.915450333790653659e-01
6.884159663932933881e-01
6.877033234735843159e-01
6.418486768409099597e-01
6.098300901384601236e-01
6.098462753565607741e-01
6.090803450406019337e-01
6.097147199220349645e-01
6.093004321724342365e-01
6.097684108664378488e-01
6.090286882603754837e-01
6.099038171136732522e-01
5.877609843106204046e-01
5.564600861524280351e-01
5.298236014814650119e-01
5.299934229361301652e-01
7.600853356449708276e-01
7.583610052021119152e-01
7.588674672874400340e-01
7.592692427942099309e-01
7.586038734957808449e-01
7.574546520358266255e-01
7.576551162364869585e-01
7.579026206910910446e-01
7.577230761361457567e-01
7.578422743876227496e-01
7.584553061192409462e-01
7.584256869276700952e-01
6.994873493376598805e-01
6.990959399207116176e-01
6.995571263072685175e-01
7.002550341317016480e-01
7.003717287355401000e-01
7.000522082675721958e-01
7.003235340045153023e-01
7.000382805944823650e-01
9.219850068396048259e-01
9.227790176609421691e-01
9.214461100938794447e-01
9.225862593235077957e-01
9.215720243349156959e-01
9.214899360863840760e-01
9.219031897216674043e-01
9.223503667843699905e-01
9.223709200579908174e-01
9.216719775836617057e-01
9.231164955673080152e-01
7.588190635901426173e-01
7.581882416654128765e-01
7.577427992514792487e-01
7.007405605954069028e-01
7.008612761459727114e-01
7.000412205118701214e-01
7.464664412981261155e-01
7.465115125654816497e-01
7.460407397486222836e-01
7.472544596480290569e-01
7.457182251683543983e-01
7.454002227898532951e-01
7.458085019218847478e-01
7.459252653176038361e-01
7.455507386978308393e-01
7.458710816820995904e-01
7.455882162388129952e-01
8.446687425251880876e-01
8.447943168835742034e-01
8.463174958152639427e-01
8.454054194191498173e-01
8.453630971876578970e-01
8.449755846951159111e-01
8.451907185366003272e-01
8.447466795289458874e-01
1.076958605546175285e+00
1.076602019217562933e+00
1.076832318187821436e+00
1.077307975460800149e+00
1.076432024132996990e+00
1.075719458971322151e+00
1.076600113782784973e+00
1.076183440110763945e+00
1.078972955391686028e+00
1.077311472340176213e+00
1.078137277887495582e+00
9.207686187689778645e-01
8.444793961653610515e-01
8.445378354277008892e-01
8.441505723343126766e-01
8.444893257142168652e-01
8.443216380450561109e-01
8.444636170401240705e-01
8.172883169666336212e-01
8.166689378970923840e-01
8.174533257463107994e-01
8.172155949765049776e-01
8.182059576378291066e-01
8.170052376371140790e-01
7.982061330586055492e-01
7.995173672096448358e-01
7.976601758519958896e-01
7.982685039285544182e-01
7.989412539108743383e-01
7.979378110743982067e-01
9.581157008536020925e-01
7.979348021658353440e-01
7.988874399326706399e-01
7.977614464000186700e-01
7.791346899794312497e-01
8.312285833293507897e-01
8.320090065798666501e-01
8.292217117112977709e-01
8.317056196538445967e-01
8.742485677874107797e-01
8.742970001544417835e-01
8.741992976118190262e-01
8.741447624772765712e-01
8.738106559179735777e-01
8.751710228359514954e-01
1.123759961082634540e+00
1.124832546111034670e+00
1.125534013884852413e+00
1.125106204648796071e+00
1.116911733434185372e+00
1.126402022063792918e+00
1.128116808375450031e+00
1.125199402701918316e+00
1.125272176416762804e+00
1.117100025979889555e+00
1.126533093393404350e+00
1.076478743904448088e+00
8.751803277403336079e-01
8.744991270024734531e-01
8.747965751549059421e-01
9.444099193039174889e-01
9.435359239259468733e-01
9.443048271791421033e-01
9.441976152851987436e-01
9.449547469053488635e-01
9.438836083843844538e-01
9.443208206847171216e-01
9.442012397416644776e-01
9.444611863525879114e-01
9.434797442751794438e-01
9.435991972243235049e-01
9.439973384012482205e-01
9.440500437281122981e-01
9.440298600930583373e-01
9.433021916815493846e-01
9.051900481605654747e-01
9.059264316034827402e-01
9.063332516279125617e-01
9.060930907992648109e-01
9.062617675866486699e-01
9.063381965678782848e-01
9.059995719970908024e-01
9.105129226722982194e-01
9.067548430118591574e-01
8.756422484118758787e-01
8.352169692506890009e-01
9.436936928092859445e-01
8.268765394450079409e-01
8.266930347886141117e-01
8.270079250214190658e-01
8.267597933294106305e-01
8.251590955834687824e-01
8.258618751743395103e-01
8.184197497988803249e-01
8.180911765058868079e-01
8.180891309531449496e-01
8.179741459971410222e-01
9.511875054346865532e-01
9.508448053955478318e-01
9.504808711197663129e-01
9.517855093412672662e-01
9.504347379618840463e-01
9.510681811457495360e-01
9.510015625716189414e-01
9.508740311568724124e-01
9.518936815561157561e-01
9.508772470048925118e-01
9.560991268341805238e-01
9.505763613200651774e-01
9.045667574490351415e-01
8.859141526955363055e-01
8.851628612582814748e-01
8.845491661773332570e-01
8.843744791503687086e-01
8.850700040696115600e-01
8.862303568352288830e-01
8.853377301180990200e-01
8.852105098431684027e-01
8.851393418417113912e-01
8.847389973950455788e-01
8.860978779697532559e-01
8.844666480033477329e-01
8.856631179148156674e-01
8.849266040830134905e-01
8.267282843988958962e-01
8.250746380672251412e-01
8.271943662330409897e-01
8.254376855435185956e-01
8.244881179798270177e-01
8.248919146784016165e-01
8.256967209537992014e-01
8.257260998355420156e-01
8.249796096786472521e-01
8.257234933461046200e-01
8.249235622215919106e-01
7.955769163862923543e-01
7.954909374793793786e-01
7.092874571474472312e-01
7.085447811965057685e-01
7.095191803135482145e-01
7.093412998194310592e-01
7.057224409183888714e-01
7.055896606073452926e-01
6.977082943594216102e-01
6.974503180884782383e-01
6.771530671673120505e-01
5.647615772178325999e-01
5.379467490167586519e-01
5.152534668308231813e-01
5.153439927177771995e-01
6.579607633300068592e-01
6.586541019612746073e-01
6.581455947235624881e-01
6.584090200089794953e-01
6.586807579127856860e-01
6.580751877426804786e-01
7.156374002339425111e-01
6.571427941101045667e-01
6.570736896898038415e-01
6.569113606815935036e-01
6.577501839022872332e-01
6.569324151853863647e-01
6.574961823591995991e-01
6.574799563801063673e-01
6.569496786469211091e-01
6.197384924447362220e-01
6.191212588667681649e-01
6.195163891976871451e-01
6.197179494349592810e-01
6.191493546149960947e-01
6.191155552822943386e-01
6.192616788958724694e-01
6.195603017778307242e-01
6.199418610903268956e-01
6.193955849444391371e-01
6.192724228701969036e-01
6.168000367690997798e-01
6.160793089274210210e-01
6.170145917126909074e-01
6.163215929163154971e-01
6.165187204615070193e-01
5.927925203068793447e-01
5.928525924822706239e-01
6.412006892428745441e-01
5.928988388586766689e-01
5.924945780075392410e-01
5.927826571038931069e-01
5.928304360093838987e-01
5.927156136034086309e-01
5.926300007704060624e-01
5.924093989732485133e-01
5.924853396535545436e-01
5.924508730824572522e-01
5.931665735221748337e-01
5.924964602798954427e-01
5.927730897825815859e-01
6.652469242076775036e-01
6.649622503866928769e-01
6.651261636226639684e-01
6.655618514126744323e-01
6.652948309470307908e-01
6.648382130555846592e-01
8.692948864391168984e-01
8.698751929967084573e-01
8.695261041207519304e-01
8.689901153393702060e-01
8.684653631193813839e-01
8.692777217604233941e-01
8.691362225707154332e-01
8.692134908508912794e-01
8.687309867436380229e-01
8.689533975400796084e-01
8.689158474433164026e-01
7.840211017168037255e-01
7.833956001185857776e-01
7.833838806123689658e-01
7.829586613629030412e-01
7.838545915487529214e-01
7.831590127227107123e-01
7.833385059494014646e-01
7.829854172686236957e-01
7.834677035372847875e-01
7.827507668858637579e-01
7.831207820081679261e-01
6.660410750820302539e-01
6.660446241497037789e-01
6.653132029833483951e-01
6.656510921446665563e-01
6.559145562535498852e-01
6.556720645038240924e-01
6.561730187809153847e-01
6.560456749345044969e-01
6.556091737466527292e-01
7.330722859901309674e-01
7.327299893097645178e-01
7.339233967580146567e-01
7.328042590264565170e-01
7.339857469442506721e-01
7.337939410465366130e-01
7.338242841161063401e-01
7.353926738163127919e-01
7.330288177170779518e-01
7.330569375415849631e-01
7.338115814922793190e-01
7.342282707507252759e-01
9.317977137682089683e-01
9.323703203260442773e-01
9.267393645781393241e-01
9.268131770395704461e-01
9.263436179324956443e-01
9.269237059739151574e-01
9.320024040344666583e-01
9.263021706275151868e-01
9.325185213977441601e-01
9.321492193106117874e-01
9.322534742508938876e-01
8.678442562942686456e-01
7.346586314475700430e-01
7.333421014776572155e-01
7.345654652332584966e-01
7.331943604237508572e-01
7.336819713976164836e-01
6.612880083096545070e-01
6.600451137540697122e-01
6.619231551733795182e-01
6.621721033445524540e-01
6.556770742309337985e-01
6.090929393230521960e-01
6.698289084895524548e-01
6.688405137667567946e-01
6.682871626964526079e-01
6.689278377211083093e-01
6.689028138172037341e-01
6.687647624633735743e-01
7.155172433446911340e-01
7.153400140484775793e-01
7.156276509622592208e-01
7.158447124569277120e-01
7.141005979703614059e-01
7.156894769170082382e-01
7.159946090290134624e-01
7.155069018684953042e-01
7.154929003285201983e-01
7.149677859484621090e-01
7.157762813117054534e-01
7.157028773889662077e-01
7.146653170092205354e-01
7.154673520336869430e-01
7.150248716571807606e-01
7.142183123377239262e-01
7.135364219832623922e-01
7.135074527330571570e-01
7.141176489723047860e-01
7.136060041359155726e-01
7.140517441591950343e-01
7.137624813152549930e-01
7.136588475521451480e-01
7.131311368499755332e-01
6.689035452938670856e-01
7.029094159369142503e-01
8.354869961196407235e-01
8.351477214697086149e-01
8.350562885243716371e-01
8.357510725049979161e-01
8.353356958779171171e-01
8.371208721958167676e-01
8.356538720512446394e-01
8.352140129440590588e-01
8.348015967217836675e-01
8.354314391503794290e-01
8.349178376102632804e-01
7.355501280415084331e-01
7.155867095951351509e-01
7.139082787571982003e-01
7.143129798342973125e-01
7.141524630570829091e-01
7.031089935405410163e-01
7.028767432259145354e-01
7.032507363999780381e-01
7.029241920145545830e-01
7.030821044034696321e-01
7.031077058601604701e-01
7.030931385230690944e-01
6.582905885347530850e-01
6.584694757748431604e-01
6.580189780560909973e-01
8.428047082004792578e-01
8.692438492229151992e-01
8.431861954003767590e-01
8.430273393943225058e-01
8.434151082773175823e-01
8.441636070485782906e-01
8.429790616814430981e-01
8.549582105100224094e-01
8.441069955180970918e-01
8.435724382423165357e-01
8.435033983959782100e-01
8.358954423072860740e-01
8.359552578896046748e-01
7.129016928724262181e-01
7.031618092271259002e-01
6.624254669141282914e-01
6.586740635948703515e-01
6.590634208385106607e-01
6.583965092953933951e-01
6.586389926053135557e-01
6.586658093730716201e-01
6.494413510706369408e-01
5.780752530338557627e-01
5.783790998435535125e-01
5.768199382864328539e-01
5.768225586437679686e-01
5.772521035940729739e-01
5.784859330595043536e-01
5.781213164419445327e-01
5.781741923899645919e-01
6.849533737716302362e-01
6.847355757037938417e-01
6.848347234591717347e-01
6.846548316100471432e-01
6.849696748275527769e-01
6.863586086978132883e-01
6.849008234953819496e-01
6.848794479049258310e-01
6.849413093719791679e-01
7.061076407659376830e-01
7.067314382512952520e-01
7.057490193763122921e-01
7.065635728338048871e-01
7.053913298345415583e-01
7.065225396804157842e-01
7.065544441216060623e-01
7.065013914203637224e-01
7.063507738898904265e-01
7.057829331000975426e-01
7.064274087121815704e-01
8.293401522089778322e-01
8.296179496638371731e-01
8.292145839018278952e-01
8.294471195081538628e-01
8.286705956912658877e-01
8.290039261700037354e-01
8.293435595037587094e-01
8.298983985786565487e-01
8.299839358977897374e-01
8.298881680362872881e-01
8.360909577796180603e-01
8.299791511198681970e-01
7.068397746651289282e-01
7.065422857460547101e-01
7.064731424176240449e-01
7.072703525913907052e-01
7.059058589616095114e-01
6.984911933974548015e-01
6.998917158888791068e-01
6.986241168672727708e-01
6.983168790429077344e-01
6.983056142964457758e-01
6.981666389158859287e-01
6.983852252681304051e-01
6.980804167217404821e-01
6.979680378576152977e-01
6.982999160288034801e-01
6.985511443165492995e-01
6.981813299085540825e-01
6.988983199635775412e-01
6.989959376234706756e-01
6.865710293528803909e-01
6.843153490496270974e-01
6.844734422927665207e-01
6.844204895442973502e-01
6.843161864088062041e-01
6.842962261826529557e-01
6.843688142432275967e-01
6.843088244107395912e-01
6.842813348832202935e-01
6.843398558394926390e-01
6.226110768483881230e-01
6.531944250129200213e-01
6.533704822430788095e-01
7.435045868491884091e-01
7.433823779456814052e-01
7.431488534434007587e-01
7.433719867675288029e-01
8.900920758541333022e-01
