2.930586611373938721e-01
2.906813940839085841e-01
2.840051161033022575e-01
2.573460439333064564e-01
2.600424041277842879e-01
2.706601620638741656e-01
2.697772462531587978e-01
2.687722195066571951e-01
3.042255830399447913e-01
2.931298911195939216e-01
2.839798857983166780e-01
2.840212574319774808e-01
2.989076494515018334e-01
3.051153479325455220e-01
3.141537819007276244e-01
3.045153617190289319e-01
3.002680418398332440e-01
2.937152807070794180e-01
2.941629134357908737e-01
2.889347188561701696e-01
2.917783993490478123e-01
2.897845223624111455e-01
2.868319743701162605e-01
2.858478723004161948e-01
2.884039783968239679e-01
2.866344364848075199e-01
2.965715626972400543e-01
3.024701512007312854e-01
2.945126898746168731e-01
2.929551435468086273e-01
2.920244621905834226e-01
2.832284680551868106e-01
2.930579658215503591e-01
3.130510704567431302e-01
2.846898828434772377e-01
3.008996410285399437e-01
3.239851033536462754e-01
3.492662308508968083e-01
2.837198421791614633e-01
6.402738197404149734e-01
2.819735164545629780e-01
2.894033231173840370e-01
3.122527259802408972e-01
3.091794597936568523e-01
2.997755104964707762e-01
3.113407222252296824e-01
3.288455197935185592e-01
3.431057327629646880e-01
3.452738158091347431e-01
3.415747508326120729e-01
3.400809499606144981e-01
3.409917511260961986e-01
3.424325693747587995e-01
3.451554058290784432e-01
3.440224492400891232e-01
3.411093086410661446e-01
3.480543629522679927e-01
3.412799652919527582e-01
3.389525115491969220e-01
3.375287990853295672e-01
3.376417899908813469e-01
3.373285181821001344e-01
3.382203727422231632e-01
3.386556255725192699e-01
3.372774832192548256e-01
3.254419627523026382e-01
3.234848091207020437e-01
3.378155215789263033e-01
3.659303023457417536e-01
3.643997394377250787e-01
3.582545972227404452e-01
3.494777451513896849e-01
8.308918541962913018e-01
5.259874458932467522e-01
3.608732075225049574e-01
3.604824281837761824e-01
3.602801933604733442e-01
3.554673908087463974e-01
3.518784706163108345e-01
3.472571142662049248e-01
3.588036079768013309e-01
3.560446622896285551e-01
3.607299355429284260e-01
3.941788059809567812e-01
3.664428488584494104e-01
3.638160192822835759e-01
3.711852031417763320e-01
3.885074581764185186e-01
3.867233531457163753e-01
4.183465449625305976e-01
3.992469170615425833e-01
4.030433940030098694e-01
4.203371414033410525e-01
4.162363742191156901e-01
4.307563636471566371e-01
4.404093098384086469e-01
4.322365939167094329e-01
4.371499089649668601e-01
4.329119467880847005e-01
4.377887766226983834e-01
4.465104259155263655e-01
4.449407416528470272e-01
4.515902663672723971e-01
4.471387369872254491e-01
4.479201274960293300e-01
4.481094809784504918e-01
4.450934280993220638e-01
4.425214597051703724e-01
4.431812718434384735e-01
4.428613098988291030e-01
4.570530319233735428e-01
4.423721708844476908e-01
4.550687795688221904e-01
4.529830954680879040e-01
4.531042908961057103e-01
4.509055902568855911e-01
4.284606820372066638e-01
4.446536068649925566e-01
4.384987989254626184e-01
4.364363334329432464e-01
4.389513032697310302e-01
4.368371082846180253e-01
4.419062135116179624e-01
4.542598784188833227e-01
4.487571744902552062e-01
4.450341345730950415e-01
4.329855540719628193e-01
4.229835363931097048e-01
4.410715278709718690e-01
4.355924819830859773e-01
4.608464364116507950e-01
4.614833020931198293e-01
4.589004143649435541e-01
4.397949116051962370e-01
4.478869468033776502e-01
4.486665265226943422e-01
4.415413607626603731e-01
4.379400770392451459e-01
4.391660415185137945e-01
4.466439025691557596e-01
4.371072441298473055e-01
4.338530772959642845e-01
4.374018750764719354e-01
4.372797497897483732e-01
4.498852767669282993e-01
4.385645426458689156e-01
4.377024757428190638e-01
4.388538763962776534e-01
4.375834641450981333e-01
4.333575704397940598e-01
4.339539282589928715e-01
4.320276292281249320e-01
5.492696853802170320e-01
4.817306119152653388e-01
4.853153006258904556e-01
5.441270887540418100e-01
5.447885234318645686e-01
5.342949440770885516e-01
4.770113809360911339e-01
4.725118201358126657e-01
4.696772345904317025e-01
4.726512274098098043e-01
4.689157597499041819e-01
4.809823187175353287e-01
4.720955414796157434e-01
4.716384435167954026e-01
4.656120397888048323e-01
4.661944162429160765e-01
4.732840668464251555e-01
4.623413168182797239e-01
4.573514257904529590e-01
4.596609858955257866e-01
4.547366509960372172e-01
4.580307327743329271e-01
4.621138902825155381e-01
4.582098526680095096e-01
4.559868929243356406e-01
4.662236545781123787e-01
4.666605313979507730e-01
4.674229700221864681e-01
4.670376673763706465e-01
4.554914884685161147e-01
4.531043238485683577e-01
4.535779118399908549e-01
4.745518947427781464e-01
4.632618147357547844e-01
4.640058198464842576e-01
4.529943963339543300e-01
4.671398244726174265e-01
4.605205063646843344e-01
4.546015107387753607e-01
4.530800290425004984e-01
4.480385721441583202e-01
4.469469910263504930e-01
4.600618973169141590e-01
4.614398929095206991e-01
4.582005053476487788e-01
4.573046349972051949e-01
4.536202477140766076e-01
4.555058086562888686e-01
4.482674453181580976e-01
4.475241229984878721e-01
4.447177945815500300e-01
4.451575573619218074e-01
4.383785873865330140e-01
4.407650909696050334e-01
4.430400472987939819e-01
4.400791954701395725e-01
4.411175167939012098e-01
4.461220341327787331e-01
4.334921391999965734e-01
4.293035593779726544e-01
4.372129495944454547e-01
4.376313522419892355e-01
4.303880581098400993e-01
4.159969346703972226e-01
4.164692244485470596e-01
4.158581876874817285e-01
4.163987690811463693e-01
4.141058266251960163e-01
4.126604240893264608e-01
4.118905619501010418e-01
4.115278081025192658e-01
4.112213055263526651e-01
4.120370520905917711e-01
4.115247540557627204e-01
4.108948142915154755e-01
4.094404697069896626e-01
4.096270357459580458e-01
4.098308570354549651e-01
4.092939293858757210e-01
4.079495251819161283e-01
4.043340396878672971e-01
4.030660112861704225e-01
4.016961709654559565e-01
4.030032013998202656e-01
4.045312245494466219e-01
4.151642164176156391e-01
4.206112137862254574e-01
4.407507094555940808e-01
4.702119800630027435e-01
5.064483030421098597e-01
5.135889944256272210e-01
5.203605767475085742e-01
5.080525767395145387e-01
5.144092793722429002e-01
5.067167043775382407e-01
5.068788454554439271e-01
5.445326394910563472e-01
5.399719908563340720e-01
5.363616246869290505e-01
5.329561749576483543e-01
5.203925177111972111e-01
5.209438001660966489e-01
5.184034255085065990e-01
5.189160900686536904e-01
5.146621692854598251e-01
5.109532822989432121e-01
5.078404728803356250e-01
5.032960121507674689e-01
4.986715485370152856e-01
4.978713166964400250e-01
4.959506665683915960e-01
4.934324819369129145e-01
4.926616190234653914e-01
4.923823945279327541e-01
4.922975521676017374e-01
4.907082427717860962e-01
4.918564832853533075e-01
4.854200260137190304e-01
4.890792453950257856e-01
4.850784405256682863e-01
4.851184905526630398e-01
4.872105403950837132e-01
4.850576795276524411e-01
4.775749800790221045e-01
4.649305466144462717e-01
4.651366583495133433e-01
5.192172588151959811e-01
5.190918425193491448e-01
5.256451121599292620e-01
5.205972328797718873e-01
4.979096773384592556e-01
4.839091130313503131e-01
4.777484196509598213e-01
4.684079184100974902e-01
4.765909605946545557e-01
4.667162035593972469e-01
4.671818111350580782e-01
4.729014983322951116e-01
4.743574078775401048e-01
4.736086937383083284e-01
4.683813328549274457e-01
4.681545284394846296e-01
4.696529159243297835e-01
4.670085035441329246e-01
4.670595441667855230e-01
4.651147403066407948e-01
4.637015420277363908e-01
4.655245341510700352e-01
4.616326383344614981e-01
4.609275363663713487e-01
4.602492608550559638e-01
4.572163221455299853e-01
4.582042209652809062e-01
4.586354307740339586e-01
4.618829647489504087e-01
4.614303976800391283e-01
4.513469818144023038e-01
4.545076894978864468e-01
4.491777467202169860e-01
4.498203306971333415e-01
4.488136243290532512e-01
4.483358840517908117e-01
4.488277010055809479e-01
4.479235013992313719e-01
4.453737470307548296e-01
4.435017930922507956e-01
4.413694465344939477e-01
4.413979014302136239e-01
4.470096020834397610e-01
4.489014438246415883e-01
4.472537602506228005e-01
4.437272565859060047e-01
4.457677365912173784e-01
4.435076933679020228e-01
4.494544593591915937e-01
4.491236495260605976e-01
4.472914771971937542e-01
4.477772251275594639e-01
4.470961054291459069e-01
4.447033574820211665e-01
4.446282965618182370e-01
4.425408145000187532e-01
4.441700246101190630e-01
4.447532565742763344e-01
4.441628056595214868e-01
4.389714991874840155e-01
4.390272755854904840e-01
4.508599084145849534e-01
4.496488808673505533e-01
4.529990359626545615e-01
4.518600350069978400e-01
4.507316764401981812e-01
4.536385193570172669e-01
4.529306635945665738e-01
4.394093882868255196e-01
4.384604399919800888e-01
4.348874878191523741e-01
4.312420338184990154e-01
4.287258727105566769e-01
4.256271701069040403e-01
4.455684793856616865e-01
4.436383878550217430e-01
4.407302483911535451e-01
4.438861883598346769e-01
4.464954544511656742e-01
4.404019890607612786e-01
4.358780825439200757e-01
4.358793174845496665e-01
4.357593707025725904e-01
4.357390368699426975e-01
4.379235952557183342e-01
4.393988384740210584e-01
4.367171418005027506e-01
4.372170890716993719e-01
4.324419156611058468e-01
4.316829310745938786e-01
4.297303481850985318e-01
4.291737607841861757e-01
4.287063860710941809e-01
4.285679964994579816e-01
4.266620083830570676e-01
4.250544157621622965e-01
4.253796024064772086e-01
4.230615761900035077e-01
4.222834187842762765e-01
4.202117030276820153e-01
4.196566701352955620e-01
4.183314694758760721e-01
4.165858533465748303e-01
4.119403621717337982e-01
4.126910414243801783e-01
4.114676305315951854e-01
4.105201643096241249e-01
4.078566918658212970e-01
4.162309236722181449e-01
4.158754471993040269e-01
4.387879304220628773e-01
4.419376552757087184e-01
4.393356680100774514e-01
4.393116747256204935e-01
4.404788658846428562e-01
4.370520316841534081e-01
4.394922646433928604e-01
4.358610379859396144e-01
4.347061958716174068e-01
4.334407807652113087e-01
4.353437781429740361e-01
4.339701923633165204e-01
4.252784232753097915e-01
4.216149873266892278e-01
4.230788766747282659e-01
4.367402730211611406e-01
4.475174848543054251e-01
4.484968196507037597e-01
4.780229107912830622e-01
4.961816816231479077e-01
4.998535461749078479e-01
5.023020469545329547e-01
5.675369303151351907e-01
5.644545490371626340e-01
5.624533812444648673e-01
5.633160342422071087e-01
5.308720075177099096e-01
5.185953398103727574e-01
5.146071535671428165e-01
5.144463627655274651e-01
5.103530570378651543e-01
5.052627154198404691e-01
5.065952415205898784e-01
5.045845292887933820e-01
4.928261602710699019e-01
4.941172102880552752e-01
4.957087293701619712e-01
4.955163807536382414e-01
4.939222626582076003e-01
4.944132856662561970e-01
4.930345720235880247e-01
4.952466647240868491e-01
4.930369055265941824e-01
4.914826078600995629e-01
4.908584129414320096e-01
4.908390757993165154e-01
4.929985905412452851e-01
4.931112401988836380e-01
4.934849933741746741e-01
4.927053981571633545e-01
4.932799474994615796e-01
5.350802925952592437e-01
4.926239985652999809e-01
4.885551458330089636e-01
4.924230064430685783e-01
4.909221793697708391e-01
4.864055718307334075e-01
4.887493732664581758e-01
4.769671224387281860e-01
4.693164163495761043e-01
4.625622397320858781e-01
4.636231940465108670e-01
4.626552197248324783e-01
4.654114132124316239e-01
4.634797634989875625e-01
4.508098260075744101e-01
4.502945634778037221e-01
4.409957597785750805e-01
4.406242985231018094e-01
4.379230125087261172e-01
4.327285735705412861e-01
4.292544835965368399e-01
4.281188827152944132e-01
4.292893134321069670e-01
4.291007865709931535e-01
4.271840331245975730e-01
4.267346952074746458e-01
4.270401848995470928e-01
4.250472809282522801e-01
4.268913449444751151e-01
4.278493964160583474e-01
4.271894894400173892e-01
4.263737153698330951e-01
4.250991994466579715e-01
4.256891015319962390e-01
4.247986541788520976e-01
4.249192669746735818e-01
4.172350221461789688e-01
4.160025941180924836e-01
4.144660505221224867e-01
4.118200029364250669e-01
4.135744016518800859e-01
4.107116949442670695e-01
4.064860127939398105e-01
4.084547265045140874e-01
4.073888871668442935e-01
4.058917563539144457e-01
4.043530046130141553e-01
4.216965840241013730e-01
4.273316231891083339e-01
4.628518521930581331e-01
4.665077384039444386e-01
4.635462164528569851e-01
4.699987387370392899e-01
4.697320850725920094e-01
4.858122592289295660e-01
5.386376484031493161e-01
5.210640368700434344e-01
5.076837054153821027e-01
4.865363368899229268e-01
4.870809792720552922e-01
4.873036553570715412e-01
4.882514562408922787e-01
4.876013263947420739e-01
4.886419911407758887e-01
4.882852440865459442e-01
4.884076186010168907e-01
4.891833409717404324e-01
4.888741289868365203e-01
4.842187213993841555e-01
4.747391067092654460e-01
4.752917080079760437e-01
4.757875756568287207e-01
4.681691460308604613e-01
4.683527507293016034e-01
4.654502679380225771e-01
4.669074169153211162e-01
4.665710167098959804e-01
4.618753480467041594e-01
4.631620004930162571e-01
4.848797138642033655e-01
4.796699013591433358e-01
4.793357869923148273e-01
4.776320611276386741e-01
4.673435569202579742e-01
4.682261210022321540e-01
4.674271465661665181e-01
4.665877062303885325e-01
4.635813781095680097e-01
4.632619881306301313e-01
4.624532661729888194e-01
4.619879933848097808e-01
4.628209529000685274e-01
4.614661136203277447e-01
4.609060886834668302e-01
4.597937071304864509e-01
4.589638708896440766e-01
4.583347207682598734e-01
4.589772066374325221e-01
4.584611628657850879e-01
4.565130647630956107e-01
4.543001791201557449e-01
4.543693696917360247e-01
4.514098613859963693e-01
4.535103794376398323e-01
4.506336404165648402e-01
4.504193924307927643e-01
4.534005001580777017e-01
4.444879898267559137e-01
4.468110250053876076e-01
4.421285729938804754e-01
4.426618356626260131e-01
4.386159417128989713e-01
4.390974285600589555e-01
4.405709017175410969e-01
4.357428391455933081e-01
4.297204734180602448e-01
4.300097182140674157e-01
4.277135005978565108e-01
4.282149517982425380e-01
4.284225135328575962e-01
4.284234552388935247e-01
4.285783690488333963e-01
4.276045053659473516e-01
4.269865142964944793e-01
4.272421536741082271e-01
4.228874067587196084e-01
4.220809783818184613e-01
4.393259797584224691e-01
4.295273408729692877e-01
4.287549649304076005e-01
4.480126331085366731e-01
4.481584211431616782e-01
4.569322516553896985e-01
4.578495636361720189e-01
4.762853213728097668e-01
5.075670303668754491e-01
5.093210975813362573e-01
5.190875179346249313e-01
5.200796502956737122e-01
5.294185132578310693e-01
5.297480098565326978e-01
5.235108969320947381e-01
5.253067703047210601e-01
5.172502098010641758e-01
5.177870702728474273e-01
5.613671979039789317e-01
5.601787819312288308e-01
5.306663176143701088e-01
5.237173422070422468e-01
5.240461016830384455e-01
5.230120917842194794e-01
5.180908311698715352e-01
5.177472846896814529e-01
5.102928831408380939e-01
5.100921370616920969e-01
5.095217289120215209e-01
5.090851989068611028e-01
5.101617665433031412e-01
5.100216874330554262e-01
5.101725153624226961e-01
5.100742865321488129e-01
5.102691220133640515e-01
5.102096555906944220e-01
5.098106149515801988e-01
5.092937970407539483e-01
5.071922396513043330e-01
5.088823192131832762e-01
5.084629414002469483e-01
5.085539332158686143e-01
5.091178529272708531e-01
5.096704151916642278e-01
5.091842785321512022e-01
5.074025731431786035e-01
5.067635393731532156e-01
4.821149831530260332e-01
4.817711781233923185e-01
4.748729331781030294e-01
4.782237133719482447e-01
4.774382662954187451e-01
4.730708558492778826e-01
4.656851084417937825e-01
4.657992275192531784e-01
4.653749530962704162e-01
4.648854080491543472e-01
4.581302329285274477e-01
4.494100088509613289e-01
4.471112630136210853e-01
4.485585241270643175e-01
4.540473320473431551e-01
4.514524254530560832e-01
4.469595672445724199e-01
4.472026252691407855e-01
4.457854473985577437e-01
4.444222537026006892e-01
4.443455340768567297e-01
4.444341240953219585e-01
4.447116921021581626e-01
4.443225861071063987e-01
4.447219487065007248e-01
4.488531672757699043e-01
4.425935336384693164e-01
4.459042430539242319e-01
4.384827321905063746e-01
4.316978528631351120e-01
4.257823965720371473e-01
4.207236383035226623e-01
4.232189770996721556e-01
4.235533613550945264e-01
4.230751984572169722e-01
4.229175697779360421e-01
4.198449764905895498e-01
4.204090055824006300e-01
4.192448035454401922e-01
4.191395862947802087e-01
4.170478438632619911e-01
4.168425156803406972e-01
4.154177745651979614e-01
4.229715577458009190e-01
4.453794076871954721e-01
4.725354291855202726e-01
4.714302969605867477e-01
4.964209292999960388e-01
5.126180085417968435e-01
5.252010013820558321e-01
5.223988933982669502e-01
5.252106315508199286e-01
5.223981213193061857e-01
5.196342414584510516e-01
5.179025241032543247e-01
5.174167693580672411e-01
5.116322935387574988e-01
5.116672212891019145e-01
5.112214501650423903e-01
5.116593834888557568e-01
5.109749165571515483e-01
5.106273490923299851e-01
5.092741439563006622e-01
5.010156338905605855e-01
4.964009773795641789e-01
4.962447377089531098e-01
4.955508788549125576e-01
4.997437624728794381e-01
5.028069761035404150e-01
4.954665020026377542e-01
4.944175819515662651e-01
4.943700902465884006e-01
4.820960760496444952e-01
5.348696213998682669e-01
5.335178924593984018e-01
5.207069055676298852e-01
5.059812025634524701e-01
4.884457428519643485e-01
4.848539062973187264e-01
4.790557103277234274e-01
4.799878425742218346e-01
4.678291912914965822e-01
4.669342034740447955e-01
4.645219609544689598e-01
4.646682869877626354e-01
4.593415835721886831e-01
4.426871458425334360e-01
4.436255760771823931e-01
4.432506254074235486e-01
4.429904050529446802e-01
4.393971518040987179e-01
4.359044227830876639e-01
4.465953542544783827e-01
4.707955033854145932e-01
4.689761640597294723e-01
4.659333158577825262e-01
4.659646733024607190e-01
4.738781711186386691e-01
4.749275585798583554e-01
4.717207477134456872e-01
4.668044060788658633e-01
4.682253987284895613e-01
4.661055037539728607e-01
4.989594157097055338e-01
4.974678394179281593e-01
4.776235950893772397e-01
4.756669645117402867e-01
4.640368190957422923e-01
4.585896939968882036e-01
4.450276982369618106e-01
4.441499870761410063e-01
4.392897606377554331e-01
4.379319991243847410e-01
4.366803130682345158e-01
4.394504096351787292e-01
4.389881912217022397e-01
4.382387441994610167e-01
4.362622448773996742e-01
4.382242876809852583e-01
4.386474260341256537e-01
4.335497525814583364e-01
4.370298574240665812e-01
4.286175918652284089e-01
4.238661891066436427e-01
4.141545954323794243e-01
4.142841884948292863e-01
4.142743391597568658e-01
4.148875305787771972e-01
4.158340605964169767e-01
4.158633568262202762e-01
4.173147035502232649e-01
4.087148916427116307e-01
4.085281607760273825e-01
4.072198224839361780e-01
4.078411957996433412e-01
4.076580350572264200e-01
4.078913233587130316e-01
4.078558529426856705e-01
4.077966495483680287e-01
4.075092356161929552e-01
4.063290836946871210e-01
4.073636756655554803e-01
4.049034897140156852e-01
4.045530409438676256e-01
4.030753589715488916e-01
4.030006611175464548e-01
4.044724836579892679e-01
4.005992030312179875e-01
4.001378861151905220e-01
3.966589149945140558e-01
3.885653132739451676e-01
3.818951756238986306e-01
3.725390856257094208e-01
3.719627688031801327e-01
3.728192563962333672e-01
3.670724412290450323e-01
3.645741386817974439e-01
3.691261418252584359e-01
3.700464275219884636e-01
3.690633501195685895e-01
3.687725421644331703e-01
3.643368362111856773e-01
3.638242127067511378e-01
3.633621979534901736e-01
3.633068271610583322e-01
3.607201126635802280e-01
3.676164899283071996e-01
3.989975969098198405e-01
4.022851565498823945e-01
4.201834961307776561e-01
4.489595099882219831e-01
4.702182296327875322e-01
4.732607890103823767e-01
4.914027579722738404e-01
4.995428074416730646e-01
5.768254723718024835e-01
5.880796237128604886e-01
5.926826102914527494e-01
6.254428979950796830e-01
6.269140070681306076e-01
6.294962798085361744e-01
6.468923857336779104e-01
6.460318357736457573e-01
6.491063195046483658e-01
6.458297497398413078e-01
6.443369907426965693e-01
6.438398451881176543e-01
6.401752913205118745e-01
6.343188661222062263e-01
6.268577948186122573e-01
6.263230085598334718e-01
6.267099581356370130e-01
6.267975992652403683e-01
6.281953925649449433e-01
6.274893771713903057e-01
6.346357788545891054e-01
6.269902407117541321e-01
6.268502258486295942e-01
6.218998689663356449e-01
6.212874556943035476e-01
6.189563905419421808e-01
6.213702565014582735e-01
6.212924151787554417e-01
6.190350166289488865e-01
6.213783286784706483e-01
6.212904222991004755e-01
6.099709245216216047e-01
6.042641954383829450e-01
6.039772112820830374e-01
6.104244662050800629e-01
6.025529993245555271e-01
6.117532357316419755e-01
6.131623117467386308e-01
6.126016148306135944e-01
5.932885167196151333e-01
5.903933481380283510e-01
5.895439499436435637e-01
5.914071384118539942e-01
5.912941258753610096e-01
5.887274641985937862e-01
5.908406193363016090e-01
5.828171607610437288e-01
5.754102643064432643e-01
5.734879124551288676e-01
5.734528660012305767e-01
5.756429791280418540e-01
5.758605488329489042e-01
5.733829268426962056e-01
5.571650435111804578e-01
5.254027765696553942e-01
5.105267461447249300e-01
5.037676379669687732e-01
5.028694166675260480e-01
5.030922564632810401e-01
5.030706686856452059e-01
5.022340730377010676e-01
5.019094341616627819e-01
4.925015911665922563e-01
4.925662547095885913e-01
4.923376852358266054e-01
4.925009259563543074e-01
4.927098315019813324e-01
4.928192774672586207e-01
4.927308974597726099e-01
4.926381043552048311e-01
4.924302153290735506e-01
4.920835036823876241e-01
4.927550302791428583e-01
4.920889672789889313e-01
4.925646638898347751e-01
4.918761678114900171e-01
4.917211374689323677e-01
4.922239885241360136e-01
4.913074807192581162e-01
4.912355505796183186e-01
4.895155975775308810e-01
4.899686877388875761e-01
4.968518126135996749e-01
5.091771081611856653e-01
5.471969513453321943e-01
5.471859738956977859e-01
5.469942440863759803e-01
5.465612304979861058e-01
5.463152553255219424e-01
5.461981990252755548e-01
5.243707652001552422e-01
5.085696835226126700e-01
5.077432894070069702e-01
5.078287617234231721e-01
5.086931274017119087e-01
5.086742150953155184e-01
5.081701277461694310e-01
5.081995359806450452e-01
5.073614124868632835e-01
5.082529695786011104e-01
5.083578674132372965e-01
4.960571990468237158e-01
4.958925312963517462e-01
4.959119549875503630e-01
4.952718410100465096e-01
4.917055683674676492e-01
4.933822072426305438e-01
4.873077198690689560e-01
4.858914784915767671e-01
4.861361238038393040e-01
4.872196584326676794e-01
4.863327007675547486e-01
4.872710231989190732e-01
4.854248813209172120e-01
4.850099909938710985e-01
4.845544677444126869e-01
4.838888546725489403e-01
4.831255655886820266e-01
4.786954301495682795e-01
4.834087171380797576e-01
4.882455608504626121e-01
5.035422178358931466e-01
5.042347379615599312e-01
5.412799004701500660e-01
5.966977069373308185e-01
6.071599014603850097e-01
6.195828514049741553e-01
6.195211112375376139e-01
6.186667550034227192e-01
6.196419984599311759e-01
6.196277379576126121e-01
6.196400672473286741e-01
6.184701955280850205e-01
6.137943864132401339e-01
6.175244845528395921e-01
6.137704579569958074e-01
6.047168546898029629e-01
6.047078025510669308e-01
6.057357743748504886e-01
5.980669946868466536e-01
6.956031108210609659e-01
6.800048867589650881e-01
7.090995383755368531e-01
5.943352628825198103e-01
6.188182493510502313e-01
6.187582421172637126e-01
6.188615463577381570e-01
6.072181577912040273e-01
6.072179841306321046e-01
6.072458341475339694e-01
5.932188115480644397e-01
5.962179300075851618e-01
5.961638177307196917e-01
5.911379091088261317e-01
5.961023128850165831e-01
5.801978831090102151e-01
5.801411359020322012e-01
6.024966676053996606e-01
6.175691942959954384e-01
6.331727327138578776e-01
6.376677466018835228e-01
6.400319557007146942e-01
6.466880070206248998e-01
6.459134171261843305e-01
6.437156804356695128e-01
6.436667492377519117e-01
6.444032196710804961e-01
6.438009456967099808e-01
6.463127512626961613e-01
6.464933444674930696e-01
6.451323885832616067e-01
6.471006740163630644e-01
6.467707247548509786e-01
6.455133169409732474e-01
6.502374524045479998e-01
6.482803298482326948e-01
6.448168147533764882e-01
6.452968491689338171e-01
6.491181793791199750e-01
6.488628063858850048e-01
6.401048902480399594e-01
6.400888099855174262e-01
6.377250273827036464e-01
6.378479453647287745e-01
6.379422251965087831e-01
6.380405004316639372e-01
6.369693798442302990e-01
6.372258550016296486e-01
6.374441295360968596e-01
6.389455359290960867e-01
6.342238754103540765e-01
6.359941435847668023e-01
6.323744925231573610e-01
6.324932540613125154e-01
6.325503270276227052e-01
6.325778135589671392e-01
6.325744048265441455e-01
6.210062503484903296e-01
6.176239388587230206e-01
6.151050380599744072e-01
6.143556216208102549e-01
6.140568020007237671e-01
6.131948324921177029e-01
6.134326108264817057e-01
6.124856393608566485e-01
6.114965897496467129e-01
6.055869973462411071e-01
6.093131052054160390e-01
6.276636135655871973e-01
6.268182694193569215e-01
6.317203688487030844e-01
6.318034337096740671e-01
6.335019798843789518e-01
6.335925652617137027e-01
6.301017387654014312e-01
6.278949460672229588e-01
6.305680121310935915e-01
6.295160209815684471e-01
6.277395302093566887e-01
6.279757246500947687e-01
6.273765431494765510e-01
6.277327785602982990e-01
6.262148460268492922e-01
6.262834961780771037e-01
6.239244696826808934e-01
6.260299351050294669e-01
6.237884458815606825e-01
6.237516489004398812e-01
6.236870737270114873e-01
6.135237741113623855e-01
6.097626738083385955e-01
6.097580186962126003e-01
6.097189770941695564e-01
6.087402526179013229e-01
6.047006870757433150e-01
6.067718950562021041e-01
6.044074592749740793e-01
6.066479115756839846e-01
6.066566500772224702e-01
5.977538270400323261e-01
5.901013966268409128e-01
5.901332401453582843e-01
5.891241464031411468e-01
5.891614788590228136e-01
5.887761636724001546e-01
5.841478557520995984e-01
5.842728447467283592e-01
6.035859569532997515e-01
6.221078250358663686e-01
6.282788281245345052e-01
6.472092028260179042e-01
6.485960061443087898e-01
6.491923127912400115e-01
6.494471191122814790e-01
6.489309056023083722e-01
6.488212946142617454e-01
6.492126438849383785e-01
6.487740827589851822e-01
6.487720713660437566e-01
6.492493647034078830e-01
6.483202060053949722e-01
6.474149980361941781e-01
6.482888043457240013e-01
6.482693860628934157e-01
6.465292182280434341e-01
6.461158157743778219e-01
6.463131164952061747e-01
6.463816448690230532e-01
6.463047469693942171e-01
6.456033769178581849e-01
6.453431159664302363e-01
6.347191166679632124e-01
6.351780033446999818e-01
6.351566472626662962e-01
6.346459152726858788e-01
6.259155066128352374e-01
6.341861800850970843e-01
6.252203834543430538e-01
6.237636940631647864e-01
6.240437570864860728e-01
6.218949011624723688e-01
6.211543662788826525e-01
6.192485723832900080e-01
6.175872627218242927e-01
6.155645724091778348e-01
6.171959825126733801e-01
6.170962199185382469e-01
6.170404300796560326e-01
6.079279214307640178e-01
6.020394587506552320e-01
5.990810754530149218e-01
5.958510024135363903e-01
6.141303905015087494e-01
6.129404949405216074e-01
6.128991224171591590e-01
6.140366710283570173e-01
6.127688179138034430e-01
6.142640965622391258e-01
6.144716207807923158e-01
6.083856176863993159e-01
6.113241966386159243e-01
6.096920207244240775e-01
6.101440056244860077e-01
6.226864610865306959e-01
6.284071289641326441e-01
6.353090273279443645e-01
7.108159419115438471e-01
6.573746351922057363e-01
8.630153706050813778e-01
7.862476735274213091e-01
7.040202281824560204e-01
7.389483383431301178e-01
5.956827564429501010e-01
5.946014853468759576e-01
5.802425650200389029e-01
5.843219282815645954e-01
5.805389477735676262e-01
5.776304792088462481e-01
5.790313894236320813e-01
6.093436181655973449e-01
6.221899995175037557e-01
6.297696159330392618e-01
6.293708590041188211e-01
6.382646131557206948e-01
6.465256396864313970e-01
6.465217237074849521e-01
6.432926809808469093e-01
6.431006090760565952e-01
6.415870974037087837e-01
6.380619111098518870e-01
6.376796351027400611e-01
6.358542439939811608e-01
6.360190381114252389e-01
6.395185663726902225e-01
6.403332249424119604e-01
6.411107216298020939e-01
6.403246844363414958e-01
6.390402289565596528e-01
6.391628663495745322e-01
6.330576899200164309e-01
6.330485807601151649e-01
6.310589132128833212e-01
6.716022274329466191e-01
9.441134461639547615e-01
7.204036666241847575e-01
6.475725382463235480e-01
6.452323541321013378e-01
6.448519974285824574e-01
6.436070154537486543e-01
6.447150230541898175e-01
6.439069347847369285e-01
6.449153432755496684e-01
6.439908618080636415e-01
6.383944344733223364e-01
6.391980346394212642e-01
6.372223236053147222e-01
6.390436961127213822e-01
6.382513949451730229e-01
6.311302438923709346e-01
6.253295804676313185e-01
6.250774845692923520e-01
6.379608356025154858e-01
6.512191172095056491e-01
6.453606273013635652e-01
6.446611642327597647e-01
6.417323211109164927e-01
6.440501878723275953e-01
6.439205665931890810e-01
6.440966034196142775e-01
6.442147385263617965e-01
6.444066213066893534e-01
6.418894651488200598e-01
6.423225312922409280e-01
6.448173749544774402e-01
6.449044143263702455e-01
6.448849109196219676e-01
6.449316681330030665e-01
6.449944137112479936e-01
6.451209730478484339e-01
6.439880547513898712e-01
6.440048930955333262e-01
6.388681836065904784e-01
6.397156094471211363e-01
6.404076490775926223e-01
6.397351643659771048e-01
6.404930343983803454e-01
6.390418215508708588e-01
6.383055139388842392e-01
6.339188920687783835e-01
6.339790156420223033e-01
6.340581991681122354e-01
6.342258866876404610e-01
6.344923061321573465e-01
6.347349368596519881e-01
6.342328258805721708e-01
6.344071419877532758e-01
6.308846138128503256e-01
6.283104138538234684e-01
6.297355199238706680e-01
6.287528869237301032e-01
6.297306749585491747e-01
6.296916736012939664e-01
6.283452139700449468e-01
6.285710120261657208e-01
6.298555737259212695e-01
6.219196884424407212e-01
6.197455014129200634e-01
6.182803228600513012e-01
6.169476667330238140e-01
6.167619493003665410e-01
6.145666319190681293e-01
6.103909871215721372e-01
6.099935394654057985e-01
6.300663775370526354e-01
6.374906608900524629e-01
6.478488953740757506e-01
6.494454363041938239e-01
6.967642043724203704e-01
6.992844556982669157e-01
7.007764890971568406e-01
6.793298166477530486e-01
6.820914827046553608e-01
6.607229458091334884e-01
6.606992883245365045e-01
6.564272367531258645e-01
6.525782726481612617e-01
6.559991302311468653e-01
6.554955732599933027e-01
6.492323646032771567e-01
6.489579438248371801e-01
6.502070776964388177e-01
6.503959743447296216e-01
6.505829833299907605e-01
6.507871081095528698e-01
6.468137560821521914e-01
6.501486409351444617e-01
6.500220941317507162e-01
6.500217640438841205e-01
6.447933933286725816e-01
6.424052874100953936e-01
6.418258442961303212e-01
6.405663352305102087e-01
6.373719584430068696e-01
6.374831202697778254e-01
6.407825306647707553e-01
6.407032123965192838e-01
6.343094052219748757e-01
6.345689071838055417e-01
6.336860819147875912e-01
6.349745635575949620e-01
6.328657220570785835e-01
6.324976707200198334e-01
6.245253426821778531e-01
6.233574001821065025e-01
6.408805084539651586e-01
6.520666698034038866e-01
6.809309428815389920e-01
6.808796209978293934e-01
6.785720579529067598e-01
6.766346223283055128e-01
6.636283701385685685e-01
6.641709649353157996e-01
6.602425161422620370e-01
6.585713378775880367e-01
6.565932894901886918e-01
6.547910670580059378e-01
6.548024853680891599e-01
6.536852377503243883e-01
6.470123562134016959e-01
6.521724870694786125e-01
6.471318182480758630e-01
6.430005550148831794e-01
6.427130116837416196e-01
6.423778855692026113e-01
6.420657685719324270e-01
6.413093009046160198e-01
6.400070912754658448e-01
6.376986037652627726e-01
6.362350669651248847e-01
6.380305281485796343e-01
6.329014383737059379e-01
6.524728759871142314e-01
6.766871413491035714e-01
6.877322861776041796e-01
6.968472791055324578e-01
7.053786634339919148e-01
7.519618735103603679e-01
7.948232177208817140e-01
7.938790284155442523e-01
7.750034057743502292e-01
7.734680169635939073e-01
7.722134029943605871e-01
7.673667368366254848e-01
7.720486896640637031e-01
7.708965312757923849e-01
7.811693293382520054e-01
7.878600509730061541e-01
8.076444969720807388e-01
8.898215644254987566e-01
9.149239729242227837e-01
9.350732157554615398e-01
9.421626631417854281e-01
9.546677537650527512e-01
9.554628017957209618e-01
9.702660818658243036e-01
9.581487747049944881e-01
9.580776471752423529e-01
9.578262731654104689e-01
9.577327935122275093e-01
9.578873863379211429e-01
9.589692318165253804e-01
9.593713400902176280e-01
9.599370567575478130e-01
9.558001022863206186e-01
9.608494180154737441e-01
9.591956624266833042e-01
9.523441459670418663e-01
9.610414543078322769e-01
9.608501444983906792e-01
9.606449028001353696e-01
9.610772779192827686e-01
9.608350402346844676e-01
9.520835066750609199e-01
9.603150423663333601e-01
9.591256859069374752e-01
9.581795101709517093e-01
9.575129510210197425e-01
9.516976455237999843e-01
9.570495933568904379e-01
9.560987327307191030e-01
9.560803205817062222e-01
9.563828617080993855e-01
9.562166492136279228e-01
9.550337427299585569e-01
9.434833456176225930e-01
9.437082659702439313e-01
9.381061822377765314e-01
9.347941550734512051e-01
9.314684622804502157e-01
9.380551645944024131e-01
9.326659939409488453e-01
9.314549422700723058e-01
9.200154886253829600e-01
9.227269847810959380e-01
9.184021245263987998e-01
9.176458974496357612e-01
9.175264357874621801e-01
9.216417606680672447e-01
9.183298855626125246e-01
9.151036162568240151e-01
9.154048889691426272e-01
9.158112199005018494e-01
9.093199443412067762e-01
9.154113512877639636e-01
9.154761823474480975e-01
9.155607932107131530e-01
9.156865017501830684e-01
9.021254508196965283e-01
9.022134292450435522e-01
9.019834572904321668e-01
9.038209945859899674e-01
9.038461147079928093e-01
9.038537064211946692e-01
8.783627914013046878e-01
8.784842684785698630e-01
8.782780008540542749e-01
8.765619448125263613e-01
8.780421872903972913e-01
8.569831258124863682e-01
8.497366263056297386e-01
8.183957291953803947e-01
8.258067965179972658e-01
8.258401101669539113e-01
8.183659022494718105e-01
8.258836949883946454e-01
8.106735107011747710e-01
8.260221467194194256e-01
8.074506537958563435e-01
8.280885854340594987e-01
8.672266580196328345e-01
9.118891216378615105e-01
9.179303536046109491e-01
9.325152334292436951e-01
9.516807478939084408e-01
9.565656728247892149e-01
9.701040037053715315e-01
9.728013891552619308e-01
9.787787784663175561e-01
9.929504057941924700e-01
9.937736785675430617e-01
9.923011602441627055e-01
9.909495647679352759e-01
9.918667550474775663e-01
9.924118260426610938e-01
9.909364284066684014e-01
9.903505541275249291e-01
9.903711026634838266e-01
9.904311657423389148e-01
9.835112380210734306e-01
9.734120525767733234e-01
9.765566450929594744e-01
9.743303251982337043e-01
9.734049215916271702e-01
9.733705630427486044e-01
9.733823050530705512e-01
9.741936352162983148e-01
9.691909579356733362e-01
9.691282960917027012e-01
9.699081548630029692e-01
9.692487783789694999e-01
5.124709608103542813e+00
1.663582432622929153e+00
9.771470600379433824e-01
9.771110841330807872e-01
9.730560163624133452e-01
9.768224537589283996e-01
9.763871994620030303e-01
9.765072587333392118e-01
9.726640198173612806e-01
9.759569113823132191e-01
9.710422169877093168e-01
9.713428302912827661e-01
9.713821137591371890e-01
9.682245214258218269e-01
9.682562177517056723e-01
9.667799517238434559e-01
9.533677757555811816e-01
9.542264126520642042e-01
9.512863618407796373e-01
9.504024022542219008e-01
9.476332350462558507e-01
9.455227265988755958e-01
9.368281147575474588e-01
9.434671872445271612e-01
9.369066734325268708e-01
9.369977242594901279e-01
9.425303324228467838e-01
9.372856971114096325e-01
9.302998055092348562e-01
9.286858873273968751e-01
9.272424209951632967e-01
9.210061662704697172e-01
9.209705464280169007e-01
9.142127040017989925e-01
9.144743062007328893e-01
9.148808525605136577e-01
9.099401054230157326e-01
9.023239281539676693e-01
9.030586234890969344e-01
9.049902893356411848e-01
9.017780138399331680e-01
9.036486631494007327e-01
9.106376569514573749e-01
9.124750644300756441e-01
9.008804228720491691e-01
9.007418662865900316e-01
8.832374035976846560e-01
8.890954510384203591e-01
8.823194561831406713e-01
8.824192188370679757e-01
8.813448775484555853e-01
8.814035742050896349e-01
8.891596311076624959e-01
8.815551376934835925e-01
8.744517437520684666e-01
8.729316805400323398e-01
8.739274479860303924e-01
8.973338833601679498e-01
8.933536717085392986e-01
8.826633630414987275e-01
8.947622828016110752e-01
8.949064818775769314e-01
8.941930188289735071e-01
8.936529317196868494e-01
8.813601153872104854e-01
8.689429565155045720e-01
9.006255788444663679e-01
9.067585585000954573e-01
9.376226404910995571e-01
9.407810041040675086e-01
9.341675992831994790e-01
9.283551572754838999e-01
9.341814429280109744e-01
9.283981619985499645e-01
9.207695244129312506e-01
9.140346084139439053e-01
9.140489291982041298e-01
9.067112900105190887e-01
9.069476056608257730e-01
8.998289399116979892e-01
8.996401850651524201e-01
8.976124552406608004e-01
8.973939242944067862e-01
8.987052104391836105e-01
8.984253132182362656e-01
8.964930191431613737e-01
8.979928709149368471e-01
8.925196083217318277e-01
8.924706510473641163e-01
8.923611829021952380e-01
8.921989059079821205e-01
8.948169376205151737e-01
8.771171943563060847e-01
8.766759107442948507e-01
8.633393268450878510e-01
8.636021832228227835e-01
8.625753150426332949e-01
8.615540232940688270e-01
8.591606376757965347e-01
8.597141400939931621e-01
8.601960063630718079e-01
8.595863595815218527e-01
8.544809145152845176e-01
8.411358046159643775e-01
8.433590568364877083e-01
8.432929063447338613e-01
8.430447011313126904e-01
8.427275930443355323e-01
8.377108371320020064e-01
8.372830212799652339e-01
8.365402628618225922e-01
8.366384405115394607e-01
8.320128262605899216e-01
8.364754294536288493e-01
8.324660573730962021e-01
8.333646807966033077e-01
8.277456980679497311e-01
8.241071591818378561e-01
8.205607074760689068e-01
8.271330214631574806e-01
8.236215088531431139e-01
8.199542391910781269e-01
8.199265725337385735e-01
8.189223204377767962e-01
8.192811274578430947e-01
8.174957068299164575e-01
8.177626255251869702e-01
8.178100658274300994e-01
8.158480772900429390e-01
8.166547306622383706e-01
8.166512696103762625e-01
8.167784174864429758e-01
8.167851463645010579e-01
8.155440403605007660e-01
8.136483147565722884e-01
8.081028057615234905e-01
8.079673708203496396e-01
7.853806222142505344e-01
7.850940025356846208e-01
7.835635437193354536e-01
7.851363572664569190e-01
8.072560131353297974e-01
8.076319025316250899e-01
8.067608955770081414e-01
8.063803041420812834e-01
8.047562108845799367e-01
8.097391287336853649e-01
8.036805007633170961e-01
8.041707120062220326e-01
8.043208818809424177e-01
8.038585100483982560e-01
8.039782323854337553e-01
8.047143582224316471e-01
8.044947558286379419e-01
8.054584463441798459e-01
8.056194204862069386e-01
8.095151948292198529e-01
8.088608161953126929e-01
8.141409787971674028e-01
8.119360917547495671e-01
8.119662658168022018e-01
8.115039885438356526e-01
8.111821902580400589e-01
8.106896961650538191e-01
8.044023611054235134e-01
8.021026222703427910e-01
8.019515254065150422e-01
8.019470442454593728e-01
8.019524253678961268e-01
8.020615598434769344e-01
8.033101213655993167e-01
8.032630033046026519e-01
8.038382153089516091e-01
8.031932217632304916e-01
7.986717173599642283e-01
7.990806668172039107e-01
7.935162283782515313e-01
7.921480673137029083e-01
7.856476424072038611e-01
7.855925457599606254e-01
7.849825992419631193e-01
7.845972886226700860e-01
7.845751902532482891e-01
7.837955723821783405e-01
7.813465060419347852e-01
7.785316803796429319e-01
7.777678923202793193e-01
7.777205662748719606e-01
7.765667461751772915e-01
7.763744161888717077e-01
7.763336090417137791e-01
7.761686435030896725e-01
7.760968402765370255e-01
7.753056996135614387e-01
7.747383473132444243e-01
7.742349912971235870e-01
7.742991234233813636e-01
7.730279586583459484e-01
7.725357682584303998e-01
7.715591687636409457e-01
7.704513511222844668e-01
7.698859372511901444e-01
7.687158521367293273e-01
7.672020315093616150e-01
7.646422175257567844e-01
7.651269591777885015e-01
7.640437290457768871e-01
7.631911259188046692e-01
7.614761127075266867e-01
7.610501477306088614e-01
7.600636425254163608e-01
7.580195020128730476e-01
7.563703277517308532e-01
7.561872218296284975e-01
7.572462478691728283e-01
7.569370245867694802e-01
7.554616438577269610e-01
7.525038096536234011e-01
7.515359308451170506e-01
7.555004003014980096e-01
7.709501189905948459e-01
7.771896958585936543e-01
7.797039508208262193e-01
7.861033519066006336e-01
7.887025509663233569e-01
7.881815857753515786e-01
7.877583025076779766e-01
7.875417163294086142e-01
7.868043954152402764e-01
7.977239728963396725e-01
7.929424128428524954e-01
7.920457430427558787e-01
7.918038507614406640e-01
7.852760659292791212e-01
7.845551886392431173e-01
7.839987520499979157e-01
7.833768741178909201e-01
7.836209863662776387e-01
7.834652962834591783e-01
7.833507411320117519e-01
7.832236609214504597e-01
7.816461021532377096e-01
7.847827488749897773e-01
7.821140013423814041e-01
7.806385834772625598e-01
7.820400796569326740e-01
7.821392081651717954e-01
7.824683367787477195e-01
7.802455641025108912e-01
7.805193347142885818e-01
7.807177514353644820e-01
7.783063722923247996e-01
7.778871510975248205e-01
7.788551526924887281e-01
7.780424934334013720e-01
7.781181420178291397e-01
7.742887452852683650e-01
7.746133345415553428e-01
7.749131919095876286e-01
7.751159942405638770e-01
7.740118965503108850e-01
7.735636585699283696e-01
7.728729420781801362e-01
7.779234134128288902e-01
7.804751014481636773e-01
7.908891457354988441e-01
7.950535669446017195e-01
7.977402378635960467e-01
8.053517850228528729e-01
8.140585130875576114e-01
8.449260634234012635e-01
8.491297883067525643e-01
8.550523907369050880e-01
8.513992157537589867e-01
8.485200036748660191e-01
8.481397341468078777e-01
8.483122165206713472e-01
8.483548325424246084e-01
8.482995542516457155e-01
8.481916937317712790e-01
8.486233993335339232e-01
8.487723573913851238e-01
8.488357648463545901e-01
8.484226812927848638e-01
8.478528660047618404e-01
8.479930974765130802e-01
8.470136133235344200e-01
8.480569821912572470e-01
8.469459489551418585e-01
8.456166524660708728e-01
8.445239229155332428e-01
8.447346221845630776e-01
8.386060420462682075e-01
8.454106565574994736e-01
8.457986802132693160e-01
8.297039766611402634e-01
8.155835183784152509e-01
8.149189110756858145e-01
8.146962539086655131e-01
8.141867730395419001e-01
8.134193774797024989e-01
8.136514323801311566e-01
8.130680889354837682e-01
8.372919735793638019e-01
8.489293415294502099e-01
8.571691661845403098e-01
8.635086145085335563e-01
8.663516237950309451e-01
8.666386697318341215e-01
8.661494405851474232e-01
8.652543855629509784e-01
8.645657605573727755e-01
8.640120191094006197e-01
8.632714334360042097e-01
8.689020374152844894e-01
8.651439158859683953e-01
8.664218561215185632e-01
8.678014165395782076e-01
8.639404824661395255e-01
8.630444788534974432e-01
8.615976731758662188e-01
8.614786740618667338e-01
8.609536681545372216e-01
8.613146347027995642e-01
8.612719521014546853e-01
8.609475939996371618e-01
8.605613178727438140e-01
8.613971055796052489e-01
8.618114374404225453e-01
8.611910582676343129e-01
8.615508113157315240e-01
8.611578238117469919e-01
8.621828130886424191e-01
8.630845844089723995e-01
8.636143792522756879e-01
8.643411165353591663e-01
8.644661425848610969e-01
8.653617290380606342e-01
8.603994468949925922e-01
8.606130042525382828e-01
8.605791944503747848e-01
8.605365858229079290e-01
8.603963388436578485e-01
8.601834042928984125e-01
8.595655402545711032e-01
8.575373125868204216e-01
8.571702333350368352e-01
8.544516184325061658e-01
8.565250481781296887e-01
8.561545185770235156e-01
8.568818428928072217e-01
8.556694177764190279e-01
8.496509893966533999e-01
8.492571390888086214e-01
8.487557336396425178e-01
8.482304763085241062e-01
8.468683618925920698e-01
8.466511270177622395e-01
8.446892443411126994e-01
8.464471252048038075e-01
8.463917386754569172e-01
8.425829265581927796e-01
8.419236822025460976e-01
8.423047383586037551e-01
8.422429676174455482e-01
8.421587505419704245e-01
8.419773203436697884e-01
8.418796729526102363e-01
8.359635918052040759e-01
8.359492970905254561e-01
8.351294365310111267e-01
8.337796025177256487e-01
8.348724382135532807e-01
8.336151501804202057e-01
8.229708949148547559e-01
8.312375558626415861e-01
8.307852690685113561e-01
8.075123296930634131e-01
8.061841069429372952e-01
8.075705447690426642e-01
8.073229753911039808e-01
8.061876347389527186e-01
8.038822413892063867e-01
8.039259556362609027e-01
8.049280267294347535e-01
8.050106214395423843e-01
8.037175884697619344e-01
8.009972472552520095e-01
7.964863754976092558e-01
7.988735044406953811e-01
7.968331258364493852e-01
7.903686989095666249e-01
7.905103652945884019e-01
7.894106103542000152e-01
7.891510781561669186e-01
7.880311676176491309e-01
7.878782554376362324e-01
7.886407233279457696e-01
7.851083137397709688e-01
7.872258008465102819e-01
7.855157863115191930e-01
7.857803074417395450e-01
7.846733787461829257e-01
7.865369495392307009e-01
7.867457132750420579e-01
7.854954507064207947e-01
7.810887895556108962e-01
7.773501190873994826e-01
7.748096792280234624e-01
7.734004287982271242e-01
7.734596128554312999e-01
7.729435556525705575e-01
7.729548242593078378e-01
7.729723979973066594e-01
7.713853788237517994e-01
7.730179624694041296e-01
7.714743439951685655e-01
7.694684390852379874e-01
7.695593520070108662e-01
7.689017260751315197e-01
7.687957522520394438e-01
7.688601996273016770e-01
7.685722046177058120e-01
7.688773732902539626e-01
7.647941372336849453e-01
7.638910700809293797e-01
7.629670476604279994e-01
7.630783056816984322e-01
7.630078933970699806e-01
7.630138825463290697e-01
7.629532245351376973e-01
7.627649816315934528e-01
7.626761751823099011e-01
7.626210977612438713e-01
7.633225635340946669e-01
7.631746287937476447e-01
7.581919054216792464e-01
7.588596557851303714e-01
7.586526152229470243e-01
7.579977355497310443e-01
7.578741508427291329e-01
7.541244142084432278e-01
7.524162643246166127e-01
7.527820529769118085e-01
7.530711884107701426e-01
7.533526973123056969e-01
7.519246982563061454e-01
7.521861102217572981e-01
7.511136277786581994e-01
7.509980879085743632e-01
7.514911502595114090e-01
7.517389388890926005e-01
7.490483908203315888e-01
7.485837787826691292e-01
7.485999096214690507e-01
7.488256442501338705e-01
7.487964313612208711e-01
7.436979520908510999e-01
7.433686601488048717e-01
7.386441372625360824e-01
7.388076504358970231e-01
7.390092353493689092e-01
7.379354776351472189e-01
7.369157658092676533e-01
7.371797228125838153e-01
7.368842671194564264e-01
7.363854378598577721e-01
7.356239255869213567e-01
7.326515567812073026e-01
7.286785924703701456e-01
7.284617027312191295e-01
7.251953788243565846e-01
7.174389585982561268e-01
7.146437893970883914e-01
7.068754646276009801e-01
7.010984746718337268e-01
7.014261817579325875e-01
7.004094076586969697e-01
7.018269411411618419e-01
7.014709622239218012e-01
7.025349048032654142e-01
7.030074747476688923e-01
7.026942130835419631e-01
7.025275657534836293e-01
7.000668551740982792e-01
6.993273571739886396e-01
6.995375443883151689e-01
6.988476305235163943e-01
6.991057714500414910e-01
6.989827823622900560e-01
6.987800358508301501e-01
6.976645844470010793e-01
6.949813919083922542e-01
6.898673641005381718e-01
6.899474651694594840e-01
6.898268830597131807e-01
6.896210063378541699e-01
6.894152245128838397e-01
6.892592864134556851e-01
6.890177816881364325e-01
6.870284524659818759e-01
6.781899292407722601e-01
6.772318536326608074e-01
6.746342589443856674e-01
6.739279047298054603e-01
6.684443692052552954e-01
6.621004259311409346e-01
6.895581652341208345e-01
7.002823600148210259e-01
7.271988157261677355e-01
7.447868126954684254e-01
7.594969100143080798e-01
7.768524303024186839e-01
8.343230883699647160e-01
8.481359064152363958e-01
8.487174630462467340e-01
8.482604505497036707e-01
8.504460942881723051e-01
8.801633842626995774e-01
8.786152567303798788e-01
8.688447502860197069e-01
8.777089231166836925e-01
8.838595139283333957e-01
8.944393561580907814e-01
9.015464532635377726e-01
8.993633404756989913e-01
9.007552853245154312e-01
8.987501655558776115e-01
8.987088033140413490e-01
8.922436132331745817e-01
8.908214680817776454e-01
8.909326431563209248e-01
8.910170790700586707e-01
8.905352311898058204e-01
8.905098570214884379e-01
8.909768386877918722e-01
8.905742514810860433e-01
8.861093149069286801e-01
8.836504316899024269e-01
8.808048583780162533e-01
8.799635499577869169e-01
8.809958500732743003e-01
8.812222585364400951e-01
8.800194967784038536e-01
8.799720487126341251e-01
8.802994071370142670e-01
8.814889280929966153e-01
8.786078288228462707e-01
8.736233857561562788e-01
8.732106268024538709e-01
8.731716937172054882e-01
8.729675533247198693e-01
8.730814037967687957e-01
8.728009518420112300e-01
8.725213619750619154e-01
8.728130601874983796e-01
8.725209032474765536e-01
8.588675219211400202e-01
8.466954984441852350e-01
8.466866409756481637e-01
8.438905882390512758e-01
8.434371434434021486e-01
8.426682704800040336e-01
8.428884259742926988e-01
8.425969286783485668e-01
8.421283393201597356e-01
8.419647488100575616e-01
8.418430906317315721e-01
8.414164101012493457e-01
8.407659650150060004e-01
8.408843678007479339e-01
8.410343511328721711e-01
8.407831992726420012e-01
8.407526258683706288e-01
8.407759884784731241e-01
8.406957810916326768e-01
8.407558623221542682e-01
8.396779159873428711e-01
8.397830566981082656e-01
8.408645081784064113e-01
8.408716585323501302e-01
8.377551345687338502e-01
8.388706257091573804e-01
8.385402992207086070e-01
8.383955661682142013e-01
8.390499929224823905e-01
8.373696277887601180e-01
8.359945947203419880e-01
8.346498551004263300e-01
8.346315890331966747e-01
8.347723328764781181e-01
8.346530269119929457e-01
8.345940981037847095e-01
8.346198894109869704e-01
8.302169582556806482e-01
8.302237457686074684e-01
8.297746900857824182e-01
8.295173580184107553e-01
8.293818335660000374e-01
8.278832314776751744e-01
8.221525166299781251e-01
8.218707994037008913e-01
8.219134956409580584e-01
8.216688784720647121e-01
8.213505391044617632e-01
8.210353050700851529e-01
8.199975705210635901e-01
8.204338711685139618e-01
8.209471787691539069e-01
8.208720465839804969e-01
8.195351539243719285e-01
8.024374587087280686e-01
8.024090613626698731e-01
8.025004844299120643e-01
8.022598149434547743e-01
8.027186635886378596e-01
7.846469564374237704e-01
7.741712782470600018e-01
7.738301562386957766e-01
7.612917897013758983e-01
7.552013602610199161e-01
7.482315576879754460e-01
7.453648933038087288e-01
7.414729014798018270e-01
7.414064855749294969e-01
7.413918699945936108e-01
7.409631692033619155e-01
7.397846394244367296e-01
7.393012999530708118e-01
7.395320061259479383e-01
7.393556688448604808e-01
7.378495091298079567e-01
7.355741283865349089e-01
7.308292044527520126e-01
7.208160683153790327e-01
7.197028981146105231e-01
7.187748559450298780e-01
7.187587874093599449e-01
7.182780197133759037e-01
7.181489573488459843e-01
7.179774783521264414e-01
7.162156317248408177e-01
7.165165847802112964e-01
7.136051345510916466e-01
7.136499420701689633e-01
7.138414252867899545e-01
7.139459716784221088e-01
7.096386444677754701e-01
7.083168143455351728e-01
6.847700985957817510e-01
6.837778017761386717e-01
6.837800171265896454e-01
6.836418407114082108e-01
6.824948560129499020e-01
6.781442853618793176e-01
6.780765732092589593e-01
6.796162527644091789e-01
6.796624342770382077e-01
6.736781974728802691e-01
6.729268026042943829e-01
6.704057086152016565e-01
6.669374806888567209e-01
6.642868395977810092e-01
6.583487061541857255e-01
6.575109660797724409e-01
6.574666635505947987e-01
6.573572692885960578e-01
6.512558565108474973e-01
6.517139535605116496e-01
6.481708236006534785e-01
6.368765545562220520e-01
6.367962151205287524e-01
6.365241181889994548e-01
6.368382076376102319e-01
6.366956226793317741e-01
6.366587261679000909e-01
6.354905024845298733e-01
6.262219524385361780e-01
6.262023479874330167e-01
6.260691781686621438e-01
6.275315901646394412e-01
6.265176364973561451e-01
6.256911757189516088e-01
6.208443494183513156e-01
6.206179715327746482e-01
6.205021338107347129e-01
6.189485628175392939e-01
6.189300335422114330e-01
6.186640743152059807e-01
6.183011905792243912e-01
6.179293946193687992e-01
6.106912565511839475e-01
6.068439825701035240e-01
6.027494739980943095e-01
6.030281163776818332e-01
6.030518969797675766e-01
6.033235990559129291e-01
6.035982921163320913e-01
6.021794583462342088e-01
5.966474952185844005e-01
5.967833914617557411e-01
5.971034830071042521e-01
5.941452173230543643e-01
5.941043364655181902e-01
5.938560943291097960e-01
5.938784171112243548e-01
5.911197945047752533e-01
5.911552569202948026e-01
5.908474002940286018e-01
5.895450883970183575e-01
5.895728516983731460e-01
5.896297814230042622e-01
5.897017870625467229e-01
5.838958699728783452e-01
5.838435949341979070e-01
5.787843559350031031e-01
5.787695562444297170e-01
5.789274067805134649e-01
5.787438738324964804e-01
5.778988805868985335e-01
5.778715958005286035e-01
5.777899818673739585e-01
5.788072091224141236e-01
5.803864235999744992e-01
5.715430922059678842e-01
6.189607332015325536e-01
6.243662835713789105e-01
5.677432593868819710e-01
5.721397158801759808e-01
5.691399722315327869e-01
5.826025316635580209e-01
6.116953028322881236e-01
7.112226484963405371e-01
8.922599032629192628e-01
6.061571419524767190e-01
6.061763746328066027e-01
6.061984572414570449e-01
6.032888361212503936e-01
6.029692288946586487e-01
5.974116113955001417e-01
5.980312743366124062e-01
5.978801856752961053e-01
5.963634536892528093e-01
5.958760419855644308e-01
5.950148357773002994e-01
5.949531329236480426e-01
5.954621218465151467e-01
5.883103430117399002e-01
5.882421742360118833e-01
5.821891642611438655e-01
5.820924867543560977e-01
5.819710332810443809e-01
5.818525918988142198e-01
5.820977733010254118e-01
5.818111076354327560e-01
5.727450789375264639e-01
5.729410827690563091e-01
5.730623456839746277e-01
5.731824516669246083e-01
5.728023263232113749e-01
5.724280257241727288e-01
5.717827465930772624e-01
5.697612604193281749e-01
5.684369496871224392e-01
5.652640060833793445e-01
5.656661515203271762e-01
5.613710702747829462e-01
5.514910092639477845e-01
5.499599970166242358e-01
5.470179336569518380e-01
5.456256853575542909e-01
5.451145309922573734e-01
5.439595249598181415e-01
5.440332667044374126e-01
5.437729401086842662e-01
5.433254555880941972e-01
5.437326964619243475e-01
5.437326663564856499e-01
5.427451181501350419e-01
5.388082309856071506e-01
5.323136106714030369e-01
5.293695411625581881e-01
5.292932925769582297e-01
5.286199699214545467e-01
5.283222305214009262e-01
5.283210069987430701e-01
5.280632027873293222e-01
5.242316877666806096e-01
5.246320511401956210e-01
5.220721111637651735e-01
5.186635247118565051e-01
5.184132121888042066e-01
5.106418563639270047e-01
5.071466530633487180e-01
5.070310696531331596e-01
5.027132672829061066e-01
5.018184088300564616e-01
5.017244697010277976e-01
5.015844664820336973e-01
5.015579350539387526e-01
5.001544958813123332e-01
4.973328366634003350e-01
4.880089158613986067e-01
4.839247266166522010e-01
4.838587543281360759e-01
4.838703697683700566e-01
4.802181761662456250e-01
4.737771953263807401e-01
4.723635047511593466e-01
4.685593778462964210e-01
5.001223765373591368e-01
5.260882851834020046e-01
5.424376226900825548e-01
5.421682046916386222e-01
5.415358977437416677e-01
5.410204780730214491e-01
5.404143673187786767e-01
5.346244016657146769e-01
5.269996464594713936e-01
5.266243998138108173e-01
5.254727957647434833e-01
5.255998189024984057e-01
5.256679844010079261e-01
5.207004859715476108e-01
5.199179125637839460e-01
5.145045477897834951e-01
5.087810208033177739e-01
5.088321127178387915e-01
4.993261749421493700e-01
4.992887297120911505e-01
4.997251199104524311e-01
4.988983839597279646e-01
4.970247489965252674e-01
4.912415610387925180e-01
4.911997759145086961e-01
4.911498112096429058e-01
4.911528115664250405e-01
4.911380420629078425e-01
4.915665629862566166e-01
4.916935842967927184e-01
4.910770331398403021e-01
4.916690415792215330e-01
4.820373598122125181e-01
4.810661423213997701e-01
4.787284559276785423e-01
4.760276957632222916e-01
4.713079836902547282e-01
4.646560169175464328e-01
4.557211434454451759e-01
4.518591993976732724e-01
4.508586112228102349e-01
4.510280306616731849e-01
4.510027790246524670e-01
4.503325318177620051e-01
4.818080546701440925e-01
4.812583759422348062e-01
4.746081676250770154e-01
4.715522127227076976e-01
4.646687259064491982e-01
4.548590785924135904e-01
4.896345873567020113e-01
4.896664678239694424e-01
4.896285930126315078e-01
4.893862797896106342e-01
4.893136268876577821e-01
4.809709539213735674e-01
4.797935250916081085e-01
4.758682590692857595e-01
4.714041670966111486e-01
4.618165092962952523e-01
4.512012534866272628e-01
4.502847544525754864e-01
4.491455524862968396e-01
4.491162624789099556e-01
4.475310022169118884e-01
4.387111533487901283e-01
4.391495295772572804e-01
4.390908998848578326e-01
4.390219020593896238e-01
4.387909056017734732e-01
4.390081734200450558e-01
4.389565765115040485e-01
4.390281124688378833e-01
4.391471455014720471e-01
4.353353398162203014e-01
4.226074815893621772e-01
4.224262592421182405e-01
4.191080647204890042e-01
4.191178362337988350e-01
4.168401192691856827e-01
4.142543843488657451e-01
4.140389265301862576e-01
4.113277198923948053e-01
4.111799425648512418e-01
4.113937741859167163e-01
4.116494493436216873e-01
4.166453530771432878e-01
4.168289623072791716e-01
4.162683662863064238e-01
4.161170021594337021e-01
4.163093250741373708e-01
4.142231742468491795e-01
4.121934812191143105e-01
4.158777899092131469e-01
4.383699531599627996e-01
4.796988806088813284e-01
4.886688277129770386e-01
5.465468817801424350e-01
5.334058689210299242e-01
5.274530599173947731e-01
5.215407980759896311e-01
5.214299659036016887e-01
5.208141257616561992e-01
5.207926391288061341e-01
5.206837385661327033e-01
5.587111067929670938e-01
5.623011289363579746e-01
5.734794369246284385e-01
5.739887771540604922e-01
5.663371614646255381e-01
5.679979809625682607e-01
5.670990877692637655e-01
5.668457085344122959e-01
5.668451889323523618e-01
5.674358716872152097e-01
5.648677354969245945e-01
5.671446366679255835e-01
5.646690544746013618e-01
5.643656947260936585e-01
5.643779181527698308e-01
5.639874201173532553e-01
5.635583086447328860e-01
6.186826064361258259e-01
5.796467167141852173e-01
5.775632068969713817e-01
5.789507575066831224e-01
5.706794794208008836e-01
5.745210680261719771e-01
5.797110685383186635e-01
5.730353785863457894e-01
5.733280114152367046e-01
5.736287609309851376e-01
5.688348438379895455e-01
5.687007026747941119e-01
5.690027451205498243e-01
5.686441564915555302e-01
5.692215570891282495e-01
5.653273317945579635e-01
5.648979371014060114e-01
5.646665946177303885e-01
5.645669879473711461e-01
5.644368926050328250e-01
5.644368725626220940e-01
5.650624534603773119e-01
5.700031561492482357e-01
5.705548087334646468e-01
5.698691637174485569e-01
5.711742893895934703e-01
5.733013917416839300e-01
5.728410609298257850e-01
5.723708659333142101e-01
5.719856145644357515e-01
5.717377796812095347e-01
5.708939154132323113e-01
5.703935244595588205e-01
5.704200621304811314e-01
5.700835102891805839e-01
5.693930866883857300e-01
5.689061353869377946e-01
5.681286370548670472e-01
5.672763224311561103e-01
5.675488520082823118e-01
5.670516847869850885e-01
5.668729067375501973e-01
9.660431885057658707e-01
7.221221860873096032e-01
7.103664235189179887e-01
5.874032480905473363e-01
5.817072879471383295e-01
7.084860019414092047e-01
5.769426701811628533e-01
5.773886618507646507e-01
5.772092760348026541e-01
5.767138935100108998e-01
5.761670411590197327e-01
5.757125129328624080e-01
5.757413335048918723e-01
5.754642080068923526e-01
5.750251275673021745e-01
5.746232338878393131e-01
5.742374726942903740e-01
5.742845285472847339e-01
5.734705721039254911e-01
5.733782506846627491e-01
5.728484663512836139e-01
5.723402896151474906e-01
5.720471780094653624e-01
5.688280851957703277e-01
5.686913094265029223e-01
5.686433660659541145e-01
5.685919897110593979e-01
5.681321738635112251e-01
5.680994023473442400e-01
5.681389953240320034e-01
5.678278540714826184e-01
5.678848721195315363e-01
5.676176399071792833e-01
5.670973093614373184e-01
5.665965697548044355e-01
5.674946838290613194e-01
5.677266755008982813e-01
5.665190587399955291e-01
5.657998391715306497e-01
5.656814932225922021e-01
5.661152232031811948e-01
5.663121160680369970e-01
5.658216362719517001e-01
5.645252831151565953e-01
5.643571447548246800e-01
5.643121106846693547e-01
5.643350431698137548e-01
5.643576644815346821e-01
5.650736778167969598e-01
5.613462127489712294e-01
5.606144732728822744e-01
5.603980366223080267e-01
5.602593087892353552e-01
5.558449878819495815e-01
5.560036791774858322e-01
5.559018513394494709e-01
5.560021325645367885e-01
5.460884643960710605e-01
5.460325510167363117e-01
5.460393172307599352e-01
5.461724425811680383e-01
5.460347763846562508e-01
5.459308608245505567e-01
5.390991865527272608e-01
5.394991423837924849e-01
5.395564716133576244e-01
5.397220243638609638e-01
5.396603649591592555e-01
5.395831092997275258e-01
5.396832785266049148e-01
5.292779468558789224e-01
5.294546040024031841e-01
5.295944410660079482e-01
5.291587232744759950e-01
5.296296464704665086e-01
5.298603614085666269e-01
5.259996797763943910e-01
5.130937974406906132e-01
5.134912623112206642e-01
5.122157625322716346e-01
5.127949054105911397e-01
5.123422697993664787e-01
5.058233214873560923e-01
5.063055964573979217e-01
5.055092401884336839e-01
5.075404987384477540e-01
5.036653181623895748e-01
4.969518629565343737e-01
5.104522266758312332e-01
5.125301383049405413e-01
5.419328492319008816e-01
5.419162176305688527e-01
5.411097871147481086e-01
5.380936039415794570e-01
5.308667520225890391e-01
5.308820586589431123e-01
5.488352266765439413e-01
5.484160202729110312e-01
5.482207499502338433e-01
5.417761234126569070e-01
5.418908341001736906e-01
5.410563295730675959e-01
5.434108714012251262e-01
5.421872770381066520e-01
5.314558723601282564e-01
5.310928684502287389e-01
5.308828592339748242e-01
5.309231429202538877e-01
5.312836135409652050e-01
5.237901025616744644e-01
5.104690337580604087e-01
5.109008433526553983e-01
5.115649410370162187e-01
5.098964449504144181e-01
5.099825263636782458e-01
5.099686844780098038e-01
5.099361330989609087e-01
5.101304000478545930e-01
5.101353664796937082e-01
5.101907439325293891e-01
5.100866730938342641e-01
5.076307699816373642e-01
5.075592033635122347e-01
5.080137095905634670e-01
5.081192578081783484e-01
4.969190549260598111e-01
4.966605538983365209e-01
4.968831568104559726e-01
4.957739770624088882e-01
4.942544353699363513e-01
4.934827642792853908e-01
4.861830951989248306e-01
4.854648129368775433e-01
4.854359427630531854e-01
4.841461214952541003e-01
4.832905190374476301e-01
4.826699588745290148e-01
4.824650468029696992e-01
4.824832918394146852e-01
4.790416419168710416e-01
4.787367598331303542e-01
4.717745492177999878e-01
4.716560198255317915e-01
4.708248229515459848e-01
4.711084239989773992e-01
4.697058999132764923e-01
4.698136403571961939e-01
4.686484671270139679e-01
4.686512449818588388e-01
4.674498058685759849e-01
4.672928703391712180e-01
4.672391914167081106e-01
4.665279838445686722e-01
4.672444018943945343e-01
4.672839720446765321e-01
4.605497576805713811e-01
4.607510129742823368e-01
4.606679681153627026e-01
4.606655460332451657e-01
4.580135465547188756e-01
4.582872432663881446e-01
4.510087350397630201e-01
4.458781967668326018e-01
4.454857014869044729e-01
4.454754497378177747e-01
4.354118137922102227e-01
4.333417227420082174e-01
4.270113741827959997e-01
4.270419533598917572e-01
4.268775354856079729e-01
4.225497588855300912e-01
4.563723793051067679e-01
4.587499764279089898e-01
4.661094091652713822e-01
4.838498404736480407e-01
4.839337207232007332e-01
4.840077557816848675e-01
4.809797339632699842e-01
4.808627982039102022e-01
4.734853796112218349e-01
4.719077578347692925e-01
4.721322518567716564e-01
4.706117171889310780e-01
4.670335630024955997e-01
4.649306356264323314e-01
4.655764312310869402e-01
4.657623071551489913e-01
4.653347937772031040e-01
4.623723421373757692e-01
4.621450249133581822e-01
4.620133857513335496e-01
4.593920151457990819e-01
4.596937138554207380e-01
4.564166124916957390e-01
4.561482038498740343e-01
4.562111521509655265e-01
4.562729978809215714e-01
4.563174105190394014e-01
4.564339146008043469e-01
4.568841671591123976e-01
4.607376615618686833e-01
4.601206277196361882e-01
4.583457846509967348e-01
4.583457168766539302e-01
4.567559133307897978e-01
4.572533504834384033e-01
4.676899410989068251e-01
4.680274022535951262e-01
4.664822442581790796e-01
4.665016298434587760e-01
4.670946940298240646e-01
4.596203240121274902e-01
4.593554024067707520e-01
4.584247339807956401e-01
4.581348218243441739e-01
4.582096196195020177e-01
4.697883522617862795e-01
4.693010524258652838e-01
4.677146025836949050e-01
4.654294194619726377e-01
4.650117457519680753e-01
4.767712824379072845e-01
4.771088534226116673e-01
4.765854457770372643e-01
4.765100258256363963e-01
4.759729887381569102e-01
4.727451063149701316e-01
4.686772129558290922e-01
4.682806768436557632e-01
4.645792442594970928e-01
4.645789580190965440e-01
4.645539517073083990e-01
4.578835038708359839e-01
4.578965165381212454e-01
4.572293964765524188e-01
4.566298194237313202e-01
4.563865921536892634e-01
4.565827707664422697e-01
4.562667030303385607e-01
4.564380337473222804e-01
4.564903771143388189e-01
4.560546030128619366e-01
4.555983145095000020e-01
4.560509972888022179e-01
4.556153591394452862e-01
4.554881982880378821e-01
4.557950391528130529e-01
4.561076122497644825e-01
4.559227787428668521e-01
4.556382325490546115e-01
4.460019435317754133e-01
4.453742569010450403e-01
4.452398829468989794e-01
4.452143346855651496e-01
4.450961186115359181e-01
4.449548967446423919e-01
4.339174234128410634e-01
4.269505951370323737e-01
4.216198912712330049e-01
4.159556340922477280e-01
4.162065584745174296e-01
4.090741741211736393e-01
4.092897194664334437e-01
4.425857063449164519e-01
4.539653324719878369e-01
4.528234792761306471e-01
4.531717612896641878e-01
4.531354732324706092e-01
4.527451360386400281e-01
4.527328539730608448e-01
4.530312250149045594e-01
4.528156810003921562e-01
4.475045211316247551e-01
4.417693549626239835e-01
4.419931454532049497e-01
4.419933777166999977e-01
4.420425700558842097e-01
4.358174957662188653e-01
4.292037911180343612e-01
4.239693940678049833e-01
4.512425912736590106e-01
4.530143779553570949e-01
4.626726484222982161e-01
4.619444707242293946e-01
4.592089011289585132e-01
4.527752543767440963e-01
4.527911758022906130e-01
4.527715621744922148e-01
4.526674476719724227e-01
4.526253436304121247e-01
4.526578402209517904e-01
4.524035709790206194e-01
4.524491370682919844e-01
4.520347710895353255e-01
4.490136207296048232e-01
4.485579623763648605e-01
4.485603677563617664e-01
4.485738657337378643e-01
4.485554630921254615e-01
4.484684938973914625e-01
4.489761891871674182e-01
4.477253938402542266e-01
4.488622462001976565e-01
4.486056984873543207e-01
4.427044834045632538e-01
4.427103524364295328e-01
4.421554469190798753e-01
4.303044332270425931e-01
4.249911096489454865e-01
4.251132020991675864e-01
4.252357161397574692e-01
4.257327908167083397e-01
4.255024158829240344e-01
4.254707028887763642e-01
4.255526966318028403e-01
4.252694076287339420e-01
4.252815299796498527e-01
4.254685245833621510e-01
4.233520372054913050e-01
4.232939613071601270e-01
4.232335023023349185e-01
4.232063053893050375e-01
4.232474662784483366e-01
4.233230274105119761e-01
4.233731272712073501e-01
4.235130162465581272e-01
4.235201044270540116e-01
4.236258925153617017e-01
4.200015593971015981e-01
4.254451947946827350e-01
4.428308620681346008e-01
4.511915184014919644e-01
4.511643955224186042e-01
4.462086819907444823e-01
4.455138698591098456e-01
4.609575878781380087e-01
4.672213201292644280e-01
4.612090277291291396e-01
4.603955184534109235e-01
4.604236906798827023e-01
4.603064250453708928e-01
4.603763372967324963e-01
4.601483460111388535e-01
4.602317631482145677e-01
4.602856728757317994e-01
4.642210447372376869e-01
4.655949861042038007e-01
4.799730213959884084e-01
4.900750219114851092e-01
4.892148747085968141e-01
4.868706898196315525e-01
4.867217388198830097e-01
4.866959615951099161e-01
4.800945017534368198e-01
4.800453757694916890e-01
4.795664366840987625e-01
4.796349149359370734e-01
4.796822683671659870e-01
4.800962684890771603e-01
4.805548677297506455e-01
4.927528265281434505e-01
4.896856705774282892e-01
4.864246713598574523e-01
4.865743654526057949e-01
4.822972566455924204e-01
4.799815509773601718e-01
4.800486088972852894e-01
4.797236948891512309e-01
4.796962506269932813e-01
4.798495882613165175e-01
4.797816825158188747e-01
4.797016695055627000e-01
4.799270081584253722e-01
4.798302734673779435e-01
4.728059443788150129e-01
4.725961704076238057e-01
4.725619903837200431e-01
4.722443056342990886e-01
4.720626616124981023e-01
4.719042110596390338e-01
4.719725301212495672e-01
4.718867054730506716e-01
4.717452501418454291e-01
4.788416808280014925e-01
4.977497265771717028e-01
4.928472678295686138e-01
4.886099781669556719e-01
4.881427074423135837e-01
4.869181666341111381e-01
5.003983714454240950e-01
5.045030479615609798e-01
5.019961375173788154e-01
5.016683662823329115e-01
5.017818499847662705e-01
5.014754131174129492e-01
5.013446966807407756e-01
5.008614366838720633e-01
5.001428735765869327e-01
4.982674192295787896e-01
4.979976262658478703e-01
4.976927227479964744e-01
5.064434299023398145e-01
5.016176014020498064e-01
5.018979459447919789e-01
4.989238836233522156e-01
4.984018823474568594e-01
4.976075520827373255e-01
4.981034517530141814e-01
5.051864579158495960e-01
5.047959270392943232e-01
5.045401456770154391e-01
5.046418676261307246e-01
5.038217336364271270e-01
5.030900873465624645e-01
5.016166534982463565e-01
4.954267683061620575e-01
4.954617319604220915e-01
4.953542946776072209e-01
4.955578465618705186e-01
4.955480033346262303e-01
5.023590659283593274e-01
5.024154711874126988e-01
5.024026061901403217e-01
5.002966830879609361e-01
5.002704727950032515e-01
5.004785306526198241e-01
4.946604884787263456e-01
4.946332699003861966e-01
4.947029051588940352e-01
4.946434547203001908e-01
4.936062428908535304e-01
4.877903533802173675e-01
5.026456788392020814e-01
5.026998630895581632e-01
5.019339000709519549e-01
5.007236394930107970e-01
5.007401793189647510e-01
4.950319335533938103e-01
4.951264944813401625e-01
4.948109362044774695e-01
4.948665665393016666e-01
4.876823733413238049e-01
4.876261886834942216e-01
4.875253438882666823e-01
4.875412319309245790e-01
4.873227691753767021e-01
4.874220899032815635e-01
4.848478003788140311e-01
4.975325696991151903e-01
5.040785000916986336e-01
5.446686121365178490e-01
5.438891909602047159e-01
5.433808991487485418e-01
5.354026680439634145e-01
5.427282731208977751e-01
5.605097127737843632e-01
5.655275410609020836e-01
5.650915562610224763e-01
5.665389826302846821e-01
5.654950530115501195e-01
5.663007576154024392e-01
5.661186704133958081e-01
5.707157628098677993e-01
5.707392309131180674e-01
5.706693714749108137e-01
5.703031561519057435e-01
5.722008294198563938e-01
5.805260068762287951e-01
5.843488395554358172e-01
5.874972977207553182e-01
6.087475563377299226e-01
6.160508138363687269e-01
6.330342345228170409e-01
6.380802866024458675e-01
6.408709433013666246e-01
6.412228240725769135e-01
6.402152724913100501e-01
6.405842220090238737e-01
6.403337114562821508e-01
6.573442554758165413e-01
6.578252622016986795e-01
6.578307050820484392e-01
6.579473243806228666e-01
6.573459879526495353e-01
6.391888542877464108e-01
6.389709007701617205e-01
6.377027243909322296e-01
6.370163497349459192e-01
6.376445602722831119e-01
6.377195425666286610e-01
6.371471731920428372e-01
6.373371584904012899e-01
6.330295166388524297e-01
6.335687412632834414e-01
6.330005898390845820e-01
6.323288314909082386e-01
6.322290000046679737e-01
6.317499239003331324e-01
6.309881432766950571e-01
6.255429698606206346e-01
6.251780636415125159e-01
6.253051443732560166e-01
6.252342467890434907e-01
6.250007607172252122e-01
6.243579493071258479e-01
6.244746127464728680e-01
6.213347118337075869e-01
6.162958447621552649e-01
6.160755386807027500e-01
6.159055516024588561e-01
6.161105374179988159e-01
6.162748213321606050e-01
6.160428614753371557e-01
6.159068137541298116e-01
6.018496705371093602e-01
6.019073064093344305e-01
5.843513645774380816e-01
5.812946177967572847e-01
5.809972421463470704e-01
5.812429746500432648e-01
5.809348507825706776e-01
5.790136158939741540e-01
5.788335357125955483e-01
5.787602560277966823e-01
5.787230426646677861e-01
5.780587080032177916e-01
5.774007198987547440e-01
5.770303447519107287e-01
5.768925305755594479e-01
5.766440325220554275e-01
5.764579466586594592e-01
5.712255749229748769e-01
5.708295025530097933e-01
5.706543990862887883e-01
5.698240203414234317e-01
5.697358158962233521e-01
5.645661852153929239e-01
5.645434057162560526e-01
5.644702073892101657e-01
5.642141436620792261e-01
5.640924599090549885e-01
5.637258049575879504e-01
5.636548245297275939e-01
5.639156919794902079e-01
5.636251935250111700e-01
5.637899018686594044e-01
5.639436100606121105e-01
5.578804235556494850e-01
5.578965082505640272e-01
5.578051075252210556e-01
5.579705491072586288e-01
5.540003920895157918e-01
5.541753668196434113e-01
5.632760543548296361e-01
5.745090673281900706e-01
5.989197447275526054e-01
6.220071960533386513e-01
6.484908128660189508e-01
6.568352828924212128e-01
6.569249863922786981e-01
6.569723183881649442e-01
6.569208990628633282e-01
6.568418429047833129e-01
6.569838543183790236e-01
6.570069768428550283e-01
6.481783183439593365e-01
6.481823474428334286e-01
6.481199731320244073e-01
6.476152950563975885e-01
6.463268882914126046e-01
6.309446076496330047e-01
6.312748143823276870e-01
6.309930403914294494e-01
6.277873223511118983e-01
6.277863439754398645e-01
6.277623796121262201e-01
6.225020027207266438e-01
6.226265967248385547e-01
6.226813988198137695e-01
6.207350830012503540e-01
6.098275456143495976e-01
6.103597978096941823e-01
6.093668689149320805e-01
6.101831295097424057e-01
5.890515450885854820e-01
5.787187296991238572e-01
5.788295629937700859e-01
5.786907819530890951e-01
5.778834714592884225e-01
5.775112470007111032e-01
5.767567861516462724e-01
5.768141233009315139e-01
5.707121188725949867e-01
5.707079485024592058e-01
5.704653594320172605e-01
5.628341901738577180e-01
5.629215167200583014e-01
5.626089372216593887e-01
5.628029893823343066e-01
5.627511359510087852e-01
5.625311713397036506e-01
5.781138578962452534e-01
5.765481046582499047e-01
5.700058838714956444e-01
5.696716093163547434e-01
5.693250319248028823e-01
5.627203133619472775e-01
5.632184228298312556e-01
5.632563908508848582e-01
5.626421616539860615e-01
5.610234891569833016e-01
5.587504360136636983e-01
5.598223260077677121e-01
5.591816426302564924e-01
5.538176864406978428e-01
5.525858519415325354e-01
5.475306335659742007e-01
5.590208482832856873e-01
5.620526326175233622e-01
5.617059395653994924e-01
5.617001935946585034e-01
5.616061765214148682e-01
5.545595631180203489e-01
5.540866796783652237e-01
5.536893300764916814e-01
5.513412389251296508e-01
5.506076848045553529e-01
5.493093295229428685e-01
5.469560131436757011e-01
5.605631905213110944e-01
5.592491948529209056e-01
5.632717567465452824e-01
5.629810187713879532e-01
5.626271209450316446e-01
5.666522444285027049e-01
5.699800774570747963e-01
5.846295331608304391e-01
6.014799275002959966e-01
6.051552767425513180e-01
6.428603247254917052e-01
6.535077297087821258e-01
6.746661488459939626e-01
7.245268320642823667e-01
7.249570611277955656e-01
7.246337108668245985e-01
7.250635007445632718e-01
7.132434264883883435e-01
7.276083097729255655e-01
7.265674939655412112e-01
7.262959672747417716e-01
7.256683405553994159e-01
7.243494874267110140e-01
7.243980444782507355e-01
7.234715860918116137e-01
7.225803730924484913e-01
7.217097988427285671e-01
7.208067617820607120e-01
7.190979848186269674e-01
7.187991189953422122e-01
7.184414278552613276e-01
7.183431746373053484e-01
7.179003379249269123e-01
7.176727408389735885e-01
7.175337980740167376e-01
7.174111705098202840e-01
7.175415392708792695e-01
7.127786132061485480e-01
7.131639548191407441e-01
7.094753848585816369e-01
6.817937489029309850e-01
6.817890908284226503e-01
6.818703147000398923e-01
6.818654263491512602e-01
6.730697054922057943e-01
6.708556726671234260e-01
6.708879278062723772e-01
6.707783857449622911e-01
6.409584524091304081e-01
6.410311509312447420e-01
6.389685802715493468e-01
6.337786916964890382e-01
6.340181861779126127e-01
6.339517771524149081e-01
6.337880711574181980e-01
6.337935329412865970e-01
6.337132738619750683e-01
6.336747939290049425e-01
6.139619496047989955e-01
6.054552336489618103e-01
6.029808197627289923e-01
6.033349363358434525e-01
6.031954212955813466e-01
6.028045275773236122e-01
6.026983538492866055e-01
6.024425693275362592e-01
6.019381864477656441e-01
5.966423021702367269e-01
5.905243848917114402e-01
5.878503755517221485e-01
5.865798425177394249e-01
5.875491698596542189e-01
5.871037397284695203e-01
5.859923108136450010e-01
5.858230465996129288e-01
5.810565677579171417e-01
5.807196758914472401e-01
5.805493851599101696e-01
5.803663952172631868e-01
5.801701994088400705e-01
5.802614021868707228e-01
5.797010056113627297e-01
5.786699395239524035e-01
5.785888664402368819e-01
5.774073500337272291e-01
5.768347901390337151e-01
5.688539362437204927e-01
5.687361332039323480e-01
5.685170499787768339e-01
5.685420897503281612e-01
5.684436357543418694e-01
5.529034758859514564e-01
5.530199125009387373e-01
5.759384161566757365e-01
5.829546686911399878e-01
6.023766207558898245e-01
6.281185654126355544e-01
6.539793768936515983e-01
6.539728236171205022e-01
6.539681691961551913e-01
6.539689600848602735e-01
6.538960542106372342e-01
6.356397126428028344e-01
6.282989732733494925e-01
6.282851782356861925e-01
6.282418039032250379e-01
6.279048745817422672e-01
6.136569910217254398e-01
6.030538477821364429e-01
6.027721372544762035e-01
6.028072922583969095e-01
6.028533099449260302e-01
6.027974261953912283e-01
6.027599873941672515e-01
6.027167189925405344e-01
6.026173965864254356e-01
6.022456805676463798e-01
5.971469972369609636e-01
5.929684696945517475e-01
5.929658363796573850e-01
5.928848111624732686e-01
5.929433505901353652e-01
5.838093101677607200e-01
5.805186801593514856e-01
5.806817861578209561e-01
5.806561698749115319e-01
5.760499082033266882e-01
5.753960175394041698e-01
5.755018981738635464e-01
5.753689685718015312e-01
5.733919306503659774e-01
5.730999777652571181e-01
5.720772755546441601e-01
5.654239502448459298e-01
5.801031349604169884e-01
5.801950047541000188e-01
5.974765265389306856e-01
5.971648724054896551e-01
6.004399959592049418e-01
6.009578964071575768e-01
6.009235719659593578e-01
6.009014137896797614e-01
6.008625486496983470e-01
6.008143691751535176e-01
6.007996725282040984e-01
6.008921928913937283e-01
6.010155729972792571e-01
6.009844111988031923e-01
6.004038806001859019e-01
6.007808168657888803e-01
6.007207785725408034e-01
5.974464302651977254e-01
5.968248151717316929e-01
5.968818031135050273e-01
5.972233160004080110e-01
5.972600704782798919e-01
5.972672068175071125e-01
5.970841525070762490e-01
5.974118147565939951e-01
5.974836324404945165e-01
5.958923851321347165e-01
5.958981838939114706e-01
5.958745575262544003e-01
5.955077263130067466e-01
5.955735351246951303e-01
5.959771856737002826e-01
5.955436915618292915e-01
5.960417259994942318e-01
5.937741350872934865e-01
5.881488385471569380e-01
5.973163454731973410e-01
6.000540704321450924e-01
6.228352777033051568e-01
6.372980014923185221e-01
6.520028357950999887e-01
6.534134644728918362e-01
6.789496780141028864e-01
6.794446206423552237e-01
7.087900286185524479e-01
7.145449091947229103e-01
7.271097756433712034e-01
7.332110869159599309e-01
7.328822058609540946e-01
7.271783640556747086e-01
7.275295552687063294e-01
7.270905022671877438e-01
7.270169622684945487e-01
7.269660230532201117e-01
7.269550632191151829e-01
7.272080216340073289e-01
7.271600484774700668e-01
7.271116732877644928e-01
7.266359200431347087e-01
7.251099296130233407e-01
7.151522319656852256e-01
7.149522060520726585e-01
7.155172663483724271e-01
7.153805585924805088e-01
7.155805082422573848e-01
7.150459536627239432e-01
7.146502838681176861e-01
7.156310368804269517e-01
7.156791083866564929e-01
7.093040915635658861e-01
7.089792442193568744e-01
7.083590308652087941e-01
7.086870644444004386e-01
7.088405462190753292e-01
7.086540665872406164e-01
7.088280162437928800e-01
7.085079479183126194e-01
7.032537282383728439e-01
7.026525619742699513e-01
6.878175017459340346e-01
6.778470935840155143e-01
6.754333380183242808e-01
6.757682637435170614e-01
6.755964648626460178e-01
6.779576243180287509e-01
7.009164511119327923e-01
7.007118926889445154e-01
7.062780316553393112e-01
7.051487405166885214e-01
7.128871630514331814e-01
7.125098425752187659e-01
7.125240473395659802e-01
7.065069795500059646e-01
7.064866159966827208e-01
7.065022842468987596e-01
7.061395210318914817e-01
7.065621951603084927e-01
7.065239850172481129e-01
7.065118486362120809e-01
7.015107908761115674e-01
7.002532241463432783e-01
7.004744986403612650e-01
7.001480131473016844e-01
7.004000772915838224e-01
7.000432494772098613e-01
7.000356295853865651e-01
7.003271054547831609e-01
7.002140664898005573e-01
6.999016324618372309e-01
6.938487064222300660e-01
6.857994752918307180e-01
6.774387661682276240e-01
6.774329460094477007e-01
6.774732019017418727e-01
6.772103911226705630e-01
6.775392467549681275e-01
6.773291209262575219e-01
6.775892244440127055e-01
6.776828703756023753e-01
6.744351338329060974e-01
6.883898761170046399e-01
6.847831995241205894e-01
6.873776506357927030e-01
6.872753010195975509e-01
6.996941388314248389e-01
7.015319646288855626e-01
7.014454161964662759e-01
7.007609438241406696e-01
7.013200090170121914e-01
7.012315355224552071e-01
7.011570796509400960e-01
7.018286893805014692e-01
7.015191197174210913e-01
7.009600322392272043e-01
6.997170520015091322e-01
6.995016692401954117e-01
6.999900009592698868e-01
6.991821570556671084e-01
6.991482188204151127e-01
6.992849012212589699e-01
6.993167363798634684e-01
6.993135896030708842e-01
6.874985113609819454e-01
6.876561622257721940e-01
6.876373230918663149e-01
6.875451006945320076e-01
6.877754928816426361e-01
6.878377787143443722e-01
6.876579685726387225e-01
6.879842676472938123e-01
6.856095235427625001e-01
6.784497864273048018e-01
6.785321270185080689e-01
6.783856414627917886e-01
6.781562964226053314e-01
6.779403787840373452e-01
6.776101888544205920e-01
6.779735458265511161e-01
6.775913696052987545e-01
6.766159865068236412e-01
6.765816768286804228e-01
6.755707240176689332e-01
6.761930403185741900e-01
6.760954252533830644e-01
6.728462763610546515e-01
6.727519791197643650e-01
6.726524225001822010e-01
6.684861461056316179e-01
6.681602337858306706e-01
6.680937910994677598e-01
6.679349658114478450e-01
6.677330678429954647e-01
6.737687226411938068e-01
6.855692041364778166e-01
6.856452162051479560e-01
6.767973260248214551e-01
6.769022857309092700e-01
6.768404116485672306e-01
6.768254115561925799e-01
6.767209436232684006e-01
6.767269052540780816e-01
6.749512666536779948e-01
6.748347334226454386e-01
6.739945475883937220e-01
6.750007598699416800e-01
6.729080856323025328e-01
6.724403412165537164e-01
6.725827281079951314e-01
6.681393145075195106e-01
6.681568166457707569e-01
6.682773652333241499e-01
6.678445605861716983e-01
6.631586172189229966e-01
6.632823290647780201e-01
6.633639577871228710e-01
6.634282084126503776e-01
6.634652071293808406e-01
6.545842707446883901e-01
6.547525372672896582e-01
6.547524708392482573e-01
6.547097776744010833e-01
6.544774520660896489e-01
6.544937365715817190e-01
6.545063576723635368e-01
6.543743356632935049e-01
6.544883998540830250e-01
6.543351489778935770e-01
6.544269883254412168e-01
6.543497629122810855e-01
