6.783279661584400433e-01
7.318210665970872331e-01
6.966862596840266431e-01
7.057781240777586396e-01
6.736176655715649941e-01
6.893852988712105834e-01
6.706730973376422433e-01
6.813931580400054422e-01
6.849899566586403754e-01
6.692001310269501957e-01
6.771280424483724358e-01
6.724156239334349028e-01
6.754586479550996891e-01
6.668884167609734348e-01
6.763086284922384950e-01
6.874026206131235162e-01
6.663952336979732660e-01
6.976382556311668814e-01
6.716271593642946236e-01
6.784118938051681980e-01
6.780132962154208354e-01
6.829368902380583695e-01
6.640411597186183235e-01
6.786297069393191217e-01
6.587237871327150662e-01
6.598699773946093972e-01
7.772053945523573759e-01
7.830136803632476994e-01
7.733265314208578323e-01
7.421061391541173835e-01
7.722604290896368795e-01
7.683650771224952436e-01
7.369926619606176343e-01
7.000767054058412153e-01
7.083050180892128678e-01
6.898091231771167342e-01
6.990891460914867572e-01
6.834321849648878899e-01
7.087973531532960614e-01
6.588325382581884382e-01
6.583650070235068652e-01
7.079894343286583513e-01
7.519799046255751795e-01
7.046901862774814784e-01
7.112661181308829184e-01
7.007302515783653263e-01
6.916292758494453352e-01
7.040803108718605152e-01
6.934926882129359704e-01
7.018265595844989102e-01
6.927548172019375450e-01
6.871118222863679126e-01
6.798503137145135433e-01
6.855486850965798462e-01
6.773896808634147781e-01
6.795736077990653934e-01
6.915410292098056466e-01
6.721023963928624001e-01
6.826703836183601881e-01
6.570611762421855184e-01
6.536555097813929738e-01
6.472871482502351448e-01
6.595885276761324079e-01
6.584742447704972079e-01
6.614446793586203910e-01
6.470195377417616855e-01
6.494045710971951824e-01
6.630348095984008872e-01
6.677972509060816630e-01
6.613646495441594109e-01
6.851813040394209020e-01
6.850328028162722127e-01
6.735990211552432827e-01
6.732302571826596083e-01
6.880469572536995759e-01
6.778002246908780837e-01
6.632331535741334827e-01
6.579579643470887529e-01
7.004950589226155433e-01
6.875791529005861324e-01
6.657754489757485850e-01
6.715200975383464055e-01
6.861876025894492193e-01
6.818474595468261290e-01
6.943002473948024500e-01
6.673178264636181467e-01
6.829864267832406188e-01
6.729993046788897981e-01
6.817259821702974509e-01
6.601298850600897383e-01
6.466175213732680005e-01
6.769537810674892686e-01
6.553784903289407993e-01
6.611163656162295510e-01
6.607480194162509424e-01
6.469807878129003598e-01
6.749573642041926114e-01
6.442299455043920542e-01
6.607670714810516266e-01
6.512353678480540253e-01
6.402199897999230060e-01
6.349063648443922236e-01
6.353699677242132804e-01
6.338778000096942922e-01
6.237714744317319759e-01
6.082359631466803807e-01
6.232265622154934404e-01
5.965424301851344202e-01
6.440581427916134416e-01
6.412724089278077910e-01
6.392494222499711665e-01
6.515546235486654458e-01
6.276944267052384507e-01
6.638275791429616435e-01
7.052485967693129520e-01
6.371576856455081206e-01
6.430945439834416799e-01
6.522668705944139056e-01
6.562361809405010682e-01
6.923778368797878224e-01
6.595096956931533194e-01
6.586454492572617614e-01
6.471221029028262350e-01
6.476244243415798518e-01
6.706081977985766107e-01
6.645100458849128033e-01
6.456680823696672178e-01
6.624556039587017331e-01
6.412764284555861893e-01
6.722992265658371824e-01
7.073669373740245625e-01
6.636255224087546090e-01
6.618852287491309161e-01
6.623922921985254675e-01
6.647365003651291016e-01
7.035113820212000046e-01
6.816628668928194079e-01
6.720780324015651619e-01
6.755573774350516203e-01
6.865653828455799967e-01
6.664871042579006977e-01
6.809309372905195668e-01
6.715719433358608992e-01
6.619731134729739397e-01
6.570491420006605576e-01
6.537673920514236459e-01
6.500556017107903539e-01
6.492435805196680176e-01
6.320543831091272047e-01
6.639343766216772025e-01
6.650834512841714563e-01
6.793902447878703565e-01
6.574148283889270639e-01
6.790086261632637399e-01
6.865262717810707294e-01
6.863529868279449886e-01
6.624141018377004420e-01
6.606997727350752969e-01
6.638440900863673555e-01
6.786428868520932856e-01
6.809604987851641811e-01
6.752267065600501272e-01
6.669297851188144000e-01
6.886005650649127396e-01
6.999600401809624728e-01
7.048732256333301027e-01
7.039560610278924324e-01
6.971737064817670193e-01
6.923726638465141914e-01
6.911741958677397601e-01
6.949173188720352279e-01
7.136118510427730266e-01
7.044418803762728665e-01
6.908829159684479748e-01
6.842738966920227650e-01
6.718705059044597361e-01
6.740127169003539143e-01
7.064431310539582842e-01
7.069196083624575966e-01
6.945839662793374947e-01
7.085899023394940377e-01
6.880558966807657217e-01
6.828681552408542021e-01
6.870775861495735937e-01
6.880965416636901644e-01
6.919513240054989689e-01
6.945470812769867219e-01
7.079171352931230565e-01
6.922455659238461179e-01
6.905830688515190996e-01
6.972798910319977228e-01
6.757202923261086402e-01
6.918483448564138882e-01
6.811403760591283607e-01
6.867146388372066257e-01
6.966005829985192355e-01
6.904520031369584254e-01
6.712539925684440911e-01
6.619083799128883117e-01
6.744671132933738322e-01
6.670932676966431218e-01
6.642471772852428513e-01
6.502799775149510353e-01
6.463505155915396649e-01
6.411865188042558117e-01
7.023989453580854470e-01
6.628865711463144406e-01
6.662105197252389255e-01
6.679343335747367494e-01
6.548132630194732906e-01
6.621248377423882836e-01
6.523074324865903995e-01
6.377985274682698158e-01
6.443651479692729112e-01
6.432886199523479842e-01
6.373287905923327168e-01
6.363166037504093264e-01
6.319539005713623592e-01
6.315350184477682705e-01
6.826679016591414850e-01
6.358808424733349840e-01
6.463502878920059924e-01
6.474091181369285852e-01
6.363667354792102993e-01
6.320739960554359049e-01
6.714028404301263242e-01
6.427890813537012749e-01
6.322295954956704822e-01
6.356097362020771691e-01
6.403838589871823084e-01
6.443531510286670816e-01
6.423640363331042380e-01
6.605304564425941161e-01
6.394725902666151818e-01
6.377189689916062942e-01
6.808963013725228830e-01
6.343519361124175804e-01
6.507951156772150414e-01
6.491676411101438005e-01
6.834039497546274822e-01
6.494462280181556579e-01
6.355889305001194423e-01
6.367689354054580919e-01
6.371017743628597518e-01
6.336413477678537465e-01
6.769849054373527908e-01
6.366882512386089488e-01
6.358910025736640437e-01
6.373859611336408770e-01
6.291322048894056884e-01
6.322632999311376123e-01
6.160858202288133079e-01
6.293194512111816019e-01
6.094785571769374410e-01
6.227611555158207857e-01
6.244481857313193274e-01
6.246284737879826965e-01
6.256631020979050994e-01
6.228069403274291149e-01
6.153233395701666053e-01
6.095956351921619776e-01
6.202692477203524124e-01
6.212285368967211951e-01
6.280404452995806963e-01
6.250921433224121415e-01
6.190570799972371363e-01
6.187399531884338888e-01
5.999541468856935955e-01
6.049438777395292899e-01
6.075709125768824492e-01
6.146952191580625779e-01
6.003835091414598812e-01
6.075818677638542553e-01
6.135899471120048743e-01
6.144933019167810873e-01
6.176793205234578643e-01
6.151164168390226283e-01
5.969404181368282991e-01
5.876321173432818012e-01
6.161399405203060731e-01
5.828258009888199753e-01
5.895864020201982969e-01
5.922835704935832668e-01
7.559070046445723889e-01
5.939962444226231097e-01
5.902276540002862060e-01
5.978203442057856698e-01
7.551998698606363636e-01
5.902115697057200849e-01
5.967341191269085465e-01
6.056167887573058461e-01
5.985930607222671451e-01
5.830155058633462728e-01
5.952208968920604804e-01
5.898483341397794399e-01
5.807997794410506565e-01
5.860868386668325325e-01
5.971432696430263309e-01
5.970134592377170923e-01
5.896728016494361402e-01
6.102396443861564101e-01
6.066515402020303815e-01
6.196289029982813279e-01
6.022406896039038671e-01
5.903263481506535459e-01
6.039633623977571641e-01
6.149899315246167841e-01
6.092003506347318798e-01
6.125563586694748874e-01
6.170026996571504885e-01
6.164270465165972990e-01
5.986475467209245727e-01
6.104791527025378306e-01
6.410643830851114888e-01
6.052817100429506159e-01
6.122209553923149139e-01
6.007442801895577222e-01
5.848875978208462056e-01
5.818911723387656387e-01
5.883955589233123007e-01
5.952970539269265560e-01
5.923304629731440674e-01
5.844120137051278530e-01
6.103638160517302902e-01
6.035212687733889636e-01
5.835848990282279658e-01
5.914772233721934391e-01
5.890495250046680065e-01
5.986037068218796886e-01
5.830588030013021950e-01
5.792827180386810326e-01
5.810155847288170916e-01
5.906033726523153282e-01
5.895666580703038395e-01
5.956839138452112437e-01
5.989581661757230613e-01
5.883373074456621499e-01
5.796373765554321267e-01
5.926556282825378164e-01
5.798601232432875063e-01
5.730261670597944779e-01
5.875807014884352197e-01
5.834749764354939527e-01
5.948586500756226636e-01
5.858158575632979037e-01
5.836428452700014313e-01
5.736473399146043706e-01
5.789746666694690624e-01
5.714921434040782788e-01
5.713960057499696266e-01
5.802765153469411352e-01
5.784148243614792850e-01
5.716628510047473410e-01
5.713372506154325015e-01
5.798289484790957182e-01
5.690306143425711838e-01
5.881983239359651616e-01
5.921266962161324532e-01
6.496612566426545055e-01
5.912834650007522397e-01
5.852990960992786595e-01
5.828042298677258426e-01
5.820905262306571570e-01
5.908465760720214011e-01
5.871717346182462327e-01
5.959174996224140264e-01
5.955213889133263994e-01
5.823391844398664308e-01
6.332777557176405558e-01
5.783851120382993427e-01
5.815509124377293837e-01
5.843824190565853893e-01
6.153803361015950379e-01
5.914788854960260078e-01
5.945520884803003892e-01
5.744577758660632805e-01
5.867999097475654624e-01
5.784572670783281190e-01
5.791480781380238252e-01
6.165574628084592446e-01
5.880968575951570632e-01
5.905361794099011075e-01
5.830447489488742585e-01
5.873260268974087595e-01
6.193872412450986964e-01
5.745259606176229550e-01
5.790556896820818755e-01
5.905179340189797843e-01
6.789279762261963835e-01
5.846497957328722350e-01
5.815562141277929031e-01
5.849802728610975500e-01
5.909026766282130527e-01
5.908931211613848156e-01
5.818620945560264435e-01
5.792702807713324686e-01
1.784767303711320974e+00
5.741058512590528906e-01
5.818217972582671038e-01
5.789337657671478343e-01
5.689610448422006694e-01
5.784894200080178406e-01
5.761466353125301865e-01
5.736133918756991523e-01
5.696788836552570956e-01
5.701494950124998962e-01
5.650377959371222225e-01
5.766682730452952210e-01
6.041941690241201535e-01
5.922470311332934667e-01
5.834651461844113651e-01
5.788860755458479224e-01
5.983908306379466246e-01
6.069591818246306003e-01
9.712057390322043071e-01
6.007069708069299185e-01
6.025626626973825672e-01
5.988679256942837092e-01
6.200500749867781103e-01
6.002530057962890409e-01
5.966835146726906514e-01
6.015676989631902893e-01
5.938594034394517607e-01
6.302696423978391138e-01
6.157778495252363982e-01
6.016981501900000584e-01
6.058795514527458570e-01
6.059428647929089307e-01
5.997965360710657556e-01
6.081326487736595787e-01
6.349740847350620054e-01
6.144114949941282822e-01
6.118406844478956330e-01
6.203331103264990709e-01
6.101522004832894419e-01
6.149320108486380221e-01
6.475671115859837901e-01
6.309607495121272169e-01
6.088735854843667639e-01
6.268761202574394398e-01
6.099024175261957836e-01
6.142443027603421424e-01
6.162193821929796700e-01
6.045913888950439352e-01
6.031499439871350621e-01
6.093294104794846344e-01
6.232278385781693242e-01
6.251478330040666220e-01
6.171275839438743471e-01
6.059269783105653007e-01
6.093371117916007718e-01
6.089466836593064869e-01
6.125731449822674479e-01
6.185591991497589870e-01
6.177965924887254268e-01
6.094037454871028547e-01
6.149751562907947999e-01
6.104394226509569643e-01
6.009814748269273199e-01
6.258812289194892742e-01
6.134078518213947895e-01
6.200557628120525466e-01
6.103532642618771931e-01
6.190390121012976365e-01
6.068379883674016595e-01
6.206429894520066881e-01
6.099343707358133582e-01
6.212656320234231089e-01
6.416404957708319312e-01
6.269735522588409937e-01
6.581416780357799423e-01
6.295540029345513267e-01
6.276650342712470909e-01
6.188363965919193577e-01
6.289253599271867889e-01
6.359058943138580222e-01
6.282415366783842270e-01
6.206903506077559030e-01
6.244022262195063622e-01
6.343042131154621455e-01
6.084893781641749211e-01
6.119860454658827553e-01
6.143165975892782571e-01
6.119043335951224183e-01
6.308150249188619885e-01
6.274380784978048631e-01
6.176265174700810157e-01
6.214642044587972425e-01
6.716705722698954606e-01
6.097747719924784260e-01
6.053255891223983109e-01
6.131472617498490152e-01
6.012319406858425141e-01
6.015729561255674929e-01
6.026696885300621975e-01
6.119797845246328638e-01
6.188971640928755402e-01
6.153077345276580790e-01
6.107263545751697720e-01
6.175583045748300748e-01
6.211763260639355799e-01
6.343454936635433139e-01
6.152526746888834497e-01
6.175388171914315549e-01
6.184481510009253169e-01
6.180067374115600920e-01
6.123207495057956251e-01
6.262345567479956632e-01
6.131478436317228109e-01
6.170407678177111110e-01
6.074033286591900005e-01
6.152776968981856776e-01
6.071477254288375480e-01
6.235915006915422332e-01
6.032446231682093707e-01
6.156950800598917084e-01
6.358041285246168739e-01
6.190595911623973935e-01
6.202083218879500537e-01
6.204219632257792494e-01
6.171303518687907275e-01
6.194748068371218608e-01
6.134667362309942362e-01
6.120853210201169237e-01
6.242593383716606992e-01
6.395123944903619018e-01
6.458999969891704440e-01
6.413521196508171762e-01
6.381221420761390428e-01
6.657661964859258319e-01
6.650489104888500647e-01
6.667529799604445806e-01
6.679783412558535360e-01
6.594116480125273849e-01
6.676516972783970161e-01
6.368438788608321577e-01
6.387468586020991212e-01
6.392358507664268608e-01
6.752550990209142956e-01
6.718154494250890840e-01
6.600939231844870081e-01
6.624627401083553746e-01
7.019197613770488120e-01
6.793513167167120059e-01
6.688750913229524198e-01
6.858661903397053061e-01
7.781894792097294733e-01
6.755686674308188922e-01
6.656755876429288898e-01
6.677933656299708254e-01
6.701685531536709650e-01
6.737359594073809577e-01
6.651622490465927129e-01
6.508019098067482355e-01
6.621817035334115475e-01
6.613776853212165463e-01
6.664634704638614515e-01
6.643296980367758842e-01
6.582414507350081712e-01
6.937473430283972453e-01
6.515862196564057296e-01
6.449518604022586032e-01
6.721980128871384297e-01
6.617004762971450127e-01
6.448659842380801699e-01
6.485207733311549871e-01
6.449225281863167902e-01
6.542885027168805490e-01
6.471666718612163471e-01
6.653895239932036132e-01
6.543860103351440971e-01
6.661096070959938720e-01
6.463434795212510409e-01
6.710821467462753098e-01
6.578276600271688590e-01
6.575778132447294144e-01
6.524111867218416183e-01
6.619234940253824195e-01
6.575303667081474623e-01
6.579489658338064650e-01
6.501091493796549159e-01
6.660125453558083386e-01
6.640274500901166554e-01
6.593169411679087322e-01
6.792433902528759448e-01
6.652180300394893164e-01
6.489041188143961358e-01
6.516090013997491992e-01
6.522937986775205754e-01
6.631197969430644434e-01
6.742460166338307692e-01
6.501468228756746015e-01
6.558170075690381573e-01
6.584330180777687724e-01
6.615159760297772973e-01
6.717592930679777696e-01
6.734299919787793964e-01
6.656823114302297117e-01
6.589560800929041839e-01
6.574202900504831915e-01
6.716721006443053810e-01
6.708553899496820794e-01
6.602231336540178575e-01
6.576391462240483987e-01
7.101723263425169241e-01
6.682209852436820086e-01
6.633002381587609353e-01
6.589049340433229540e-01
6.601709051226886116e-01
7.027455841115659574e-01
7.314298977893789466e-01
7.110307162547384596e-01
7.187567396930487629e-01
7.242370983104176041e-01
7.276693846754802575e-01
7.173295134786076277e-01
7.160990843629856384e-01
7.170762751820879410e-01
6.884816680065010130e-01
7.329011364204960355e-01
6.942362310421561489e-01
6.976414230258221050e-01
6.854138877444849731e-01
6.904632064120993507e-01
6.841234702501388654e-01
7.047437209828640858e-01
6.992440313688470521e-01
6.967609342017304641e-01
6.959147354958568066e-01
6.983618325412368488e-01
7.213176612079235106e-01
7.177003198917444315e-01
7.239163116184887947e-01
7.172082437900768603e-01
7.281155789563291680e-01
7.252129151794000084e-01
8.644914147427574802e-01
7.201917346298996048e-01
7.238120035651152140e-01
7.363355819135322111e-01
7.244005961950568118e-01
7.184473915871358862e-01
7.319296085807676100e-01
7.116358923314678453e-01
7.202567386073015498e-01
7.130257051548829494e-01
7.104813639532847613e-01
7.638768434210869707e-01
7.155864643980613948e-01
7.665965475401865792e-01
7.330115415693069236e-01
7.326272747723111545e-01
7.230651594275998573e-01
7.353121547884077236e-01
7.229647126143639024e-01
7.261613618692364103e-01
7.313466812283724305e-01
6.948931553687823781e-01
7.263813682328990051e-01
6.827639926744476506e-01
7.033454036024933131e-01
6.929516216008460017e-01
6.958781580203505790e-01
6.841054642128495678e-01
6.868468707229425929e-01
6.856375443696998140e-01
6.714818049355909535e-01
6.832053494067991117e-01
6.751030349499217431e-01
6.804120066519848686e-01
7.094133766974490829e-01
6.685176198751378029e-01
7.343766416155558252e-01
6.815977078267461131e-01
6.895454143143803227e-01
6.853332520665478267e-01
6.809809682236493966e-01
6.750097202478667624e-01
6.694521536441355725e-01
6.769670619788088484e-01
6.776843338174662890e-01
6.827841541991757079e-01
6.846524219265947009e-01
6.812085809917172163e-01
6.849637884118524589e-01
6.822487100848895203e-01
6.874055812573451885e-01
6.837500238986995438e-01
7.030955416692818982e-01
6.748103969289697135e-01
6.850143026564758930e-01
6.780284871551771619e-01
6.706553786009636919e-01
6.726948109453488867e-01
6.939907156162049562e-01
6.741706929267363702e-01
6.590502300414755599e-01
6.650277084309290654e-01
6.741858133281025678e-01
6.499476561994028678e-01
6.556787566877790852e-01
6.471074550990221219e-01
6.435093766082352618e-01
6.399554281765156283e-01
6.574465882560376340e-01
6.573568208600317764e-01
6.531882116536655847e-01
6.404804523760510016e-01
6.520848619586127048e-01
6.523431135729026442e-01
6.510840690103788519e-01
6.592848711604881728e-01
6.389557836710922922e-01
6.639446403531020779e-01
6.859463770919858039e-01
6.405686485177960465e-01
6.409189169359340577e-01
6.330301275178513709e-01
6.326046782392015233e-01
6.466728528495010453e-01
6.282125569484383609e-01
6.280641022283829367e-01
6.375619162831713815e-01
6.396140112357190377e-01
6.271875748427993003e-01
6.454338112219846213e-01
6.351670148309841446e-01
6.468105872318548055e-01
6.250104007748744639e-01
6.364845322063259481e-01
6.315796654966477908e-01
6.309767278095009813e-01
6.278501053818653643e-01
4.039641347609248356e+01
6.280201839044189382e-01
6.361623305861278110e-01
6.398959663287016042e-01
6.434202973557163752e-01
6.446818016604789481e-01
6.558074884353519707e-01
6.411544038549439328e-01
6.319585193795407285e-01
6.257214051302286695e-01
6.245504981758767116e-01
6.194361323274290010e-01
6.222606200551081823e-01
6.159729138329264053e-01
6.220991966940379037e-01
6.600046935035347451e-01
6.841942015142449263e-01
6.545917699697370029e-01
6.470516451941699110e-01
6.367343286430482419e-01
6.482132415712541507e-01
6.459790520365016331e-01
6.468148969741164267e-01
6.641274992330352678e-01
6.587724390440737876e-01
6.475045947647494193e-01
6.734454429270155806e-01
6.727474383072575836e-01
6.696816507889229442e-01
6.791240816529741098e-01
7.098030128732073507e-01
7.075945516625565812e-01
6.655960848283334341e-01
6.733418983099930255e-01
6.585985321465082087e-01
6.702309562365140749e-01
6.591031690448719838e-01
6.659265556758799942e-01
7.088882348965499514e-01
6.823112590719230264e-01
6.611235095667237216e-01
6.670738922774379631e-01
6.726202543542683099e-01
7.017851246090400785e-01
6.825100246199993226e-01
6.756391452214157711e-01
6.683438039434995703e-01
6.637661583771325979e-01
6.606421839070988344e-01
6.612166133283281511e-01
6.820948602164301766e-01
6.903775929887596696e-01
6.766576962014028140e-01
6.834200067835857206e-01
6.745210456640531316e-01
6.716449995974917986e-01
6.895490219777622443e-01
7.025754945033937382e-01
6.710453356247605416e-01
7.410018769820762019e-01
6.774278990625384189e-01
6.797689944592930633e-01
6.845453731456989654e-01
6.679731435067896017e-01
6.653552359330271448e-01
6.891057143530250340e-01
1.922337048095978940e+00
6.904729459152523230e-01
6.837411842481967428e-01
6.815161989272621179e-01
6.690652934020988596e-01
6.610570950887748598e-01
6.515071774872320809e-01
6.614246372174115152e-01
6.667056929441271818e-01
6.585540301622317960e-01
6.524418259196393954e-01
6.838779324889877609e-01
6.561353075330934592e-01
6.547360764171650249e-01
6.568905609126589606e-01
6.657721044923592402e-01
6.573420534465751475e-01
6.566204351735189793e-01
6.634755626712541821e-01
6.611119921963377610e-01
6.634830388248870170e-01
6.524320975300753611e-01
6.571778748436705175e-01
6.542893236474000007e-01
6.492417506113834502e-01
6.594009559085920458e-01
6.570599194514274988e-01
6.630468682605906716e-01
6.546730048816961078e-01
6.492285414453979886e-01
6.670864492759280839e-01
6.648932752570149152e-01
6.517044981539990012e-01
6.741088450184681280e-01
6.505566585004410873e-01
6.426063990199967213e-01
6.350845978124050051e-01
6.458407483252336378e-01
6.526357804710649635e-01
6.534886919188097609e-01
6.484238039323162450e-01
6.366133050988391773e-01
6.443472843186935917e-01
6.577486127283408424e-01
6.460432987152856521e-01
6.571209697611127831e-01
6.486528460791118889e-01
6.420268182535532331e-01
6.386582432880303362e-01
6.274311061288899705e-01
6.345245982191223266e-01
6.315319770001913691e-01
6.332164430781543896e-01
6.302605842268323988e-01
6.281596470261066045e-01
6.238484556362249300e-01
6.225119721933678463e-01
6.169030111438769115e-01
6.244710981632718427e-01
6.130346534105032275e-01
6.107872246863679244e-01
6.127006532381569226e-01
6.055227627309499594e-01
6.029187694755038240e-01
6.056088433107016389e-01
6.137387055666063684e-01
5.977018919050332002e-01
5.941227793763120824e-01
6.265031598408407065e-01
6.330530219936059133e-01
6.293559517829202532e-01
6.377601361919491563e-01
6.242317125279919221e-01
6.245444955101127071e-01
6.383779931578863476e-01
6.669428340099157193e-01
6.415640406614724345e-01
6.483668850539465733e-01
6.848623579398704919e-01
6.392484442313192128e-01
6.447632737569939376e-01
6.663338642513886301e-01
6.306405417788824019e-01
6.590479721044837369e-01
6.599056103982881005e-01
6.566709484981163580e-01
6.576889804036269993e-01
6.596041527037012075e-01
6.542655584240206768e-01
6.441148851752144244e-01
6.428603709914290087e-01
7.926804796683641907e-01
6.425062392913115650e-01
6.435261975667825318e-01
6.310333127388711993e-01
6.326295062446352091e-01
6.436253475671087632e-01
6.328357324710990328e-01
6.441936162701786817e-01
6.416342538822451536e-01
1.090661886441118611e+00
6.392603983895224218e-01
6.417190065820350675e-01
6.419635844574181904e-01
6.705313090614138938e-01
6.695986576610180041e-01
6.871811820581701369e-01
6.608036786700998144e-01
6.641204448947960470e-01
6.625033247548244297e-01
6.597775048074341342e-01
6.433697574683270304e-01
6.681608229045273850e-01
6.723967630443075105e-01
6.689574372758592125e-01
6.624171925376620695e-01
6.669120742632203003e-01
6.620367682882724036e-01
6.584934821743730904e-01
6.596524700174624112e-01
6.818931371965151200e-01
6.838834499939779876e-01
6.738485152940013601e-01
6.882757423313722311e-01
6.798677287731520469e-01
6.950492214198391583e-01
6.964585622202477122e-01
6.884032834457065597e-01
7.044085106751712955e-01
6.882712736290657052e-01
6.930358846149318186e-01
6.994655638638493933e-01
7.006084935817923354e-01
6.867905890061573038e-01
6.764049776792986357e-01
6.855595302027199800e-01
6.885074952596385023e-01
6.730923214754938044e-01
6.817514428951427785e-01
6.901481100927995271e-01
6.867931878066723117e-01
6.853522870702719594e-01
6.957452659971810061e-01
6.789985099355841935e-01
6.558163231754181588e-01
6.690269665374883878e-01
6.605924502322408909e-01
6.554110366971181989e-01
6.568006047763215172e-01
6.607594639018341542e-01
6.651850628169754254e-01
6.675609565994662375e-01
6.558928211844339273e-01
6.806266822541791051e-01
6.397651731595350721e-01
6.474050787951923791e-01
6.688315887692635187e-01
6.487227773126655883e-01
6.601949506008990554e-01
6.530280428722148311e-01
6.583999240315164814e-01
6.696692174940575004e-01
6.694048537476562366e-01
6.686984030840029680e-01
6.681695896978294691e-01
6.619442162925700535e-01
6.713363550608844044e-01
6.787753640971289082e-01
6.623908585635793766e-01
6.629990461980671546e-01
6.861407312939237224e-01
7.438382000660613835e-01
6.805210939178036877e-01
6.882553501743481350e-01
7.083648464639547004e-01
6.794408034151413478e-01
6.684641876957001516e-01
7.065751353220526276e-01
7.003202438201823199e-01
6.950673433135874379e-01
6.895514144521418531e-01
6.840441534395593770e-01
6.850717931015938289e-01
6.838141634139106584e-01
6.703680205680387916e-01
7.152990884740310085e-01
7.189724839992038818e-01
7.033493270910641249e-01
6.995314790100123359e-01
7.116420582073615941e-01
7.030932984897494409e-01
6.921526339904319203e-01
7.281545596685806698e-01
7.316708907570552700e-01
7.250278920317585474e-01
7.259368459186729128e-01
7.253604431683304821e-01
7.250027151492561828e-01
7.217471904433423457e-01
7.218445721276680604e-01
7.266097893256471263e-01
6.966906816538318559e-01
7.038198907207158239e-01
6.982099835135575638e-01
7.340265581831202368e-01
7.267352562536839589e-01
7.241810641190785658e-01
7.168630359759671222e-01
7.223595951036402285e-01
7.348030872027240257e-01
7.207994697050997823e-01
7.067517004056554919e-01
7.186276752086871999e-01
7.033327794200581184e-01
7.013369224583956285e-01
7.288605374144105919e-01
7.255031057528127381e-01
7.251234800521215718e-01
7.228663530695342843e-01
7.181912537520451778e-01
7.187164548649546125e-01
7.142473391697492513e-01
7.092021684741862675e-01
7.035672099890855069e-01
7.510690762263316778e-01
7.460626655549208452e-01
7.857433441765776516e-01
7.731681892731905315e-01
7.590715162467162047e-01
7.234242347960009312e-01
7.235805436656221890e-01
7.307736382843246226e-01
6.973931779418116594e-01
7.071641366861964872e-01
6.972920607436788876e-01
7.499335565433478124e-01
7.482115587401120260e-01
7.356542126525944525e-01
7.282012296554264408e-01
7.337831220903784368e-01
7.327503043108378744e-01
7.127257527617152366e-01
7.068260507306234341e-01
7.090841779481951157e-01
7.232071990848095711e-01
7.059956329870379355e-01
7.525822867928599891e-01
7.640485433057686571e-01
7.469003602814834331e-01
7.569928684331994617e-01
7.295260569286817764e-01
7.468017633973724756e-01
7.009966971227125088e-01
7.100478043876532475e-01
6.987393921557975007e-01
7.078335288432473504e-01
7.090947115814137947e-01
7.165413197904413334e-01
7.073681320188197619e-01
6.946510688336072770e-01
6.955250469358703613e-01
6.898438628818295282e-01
7.433086271923030619e-01
7.754074239307835459e-01
7.272604614836253312e-01
7.259700945162398389e-01
7.067701128123913268e-01
7.323010835261537510e-01
7.070719017109058369e-01
6.984181864796488171e-01
7.053219577634096682e-01
7.107402673538492088e-01
7.405403693862790959e-01
7.555394647636354266e-01
7.329264222961784370e-01
7.079638100102001452e-01
7.164614620805496159e-01
7.226316487135029387e-01
7.041875814714950721e-01
7.131810414838340995e-01
7.191890957007430751e-01
8.229434781222079165e-01
6.934739957650196684e-01
7.108604886255842636e-01
6.994101070573773837e-01
6.876034887264744766e-01
7.043069267063005734e-01
6.847829123951405528e-01
7.199255861998045125e-01
7.074356377937844886e-01
7.069312060775353457e-01
7.078989870677323548e-01
7.065996296750705064e-01
7.619230230482483268e-01
7.560114526528087797e-01
7.343106035470419179e-01
7.185013500904841033e-01
7.345111539311554028e-01
7.481755934378943040e-01
7.550155490200713970e-01
7.417995992644779157e-01
7.589299097717220333e-01
7.697071467547125234e-01
7.444089285219042118e-01
7.512324305275365210e-01
7.281714735978512820e-01
7.303063681512925731e-01
7.888020677015389337e-01
7.253518949102099045e-01
7.191165045631402464e-01
7.228984491806915713e-01
7.153721444113212424e-01
7.269544912480581100e-01
7.174298553800311229e-01
7.081211490227062866e-01
7.114126812810798173e-01
7.081691921223409736e-01
7.239592426664339664e-01
7.181296857084148444e-01
7.516454276944858348e-01
7.928005361220697989e-01
7.131545016946541082e-01
7.138784763191283744e-01
7.204474694357581033e-01
7.157692502347476893e-01
7.041514584681625166e-01
7.049153195855433207e-01
7.069745644498234283e-01
7.132187619569331227e-01
7.060941276935450706e-01
7.041667850012828245e-01
7.155441603648110549e-01
7.091733355232807678e-01
7.323817409506278020e-01
7.282711904463131658e-01
7.305986889701187037e-01
7.316183620558041056e-01
7.198568195721070095e-01
7.470822522880764538e-01
7.614477118232988451e-01
7.388774369113658702e-01
7.441201177169400882e-01
7.477561726120907082e-01
7.421875446943871912e-01
7.694529743980578207e-01
7.579176979716374385e-01
7.314446524379146775e-01
7.424938258654865120e-01
7.341500778940797112e-01
7.206502069744640249e-01
7.121357488262908264e-01
7.262056967513544903e-01
7.115900902613456758e-01
7.104916907616598554e-01
7.624879774985107161e+00
7.389108864499749352e-01
7.091461891365711256e-01
7.278099255348877694e-01
7.119899159101538144e-01
7.137201830567885263e-01
7.097335611809847400e-01
7.031975999212440875e-01
6.970987741974223884e-01
7.078149182817352614e-01
6.975881707222751915e-01
7.038522497379070542e-01
6.744741335265769244e-01
7.008293796244560170e-01
6.919689567625226800e-01
6.541614463211654629e-01
6.884934507961102401e-01
6.622763032508706127e-01
7.188777875706876541e-01
7.060933803459336078e-01
7.025642775842827481e-01
7.033791226740075953e-01
6.950165410023791956e-01
7.121828960155673904e-01
7.068853143777503734e-01
6.930476482871865684e-01
6.908109302224331172e-01
6.927746266284073862e-01
6.764798392791124826e-01
7.091820013709262405e-01
6.838283528749502516e-01
6.843463365066499993e-01
6.830829636697290930e-01
6.844936567930723914e-01
6.803765334531849396e-01
6.647619312172745598e-01
6.689198367513971011e-01
6.779188481868964056e-01
6.763393231087722057e-01
6.719847380217469635e-01
6.753178977045689590e-01
6.680858996452390119e-01
6.939689718184547385e-01
7.014828767708664037e-01
6.915603195217895349e-01
6.820418573399681383e-01
6.849392895959445227e-01
6.877905265230801479e-01
6.982503295963740086e-01
6.901537768700856113e-01
6.869157021020069198e-01
6.939491980058771770e-01
6.801635575189924898e-01
7.079700241358333201e-01
6.941888952310725225e-01
7.031191323501511103e-01
6.793627400372033165e-01
7.195229179348463511e-01
6.922451109839793393e-01
6.828779371138659071e-01
6.826799701925966302e-01
6.759317293956933481e-01
6.881598743777008753e-01
7.054902587467013486e-01
6.841089586170301384e-01
1.214637852507362670e+00
7.008662139016783588e-01
6.778604345205936355e-01
7.037880210551865634e-01
7.090831530928703996e-01
7.092782735289731022e-01
7.049198574938262407e-01
7.073967871762201209e-01
7.058194501160401924e-01
7.012425632494884153e-01
7.044633641274686831e-01
7.047706579397563509e-01
7.253879349472435178e-01
7.285435495284054985e-01
7.150155713927666135e-01
7.115299921624406165e-01
7.000046269193219706e-01
7.081316251151678065e-01
7.457113943144694224e-01
7.129008439232928929e-01
7.077688938295613186e-01
7.119998523622915743e-01
7.401243796567853472e-01
7.480882326719918707e-01
6.982199947578811017e-01
7.016794965424589803e-01
7.027706174195570421e-01
6.943631473276701271e-01
6.820231077303988698e-01
6.956805323876844582e-01
6.890370122406598297e-01
6.943974698823078828e-01
6.829776990993984276e-01
6.798806023338346272e-01
6.800740135010503451e-01
6.776205685828782244e-01
6.935192737053829104e-01
6.941592642150301584e-01
6.823085895434011228e-01
6.828964472870500124e-01
6.824262138386093524e-01
6.795583529751408891e-01
6.853522684816097943e-01
6.820086859288881920e-01
6.843215459544891299e-01
6.909113680768029786e-01
6.811762398509620953e-01
6.729963089424009226e-01
7.221890440448410775e-01
6.797685759933975724e-01
6.861478110937710984e-01
6.891749853342172827e-01
7.217038720236046423e-01
7.052503782992587400e-01
6.911332096805002934e-01
6.964074165904474700e-01
6.948470470064324056e-01
6.940856973196501967e-01
6.869072852121608230e-01
7.012130751799066086e-01
6.878972587947336237e-01
6.925454324135393858e-01
6.815790097346503540e-01
6.947418849609620084e-01
7.034556273612270205e-01
6.986454292328745375e-01
6.915398280351334748e-01
6.971797001671673488e-01
6.958405304877482989e-01
6.687424257162727370e-01
6.738549864878234930e-01
6.749304637690656250e-01
6.795320907555704171e-01
6.721816992827291948e-01
6.860759537094246463e-01
6.771120453879725387e-01
6.887855452804715339e-01
6.831522608531042096e-01
6.947480498385493197e-01
6.934459001337512918e-01
6.831454663560152518e-01
7.747222168988674440e-01
6.678438713168270979e-01
6.834200383079195307e-01
6.688252602253182966e-01
6.747182738602183205e-01
6.833015172301675211e-01
6.702101061468174192e-01
6.863825930002230846e-01
6.739168691196775196e-01
6.800766809360532239e-01
6.836717580796316529e-01
6.810389367016447260e-01
6.808945466373150790e-01
6.796547829956540721e-01
6.825703478607368924e-01
6.945924068156407172e-01
6.902341912856769790e-01
6.790997536947966928e-01
6.671835154209556640e-01
6.812710939114300368e-01
6.784069360172986229e-01
6.808844967413072435e-01
6.675814860142706975e-01
6.610785034869385290e-01
6.637252887474165419e-01
6.702934508370160804e-01
6.522014926712783600e-01
6.601314722341853347e-01
6.767953671098245749e-01
6.698395168176813907e-01
6.812451687233809228e-01
6.611880731758615903e-01
6.785748803817470698e-01
6.876333956493277944e-01
6.922651781950786010e-01
6.773093596688637419e-01
6.742818544294344463e-01
6.623461465713611496e-01
6.618460172595748148e-01
6.802327351163094393e-01
6.741146276194646125e-01
6.696627518260583889e-01
6.677674526333305938e-01
6.607432220727447181e-01
6.584564146695394138e-01
6.583875573859354624e-01
6.582864758356172796e-01
6.668705343895093840e-01
6.430633156768632563e-01
6.425073592040715376e-01
6.404874843400678586e-01
6.388037161770822037e-01
6.374320342078960699e-01
6.326296120448676730e-01
6.211198315080208587e-01
6.303360155528900943e-01
6.321872080258426063e-01
6.209201226714589072e-01
6.222422984088638032e-01
6.227085185325575978e-01
6.214151195850028397e-01
6.264925037660131757e-01
6.450297083053486702e-01
6.343302372385128951e-01
6.370263828389346461e-01
6.303667623969739786e-01
6.394217351039425123e-01
6.407958801957456263e-01
6.313064713084297619e-01
6.244730329209661202e-01
6.582952669057987594e-01
6.547452576193303342e-01
6.450356373939882815e-01
6.532941585312025401e-01
6.506554349135196258e-01
6.470634109434638681e-01
6.518823169188666666e-01
6.326338671056029872e-01
6.432900578027869187e-01
6.466564700986727754e-01
6.452406982113056966e-01
6.481979843123216734e-01
1.008940015099757392e+00
6.370767636130992839e-01
6.523761653575369523e-01
6.596650084216357790e-01
6.363499948358427583e-01
6.524928455764663626e-01
6.474662069246807095e-01
8.214240937190628866e-01
6.446554190378248617e-01
6.393810141404057124e-01
6.362863917277228332e-01
6.292548537710037637e-01
6.327016853975319099e-01
6.301255962763714358e-01
6.431335685437777894e-01
6.240182104294086374e-01
6.333841142986494921e-01
6.467077473636972940e-01
6.431644274974822606e-01
6.439624074504098905e-01
6.426388967356952975e-01
6.465537801071804536e-01
6.630511312209885766e-01
6.444003506733276820e-01
6.361916600411088307e-01
6.508252701840612220e-01
6.359257326347160788e-01
6.330722319718639080e-01
6.392546083358691122e-01
6.644701042700915661e-01
6.112649806770504846e-01
6.075746513639571633e-01
6.188655820403370367e-01
6.268231970896465111e-01
6.428278219942580307e-01
6.471123927779869334e-01
6.400410330539000325e-01
6.377843843367396737e-01
6.369888216413646109e-01
6.493961588679562080e-01
6.460737555081476069e-01
6.409189485300479383e-01
6.422855756171756969e-01
6.474202410719742673e-01
6.551758996413015179e-01
7.075367015786320213e-01
6.540277017819644545e-01
6.496622588512110941e-01
6.385349213990505479e-01
6.498690660079192716e-01
6.377655140063297479e-01
6.324215985458703226e-01
6.301256400189232387e-01
6.442488345654355797e-01
6.347985026363196503e-01
6.399143902532842265e-01
6.322971043322731521e-01
6.307391778536709515e-01
6.787089429242920691e-01
6.201623832768471400e-01
6.117423549356089119e-01
6.250694427667644604e-01
6.022193459069763444e-01
6.005642486568206762e-01
5.967036730292288871e-01
5.999460040692481400e-01
6.068502624863740813e-01
5.904346447250023999e-01
5.978450527402063841e-01
6.250510651718712563e-01
6.187112896123244665e-01
6.382087667799276609e-01
6.434836173042630669e-01
6.520433301543773208e-01
6.595671586217102256e-01
6.807967726453242330e-01
7.108242728688932699e-01
6.768710081155056013e-01
6.574705344732109102e-01
6.733919972499844420e-01
6.902337893698201610e-01
6.634053282722487399e-01
6.756827209622429109e-01
6.643356161972520102e-01
6.577503994426185940e-01
6.636842830269370497e-01
6.608396701044587651e-01
6.634806794178678135e-01
6.504793342041267357e-01
6.415283281167877272e-01
6.446289784696006553e-01
6.291964126678749603e-01
6.294129326219195519e-01
6.631238155345424712e-01
6.259369943070570708e-01
6.200077765054317069e-01
6.627849808085886085e-01
6.609175298954298450e-01
6.879831603529811268e-01
6.996525799044869265e-01
6.768706310792267367e-01
6.905497791849617428e-01
6.983835307644478130e-01
6.965830338097260821e-01
7.078610384945153156e-01
7.068276363538564810e-01
7.160896227250906909e-01
7.084527626860013250e-01
7.165232789404825109e-01
7.188325348027115869e-01
7.125183850025189614e-01
7.132156793965621633e-01
7.084464981722207177e-01
6.948247664774661603e-01
6.933205813596441391e-01
6.960973202332807475e-01
6.854296846452123670e-01
6.868943783276164616e-01
6.917171813829525728e-01
6.788656984747793999e-01
6.817446206768053019e-01
6.875583551319892628e-01
6.952690322107452081e-01
6.831555576268697472e-01
6.806506755595476132e-01
6.608925673487086039e-01
6.797770963185233439e-01
6.739153599398748362e-01
6.550411093608434765e-01
6.552167183597431555e-01
6.614898399526516481e-01
6.680100204251480100e-01
6.530517434001326116e-01
6.519641503087454382e-01
6.609186453451991738e-01
6.436480271508302486e-01
6.484693084577513034e-01
6.458347143718194960e-01
6.371797549438232844e-01
6.507959557393407923e-01
6.442279626622217092e-01
6.470754612057127986e-01
6.298970711549065626e-01
6.595380900613677655e-01
6.488927911257329484e-01
6.402736732180180912e-01
6.250692717879654525e-01
6.090949399606071513e-01
6.251897136544196654e-01
6.074125903656404368e-01
6.221019649074702729e-01
6.067920986354892188e-01
6.085682468111830445e-01
6.112872965603451947e-01
6.156972364683105381e-01
6.031273064585132015e-01
6.095565477703944746e-01
6.013824460803883776e-01
5.979965273642844359e-01
6.010963777960457444e-01
6.019215057273274994e-01
6.107384670918450942e-01
5.889762305562797895e-01
5.930863091446985091e-01
5.945125902996281075e-01
5.956124172061513233e-01
5.906703379646089935e-01
5.902720458686485649e-01
5.973534252936201216e-01
5.940005321155990003e-01
6.032855631274218755e-01
6.058062119666302037e-01
5.944251212312354760e-01
6.186266217492039088e-01
6.027874506188029002e-01
6.008614610325276884e-01
5.823291710041562652e-01
5.939212517040718398e-01
5.939373237819324247e-01
5.853761155231650415e-01
5.829663425363796891e-01
5.792017104637329217e-01
6.461908716693323118e-01
5.757814795836804223e-01
5.749736423352626025e-01
5.680834174683025983e-01
5.652858411126888694e-01
5.738587140326384395e-01
5.656928851899470923e-01
5.618824942721789562e-01
5.817056199824457430e-01
5.616499106206395142e-01
5.533767404035314641e-01
5.652865498995851556e-01
5.606693315824302637e-01
5.605193838421544950e-01
5.467548998744033995e-01
5.554525234300872194e-01
5.595496872018910217e-01
5.681443765041062077e-01
5.498123887445727220e-01
5.595570225715019719e-01
5.815192715152874836e-01
5.744335652871643827e-01
5.623714198055250746e-01
5.529437647283348412e-01
5.494295981880028545e-01
5.557433922885184341e-01
5.416248140986400506e-01
5.677775894111397603e-01
5.862519920094300119e-01
5.849170963202922069e-01
5.819489527204114721e-01
6.014962983602929469e-01
6.013031737192116033e-01
5.778197610163061659e-01
5.767705022220364075e-01
5.761577832815041322e-01
5.694770684357193247e-01
5.777396288545042502e-01
6.069626145960305141e-01
5.785111616198761464e-01
6.037309383527580398e-01
5.677535428597513256e-01
5.672039209160815165e-01
5.896977348182772527e-01
5.880323084584964111e-01
5.919357116060417479e-01
5.770752037401081225e-01
6.062748614803252778e-01
5.908136767468060713e-01
6.310267112837665282e-01
5.905317682316499894e-01
5.862947176508906955e-01
5.797157902450911227e-01
5.879187737832864968e-01
6.281074969792972418e-01
5.921407813005207244e-01
6.136831988797506465e-01
5.942435336323506068e-01
5.907083609096447363e-01
6.007944288931689192e-01
5.900216301477096970e-01
5.925327758582537019e-01
5.901006806657840276e-01
5.781610729098460855e-01
5.801890069496532520e-01
5.884328721012550556e-01
5.842543609098694857e-01
5.980954938354990924e-01
5.880796316881172769e-01
5.900087056118419326e-01
5.867483896876057869e-01
5.957204086614785732e-01
5.841312259802970974e-01
5.946985293127817762e-01
5.869324645405137320e-01
5.798178361840442552e-01
5.932806124906931933e-01
6.218318508273591450e-01
5.805040630688272918e-01
5.894713263982214180e-01
6.154255626068096952e-01
5.982232493120451799e-01
5.924776855139166631e-01
6.017468915290076215e-01
5.963269239188132564e-01
5.905656268246859408e-01
6.000745901106669944e-01
5.982650113123966218e-01
5.907790784839795917e-01
6.029204433181886147e-01
6.170910137260203765e-01
5.945931479904325023e-01
5.992688942283445064e-01
6.036996780394473516e-01
6.061203629054384701e-01
5.989680455681107851e-01
6.144468003054864846e-01
7.065692145636743859e-01
5.964362870021648888e-01
5.932184591246790761e-01
5.935128347625453493e-01
6.000335372524113753e-01
6.107209821206363021e-01
6.106447918894661875e-01
6.040445166543900735e-01
6.171185952110479489e-01
6.154029267640704903e-01
6.036646357066053348e-01
6.031752358353541510e-01
6.131382935734660533e-01
6.045088542377627938e-01
5.976504450791844114e-01
5.954835092973562727e-01
5.941920707972171423e-01
5.887004583503345767e-01
5.881258085131776392e-01
5.860167683320114396e-01
6.138732546952003766e-01
6.153883274183475915e-01
6.971997214817493571e-01
6.148284610155339003e-01
6.054487786690871953e-01
6.095837936247670008e-01
6.131423446242524333e-01
6.078395519351357246e-01
6.135500445384381996e-01
6.067408569400754015e-01
6.099724115299455240e-01
6.133197746472178746e-01
6.167970147663157654e-01
6.464011023183676707e-01
6.573440466079539801e-01
6.505904236455622991e-01
6.341006277523391077e-01
6.328888971525709062e-01
6.411660662874897332e-01
6.432357840204727673e-01
6.316774653407157825e-01
6.351880231991896553e-01
6.280314341953929791e-01
6.276130979675695887e-01
6.291618991014206186e-01
6.400208559080218240e-01
6.290430917186000670e-01
6.375414074138332499e-01
6.326356158052837131e-01
6.454972683580613158e-01
6.283483785057417670e-01
6.234866778192387216e-01
6.155775457381200688e-01
6.289065775176215789e-01
6.758152280206070062e-01
6.477821882427901024e-01
6.550854421898317792e-01
6.385459138251078359e-01
6.476519495454181596e-01
6.598250392359890082e-01
6.509463264944662653e-01
7.155297264792287448e-01
6.586581656763906834e-01
6.637859465849816898e-01
6.552105428417673849e-01
6.643555511842582639e-01
6.610518271497786147e-01
6.545097977326629346e-01
6.727922325451554109e-01
7.120345915612867893e-01
6.840634290685011498e-01
6.570866728830805359e-01
6.993118818906068901e-01
6.500587708793261754e-01
6.667165582333000051e-01
6.735469983772586211e-01
6.574263583471493533e-01
6.507921295319070154e-01
6.592142419409363630e-01
6.578203666001671834e-01
6.630581807873272560e-01
6.519450389381090671e-01
6.502890134560050939e-01
6.447176821181269668e-01
6.624873264229648173e-01
6.478336272410991636e-01
6.550790191095371418e-01
6.565405733067749550e-01
6.497201708525757180e-01
6.447754246384458376e-01
6.679557375724125556e-01
6.465327570120056322e-01
6.409014435734848858e-01
6.578808384674433851e-01
6.582253627619336633e-01
6.514997654871697019e-01
6.409029071538294708e-01
6.649887832199490312e-01
6.435545906993971332e-01
6.471764169965933400e-01
6.298800209430401864e-01
6.321217544770268981e-01
6.435330162855555924e-01
6.222948803303575138e-01
6.389595016831084440e-01
6.222079679150883669e-01
6.258657518276620202e-01
6.309105109789128196e-01
6.285046017710029798e-01
6.258293456665270371e-01
6.290600304720443958e-01
6.445203080847285992e-01
6.352085519786122569e-01
6.542133141540000807e-01
6.418524271942597226e-01
6.436964612341228298e-01
6.465109564450091106e-01
6.399923961474376366e-01
6.491939733411959956e-01
6.419750566828894556e-01
6.480212667276734617e-01
6.494764262880030614e-01
6.469239208378441131e-01
6.450884307531294937e-01
6.329883917681585759e-01
6.344314747841404145e-01
6.304584991955951567e-01
6.363503098686517090e-01
6.342607016801000697e-01
6.249008311318305919e-01
6.216626299621986762e-01
6.221481943554780791e-01
6.170720038294567056e-01
6.326517129971408471e-01
6.202295580725206703e-01
6.228302396719122003e-01
6.145347922579175171e-01
6.135979789688054131e-01
6.147412323646084253e-01
6.252332951851978793e-01
6.397702940925936721e-01
6.189389983689075336e-01
6.228449067160553021e-01
6.158227313673845238e-01
6.161343334640123626e-01
6.204331620054116536e-01
6.078501122519135436e-01
6.112195885765198122e-01
6.092601669075750070e-01
6.035642479106887448e-01
6.073378204751450626e-01
6.068480541471085177e-01
6.125686571329281849e-01
5.966619948178518706e-01
6.071124984180022999e-01
6.048401021303404512e-01
6.020539520703184211e-01
6.141335596727780510e-01
6.050102197873306054e-01
6.134184298304744543e-01
6.295966429353574423e-01
6.094524363471075512e-01
6.000520504353527018e-01
6.036231289846747394e-01
5.904778803199735027e-01
5.940936037710017326e-01
5.998228956040650983e-01
6.015711904892201423e-01
5.935037186162513967e-01
5.869349474357481444e-01
5.994255197332883922e-01
5.878147976845778944e-01
5.938745550436006493e-01
5.938227439743527514e-01
5.830552220952386344e-01
5.824391736300496003e-01
5.890052901631401827e-01
5.843580383930563338e-01
5.879396290951053317e-01
5.843526676717429869e-01
5.899064401659845913e-01
5.917874070415275467e-01
5.803889424630975791e-01
5.914226217349117798e-01
5.767183185235158493e-01
5.766279917928089915e-01
5.702954306744759672e-01
5.740824128939390203e-01
5.712355182025607991e-01
5.970860137583740013e-01
5.771693623656615202e-01
5.738632359904596303e-01
6.109601509671709341e-01
5.736677486078843868e-01
5.697307207652847483e-01
5.737894234478402300e-01
5.793100010583167592e-01
5.718369431843091100e-01
5.725178090262350583e-01
5.660924886704206127e-01
5.657312632371702676e-01
5.657969402258575808e-01
5.654896366999370150e-01
5.670239324169927819e-01
5.681779056611173662e-01
5.716236830977747818e-01
5.949060756373166781e-01
5.685645494243322107e-01
5.720107726453338426e-01
5.564142845947414040e-01
5.731187704239486536e-01
5.652613175712436488e-01
5.605059508256549083e-01
5.620296546557771444e-01
5.637520518267236103e-01
5.521596145165872382e-01
5.488201607906701973e-01
5.442822114312759751e-01
1.390236039690995407e+00
5.579268022326000498e-01
5.517022852794315479e-01
5.465037903832589139e-01
5.593828678002308319e-01
5.716722173031012488e-01
5.593860086423595446e-01
5.626626740130664661e-01
5.543350109035706241e-01
5.549987906828712791e-01
5.524399761973952661e-01
5.715168244471979797e-01
5.762870494483216532e-01
5.680250570652364273e-01
5.686199930459463481e-01
5.565749778726037933e-01
5.616406696535127807e-01
5.591288572573837046e-01
5.606414940724916418e-01
5.837357129528856214e-01
5.647984939580399377e-01
5.700270815919104006e-01
5.852851541522037238e-01
5.633295406216199952e-01
5.633270293308878518e-01
5.544313921483998708e-01
5.631657629899439188e-01
5.896436049686047953e-01
5.833023585004272205e-01
5.923729842420695224e-01
5.904977228271096612e-01
5.993131759380239121e-01
5.923450645332380970e-01
5.972687925277997412e-01
5.970194831554840320e-01
5.918321408635006664e-01
6.096880680398834018e-01
6.016058476909382779e-01
6.746118880259251993e-01
6.106702925873783716e-01
6.127707830347930429e-01
6.096322588392432129e-01
6.057773008020960193e-01
6.089205178405180385e-01
6.047336350688936601e-01
6.038848524345961088e-01
6.012340170278296370e-01
6.030161828784065259e-01
6.162572486702313501e-01
6.230486482746890875e-01
6.189747087307853057e-01
5.954271288643947502e-01
6.222780975154078575e-01
6.292827007636145886e-01
6.247563809583427386e-01
6.189612691104161568e-01
6.244025486146127513e-01
6.062863052030671440e-01
6.452699521986782205e-01
6.016111180672417680e-01
5.999297492796400455e-01
5.949406197976738753e-01
5.843000581561235141e-01
5.923836558063347857e-01
5.984948660907178919e-01
5.861930273980222594e-01
5.745460356140283942e-01
5.809785324333853751e-01
5.749193967405650252e-01
5.797193508132946205e-01
5.719260481096861692e-01
5.761969659682885103e-01
5.818481351992575989e-01
5.784254008733014096e-01
5.899650953157773436e-01
5.991328911157010051e-01
5.901867403925555866e-01
5.835675009534966318e-01
5.876840984180659033e-01
5.858280380770408691e-01
5.892731768240208057e-01
5.840014776862991752e-01
5.868766590372928027e-01
5.833755913559270923e-01
5.997186483367287213e-01
5.757259155613895230e-01
5.914009639203894331e-01
5.780926020511574226e-01
5.709455327256089952e-01
5.787162689719632658e-01
5.811933711437596850e-01
5.770225079359521114e-01
5.722718934419543935e-01
5.804698522020373952e-01
5.921324569233455959e-01
5.979873187011952584e-01
5.989077958685279368e-01
5.850521823886701833e-01
5.920245402642465571e-01
5.957005596881956855e-01
2.800870138457820513e+00
6.157717119820184104e-01
6.142110746379452202e-01
6.314155703182616763e-01
6.202970826122253811e-01
6.079675030702608174e-01
6.146649583740599887e-01
6.115555106903253213e-01
6.312690061427613797e-01
6.299182519464523455e-01
6.251835587056745469e-01
6.249776781955164173e-01
6.272121316203370656e-01
6.388615725882523799e-01
6.288844599636538302e-01
6.201095232773972121e-01
6.186167367122243910e-01
6.272117408166271169e-01
6.157525211580427982e-01
6.221483326166387107e-01
6.213178263470520157e-01
6.262097971642512917e-01
6.342328034088033917e-01
6.362008095261968421e-01
6.108825232830632501e-01
6.237562603138245843e-01
6.124200656590993441e-01
6.182636307351705440e-01
6.002378227058025040e-01
6.004653787153988453e-01
5.987720792770828693e-01
6.007293147792232002e-01
6.008161581184335853e-01
5.919464195784303051e-01
5.904453602687317337e-01
5.855047338555363634e-01
5.900760693262723233e-01
5.929096807698577276e-01
5.849067893602896140e-01
5.829280417271318626e-01
6.080651237009891963e-01
5.975974258409579853e-01
6.069809789983119375e-01
6.019354038613571323e-01
5.942406320634584516e-01
5.984252907057747706e-01
5.933076766566232063e-01
5.939735329962226862e-01
6.004473291252813150e-01
5.778867159917588925e-01
5.775104279068561386e-01
5.745390062196636949e-01
5.820366227220235000e-01
5.725095729435887293e-01
5.777125101011449937e-01
5.802078939337289576e-01
5.699766365734078022e-01
5.617696789438993976e-01
5.537951615708689435e-01
5.626511229613178067e-01
5.650222696301900882e-01
5.624228332962970534e-01
5.486297087438904985e-01
5.542851694624684189e-01
5.473751149323097254e-01
5.628430967243727157e-01
5.584750566138756422e-01
5.674116189911597719e-01
5.556183260345499697e-01
5.615301377401678007e-01
5.863958166521248128e-01
6.212724775390778831e-01
6.047627204800016809e-01
6.006648733198561851e-01
6.099926244242039886e-01
6.122700370144935622e-01
6.057408717466765680e-01
6.295171231453930982e-01
6.211472585793211820e-01
6.096719377161701203e-01
6.381675273664995096e-01
6.336820968071926741e-01
6.353575372003296140e-01
6.546722261582370583e-01
6.341737894330334857e-01
6.453182048738155263e-01
6.284600920868695928e-01
6.376009867828933420e-01
6.479738947738544752e-01
6.593741317829118209e-01
6.527546854647665597e-01
6.571479649794194078e-01
6.457685153434052916e-01
6.783910853494093951e-01
6.602277710662698418e-01
6.675352282582339702e-01
6.678976981251645295e-01
6.731225653636453421e-01
7.621833922948489937e-01
6.577852151102392408e-01
6.544333749389888988e-01
6.555188421906527063e-01
6.441889505175101283e-01
6.468367288646633684e-01
6.466276956182183122e-01
6.458100310847494363e-01
6.258439208896539041e-01
6.370948349385009424e-01
6.344460680751465853e-01
6.316230725909895982e-01
6.252041684589401127e-01
6.485781918253435974e-01
6.207142653580770553e-01
6.238934336140099512e-01
6.203609456430740909e-01
6.211226239769891411e-01
6.233826455195323746e-01
6.463782375703459593e-01
6.287500888006278821e-01
6.291672118476093756e-01
6.282689551156726004e-01
6.682861196982048391e-01
6.157262757334804881e-01
6.418838588298267922e-01
6.095995094963997385e-01
6.086958204111062587e-01
6.070918825709257227e-01
6.115814148119845806e-01
6.092254254540991898e-01
7.539682067503643559e-01
6.143653711674301743e-01
6.119937063492009166e-01
6.413540063129500313e-01
6.152733423766667542e-01
7.734523250928746485e-01
6.111733483240630038e-01
6.113369267395953877e-01
6.136399508115644164e-01
6.108594529449539179e-01
6.036946492840922218e-01
6.056566995955277033e-01
6.148825833874167479e-01
6.093407966896916550e-01
5.788459583278170451e-01
6.017393731408214874e-01
5.821560680253780040e-01
6.209805436946677082e-01
5.839105482819081372e-01
5.803431093921388451e-01
5.698356471817597191e-01
6.360846705059490791e-01
5.927912030797707343e-01
5.731454166032303732e-01
5.746737671062386310e-01
5.665340384464702117e-01
5.685248372434457131e-01
5.673643273127872977e-01
6.103152439243677563e-01
6.281272172950701504e-01
6.408007476725273710e-01
6.290747961261009547e-01
6.319390861157069272e-01
6.303940871486388708e-01
6.276450387153216237e-01
6.322369226918536089e-01
6.300493561161176759e-01
6.211780765387727721e-01
6.331606846144169909e-01
6.206068212670052819e-01
6.125643351648260015e-01
5.898525401460834594e-01
5.854420371767978803e-01
5.810711061221658369e-01
5.801146051462504616e-01
6.260770769674121050e-01
6.311774525030637850e-01
6.269266949892544627e-01
6.427334186461887144e-01
6.518603599203165455e-01
6.426850433878361635e-01
6.505805571923313213e-01
6.613225470268438988e-01
6.497776896572768912e-01
6.739314379166099211e-01
6.611392106754581111e-01
6.603671840277809402e-01
6.667640704841251154e-01
6.538904515757425484e-01
6.711805864001554323e-01
6.448158073477927577e-01
6.506581732696543607e-01
6.463272812830952452e-01
6.386295348876773748e-01
6.299702628550025718e-01
6.282155637294094541e-01
6.220808374536976881e-01
6.237082533103563975e-01
6.127314601912809966e-01
6.174202185391571840e-01
6.589394819987824947e-01
6.559284060002948946e-01
6.505240961808027578e-01
6.453964730615477929e-01
6.307232491879410929e-01
6.432419810752110223e-01
6.551105960945942108e-01
6.168801897972997494e-01
6.155703299443715526e-01
6.020685396184035643e-01
6.060864882101130169e-01
7.208897817623635129e-01
6.034941636100887852e-01
6.057832168562731212e-01
6.046887912023062306e-01
6.570518909679010644e-01
6.200807221948201331e-01
6.215263960728574233e-01
6.272690843264889793e-01
6.140568808746393881e-01
6.096516887412171126e-01
6.011258260035178269e-01
6.032679817165998992e-01
6.028861789516553049e-01
6.090711966557220691e-01
6.300173745308716988e-01
6.062356476106017800e-01
6.151268905146825006e-01
6.419550808258753793e-01
6.051582483230393272e-01
6.149704258035089133e-01
6.142266152275254187e-01
6.178054908757788510e-01
5.873969151402751443e-01
5.814289356453310464e-01
5.815733026045254439e-01
5.817144496152230060e-01
5.837984938143029323e-01
5.829240152961070454e-01
5.799578597592196516e-01
6.350981427505969501e-01
6.316973339031468626e-01
6.007000881936305214e-01
6.048175522427544637e-01
5.922195595292942816e-01
5.996926501696240308e-01
5.973917231617766888e-01
6.580897598113435443e-01
6.560833205411059632e-01
6.345593863082661379e-01
6.351540608030334933e-01
6.273499388508927410e-01
6.341442532942701549e-01
6.047567244300332545e-01
5.940623190757210459e-01
5.969815210104145731e-01
6.305057619846667905e-01
6.019332561386064873e-01
5.814600449469714549e-01
6.117025232883662733e-01
6.194040964825027196e-01
6.042658796317468273e-01
6.063940423620950426e-01
6.143356954046539364e-01
6.075091972888034819e-01
6.120844338390448724e-01
6.170008944246683225e-01
6.159037560853670712e-01
6.203704351192279587e-01
6.356002072656303792e-01
6.297255742666462153e-01
6.477941908520512548e-01
6.290662198034255859e-01
6.153329833825419426e-01
6.223199279152666907e-01
6.139801674921396835e-01
6.042756385216863091e-01
6.172251815454372625e-01
6.123287245477317953e-01
6.598564785501568331e-01
6.548570079208823058e-01
6.411300978034096820e-01
6.444161939872667944e-01
6.531904711943498087e-01
6.317842024293842673e-01
6.546879195571086996e-01
6.410276245593431454e-01
7.003386399995260581e-01
6.328817072315616743e-01
6.268540507936478656e-01
6.330137912502065145e-01
6.296758238001489705e-01
6.512297761750063252e-01
6.361768717314042476e-01
6.265041907078466865e-01
6.237569972294638720e-01
6.360922446311042533e-01
6.363025957610881633e-01
6.528763867887905636e-01
6.675127785645766920e-01
6.445371362939366078e-01
6.652985534768005582e-01
6.530843473023244528e-01
6.949206168925380345e-01
6.946233723988458619e-01
7.158166252803241925e-01
6.611982446622115539e-01
7.011636287502226450e-01
6.624909105921895636e-01
6.590305557645538270e-01
6.408611945377383767e-01
6.498174007471766433e-01
6.455924529756457142e-01
6.493852326502074224e-01
6.395051110656434501e-01
6.545079384554736146e-01
6.597630542930414954e-01
6.566753676649726978e-01
6.542158310821104550e-01
6.778271124368148159e-01
6.578155227876556488e-01
6.811914969399970321e-01
6.505372689524153706e-01
6.505466371872212772e-01
6.396851532705915000e-01
6.401137214705475698e-01
6.323030589085459896e-01
6.664961117914264266e-01
6.516771131093672675e-01
6.952326335778457045e-01
6.438792589959969614e-01
6.641288371145077640e-01
6.606994089410960225e-01
6.445785893041773296e-01
6.744727021490050101e-01
6.587464357678536331e-01
6.562252740923021355e-01
6.437135988897862982e-01
6.616631015796805571e-01
6.315883085161991817e-01
6.345817977022296663e-01
6.273770984782228721e-01
6.183945418739513755e-01
6.252835967785956850e-01
6.205366178192853743e-01
6.303585391533982341e-01
6.243080117012549390e-01
6.188552178102426637e-01
6.228559694504459676e-01
6.198769220202684505e-01
6.385435162364838657e-01
6.327612580572425927e-01
6.232206978881995596e-01
6.240871441113002849e-01
6.131336724313143360e-01
6.150738843877565643e-01
6.348722525449166376e-01
6.071014215276832049e-01
6.136434862435244941e-01
1.452879308310089490e+00
6.129864478182842635e-01
6.028677152600854239e-01
6.077424593449787249e-01
6.063044113893405473e-01
6.242663823049657834e-01
6.141078375735948836e-01
6.082952680590165695e-01
6.114337688199331655e-01
6.105274245787832843e-01
6.120126822277535128e-01
5.983127847385067977e-01
5.911800481145259578e-01
5.880058534870140630e-01
5.847195033736691805e-01
5.852916888636908732e-01
5.836198345231802254e-01
5.832470814053350994e-01
6.044927196316020046e-01
5.833314980460975185e-01
5.959853473862813944e-01
5.997774854063990801e-01
5.933374682085585938e-01
5.956545148404405188e-01
5.937197969098086947e-01
6.055035346793855577e-01
6.037063701955950323e-01
6.133002516248956537e-01
5.990586248932951996e-01
5.985045947447840131e-01
5.910440370173801750e-01
5.946548218451478407e-01
6.008358561058259051e-01
6.320491621425050610e-01
6.420935111181425015e-01
6.016368154959284009e-01
5.971430185050460304e-01
6.293050947086598068e-01
6.134332001434270598e-01
6.117806399686386287e-01
6.117193842246125834e-01
6.137657038037048762e-01
6.255499195812879165e-01
6.046713932515422885e-01
6.072852839632947308e-01
6.038291448832526775e-01
5.975068607294270473e-01
5.995257494410664023e-01
6.024287314814731342e-01
6.001408470492836100e-01
5.854555155224708818e-01
6.209718317950185806e-01
6.439338703009849230e-01
6.150443749216721878e-01
6.272816155633498258e-01
6.191487640084041288e-01
6.163000579851758420e-01
6.358346292913550357e-01
6.283484459436882164e-01
6.417447981726785988e-01
6.444914806822797937e-01
6.277776347141796887e-01
6.331109797386664795e-01
6.371998380926738870e-01
6.300234946558618265e-01
6.372153119946653010e-01
6.300434633907366910e-01
6.378828134097288549e-01
6.318896748148509213e-01
6.345833974569207170e-01
6.208279752575440735e-01
6.281186063413135567e-01
5.921742579140619744e-01
5.954985806379217150e-01
5.915201151243116851e-01
6.323796343632948069e-01
6.446471299921132658e-01
6.207851765557131918e-01
6.105160942650577072e-01
6.517503800208160891e-01
6.546486421122806876e-01
6.687252089983377612e-01
6.261059605859879973e-01
6.346351327186224855e-01
6.342242668062076927e-01
6.313327134577504385e-01
6.268934558861177786e-01
6.248529000269067435e-01
1.266935067873158571e+00
6.084930437022278982e-01
6.232787667177275281e-01
6.132529063372660350e-01
6.029433386742044654e-01
6.047804747133114223e-01
5.936704666874184078e-01
5.936953599171089779e-01
5.942425072707895328e-01
5.875490575917274860e-01
5.945738165472862491e-01
5.765005635411263318e-01
5.848989453712014619e-01
5.747988451595952286e-01
5.760009255990850008e-01
5.686283490353218895e-01
5.742038735161639762e-01
5.820496124201988142e-01
5.664544615526405646e-01
5.677926336318327438e-01
5.626069640154695017e-01
5.575721362302681339e-01
5.579983021848377023e-01
5.619123208215095477e-01
5.781058524867286330e-01
5.644041332971941882e-01
5.654667963637174388e-01
5.692542285570947325e-01
5.794512117882715252e-01
5.720783937275706332e-01
5.744531501880528745e-01
5.663595374645944425e-01
5.574366320146810772e-01
5.728511611806622605e-01
5.784349973596902839e-01
5.560045939286641925e-01
5.444714997394627387e-01
5.752897761430801893e-01
5.406822944189784153e-01
5.438745715029451588e-01
5.739482590116393723e-01
5.712280886021925408e-01
5.578342202512640569e-01
5.419159472388850318e-01
5.484992910516522935e-01
5.450744411988233118e-01
5.382832067339022863e-01
5.423686069850496283e-01
5.446353005249224832e-01
5.401850347975757360e-01
5.555056471091066594e-01
5.523384237299314714e-01
5.503168501190814910e-01
5.593861814851434078e-01
5.636186610158221422e-01
5.543727924540970964e-01
5.500232370488620237e-01
5.473024590065107553e-01
5.422618969796044741e-01
5.380088419227638807e-01
5.751079301470329863e-01
5.557861240587190776e-01
5.476926672099811100e-01
5.440414514124272127e-01
5.567687074700367056e-01
5.452353523265964785e-01
5.361509591461971480e-01
5.505499953520358591e-01
5.592111051513816156e-01
5.613700865594739575e-01
5.411946279161777840e-01
5.698805905443944386e-01
5.592984087364785140e-01
5.510946777505310035e-01
5.479081083421133425e-01
5.503718056153373839e-01
5.464201918400990454e-01
5.514128005957424916e-01
5.397082051124184598e-01
5.420676458759643435e-01
5.339884348917176560e-01
5.384426668680130090e-01
5.289123224913498955e-01
5.340231699804289800e-01
5.319229789569746014e-01
5.333711833155682092e-01
5.297197179451536009e-01
5.381865198188972021e-01
5.412224198712616285e-01
5.268648785344218766e-01
5.361847326383181178e-01
6.019488676307018782e-01
5.506669389911728052e-01
5.278465268102148222e-01
5.689228197736584391e-01
5.186155761868622704e-01
5.230662247974333656e-01
5.157501916731956904e-01
5.208855136121854912e-01
5.189887491674152198e-01
5.173629180869966371e-01
6.017250460476866181e-01
5.067015976391400223e-01
5.097262283152175222e-01
5.095220453483167988e-01
5.107765457400197384e-01
5.156084265399465405e-01
5.123300102569491310e-01
5.119406612812520407e-01
5.106178140351386174e-01
5.026882230038582922e-01
5.052042136801888628e-01
4.957155872945531172e-01
4.999528237872529202e-01
5.028049635322192623e-01
4.964004391205644184e-01
4.972834357418446372e-01
5.072110115768795335e-01
5.183109652597233108e-01
4.972379089655613038e-01
4.997502691393075902e-01
5.110630836639452612e-01
4.993841084828431476e-01
4.864919844072559951e-01
4.892303051609662168e-01
4.758745348255952745e-01
4.861360957731950538e-01
4.790599306732032936e-01
4.720565144580925465e-01
4.675956747938141422e-01
4.721028588643275126e-01
4.691728206385268884e-01
4.822693486224908233e-01
4.815866296197726104e-01
4.853056433840730044e-01
4.831696872412745147e-01
5.182261302924386914e-01
5.137773653410920849e-01
5.165518626515940293e-01
5.428365923974067808e-01
5.383045174474254679e-01
5.301659043265021243e-01
5.743580000266005348e-01
5.644365843753561540e-01
5.638456138547203178e-01
5.686889733011913917e-01
5.641101628342541918e-01
5.640199490025805673e-01
5.572612436861918983e-01
5.544787622031128738e-01
5.458666402917917715e-01
5.526710912154119137e-01
5.335269076420884327e-01
5.318187642415334038e-01
5.287994984369082108e-01
5.322795617728666162e-01
5.651089329322427357e-01
5.693439233610886330e-01
5.875548367983223219e-01
5.777213617991028283e-01
5.790168589540712896e-01
5.885431770169773369e-01
5.853330596180773560e-01
5.816699034222030384e-01
5.748415595038932624e-01
5.677896145985261711e-01
5.631614911776291477e-01
5.606899015648576512e-01
5.488966668188961506e-01
5.516963809433492738e-01
5.469695999044339452e-01
5.780454658160337766e-01
5.755824719791887700e-01
5.737787742212034914e-01
5.706117059148605453e-01
5.702231218820253966e-01
5.879442018449205776e-01
5.865606018702593794e-01
5.938704914576715677e-01
5.757695280481016642e-01
5.538844537151899061e-01
5.576148076094453732e-01
5.517466945706978043e-01
5.358534175264564325e-01
5.409803114898663612e-01
5.356519170838587307e-01
5.294471832550772250e-01
5.224193028067936062e-01
5.250225518826566740e-01
5.533249430934474855e-01
5.489074165284222317e-01
5.434129738275734756e-01
5.409647572668436766e-01
5.451003904838821468e-01
5.402392851531594431e-01
5.567026544070154959e-01
5.192404954628437874e-01
5.139284973688080793e-01
5.285914545953611654e-01
5.120161523048205598e-01
5.607080132415056539e-01
4.970850531483116397e-01
4.958174067550747965e-01
5.475540087935897304e-01
5.152068683819415185e-01
5.018153786217052215e-01
5.163129765139360394e-01
5.013132704430913744e-01
5.108482791816608692e-01
5.031059329882779929e-01
5.010841949560481678e-01
4.974303461995762676e-01
5.324728707444835729e-01
4.895900266316269289e-01
4.868012592878571132e-01
5.383204702096664462e-01
5.063362388488787946e-01
5.130825950129496160e-01
5.097850315433365420e-01
4.981186989647647390e-01
5.043749758326039334e-01
5.030715083600939552e-01
5.364033246875214989e-01
5.314684154484166090e-01
5.363253023281236986e-01
5.426369289096262261e-01
5.602578866129628299e-01
5.433129930803920482e-01
5.402270592430661322e-01
5.501483775969524537e-01
5.496600732386590638e-01
5.632358622792260627e-01
5.333267636824861047e-01
5.667049026259048938e-01
5.538465378134874717e-01
5.573396974328876929e-01
5.600048835139660452e-01
5.584080081519299243e-01
5.491082055520414285e-01
5.474367248507685524e-01
6.339520878568749573e-01
5.475743977781559746e-01
5.594826800850412063e-01
5.586911501152157511e-01
5.543715590784257241e-01
1.316263734818371889e+00
5.990000617257651427e-01
5.950161134910402216e-01
5.981790333397514203e-01
5.994624739726327478e-01
6.023925872453123054e-01
5.987676874374093794e-01
5.981687103261220662e-01
6.014257003509325683e-01
5.794830258838530312e-01
5.799361858671729930e-01
5.855712376319607282e-01
5.859752910884448163e-01
5.697130185603260788e-01
5.690173720437966542e-01
5.636514179026250737e-01
5.705447604802654782e-01
5.788722407696400563e-01
5.689462216955516460e-01
5.660216411776255452e-01
5.889316654584694222e-01
5.557721055031756840e-01
5.460206171352351978e-01
5.472014719671540739e-01
5.436339169747532729e-01
5.900610658026906874e-01
5.802485456727721758e-01
5.766423409258767396e-01
5.791273794573242872e-01
5.746438806074519734e-01
5.805923554923937413e-01
5.891798989170105028e-01
5.523670679409127260e-01
5.522331919454890325e-01
5.566028848917000671e-01
5.717029942373195173e-01
6.087485462921600199e-01
5.660926369535850267e-01
5.966056682882039386e-01
5.588603286540451132e-01
5.624814178043840984e-01
5.943755967544772645e-01
5.607846399824909511e-01
5.814688120139536176e-01
5.663453577211451373e-01
5.679405693557488810e-01
5.773602881363821826e-01
5.680039878385800822e-01
5.900230898412777147e-01
6.048707777222306348e-01
5.655492172809600815e-01
5.719479534734293047e-01
5.615663118173915835e-01
5.649925846913838035e-01
5.721066570951978125e-01
5.630743231263950488e-01
5.647242213307985814e-01
5.848101825637734841e-01
5.646528946319631093e-01
5.721014616375565964e-01
5.714642306607775613e-01
5.641411565340022083e-01
5.648728333769919008e-01
5.814767015662742899e-01
5.884919868140436883e-01
5.650273779445825761e-01
5.687501002850949838e-01
5.808039207219188871e-01
5.793682770005800231e-01
5.898105543838563225e-01
5.856167099119500286e-01
5.982297962266875935e-01
5.706714553244948140e-01
5.683456368345695120e-01
5.656392880505860532e-01
5.909595463357066869e-01
5.807188733726834640e-01
5.784555825652284433e-01
5.989982047565826084e-01
5.942714797498418466e-01
5.793796936516545371e-01
5.868811865862604282e-01
5.775638703145544728e-01
5.698792170620040620e-01
6.319989674291004444e-01
7.795059082492941105e-01
1.417820205266469635e+01
9.005747175930607362e-01
6.797084358981719809e-01
6.802641955714940902e-01
6.866629922429000610e-01
6.834124941865655778e-01
6.744636272069269856e-01
6.717816457722518564e-01
6.653582557652479856e-01
6.724634175025298033e-01
6.716366208025628115e-01
6.583401682696260471e-01
6.519936478115830880e-01
6.577897761338591387e-01
6.809130892807022661e-01
6.102974639125797740e-01
6.782031311337873847e-01
6.710546542351012445e-01
6.478564025426580830e-01
6.535574715540695134e-01
6.402916431360414773e-01
6.417246389031329157e-01
6.444996925726105275e-01
6.489579292113639708e-01
6.545766668155519330e-01
6.523665241047811314e-01
6.737843677752396454e-01
6.419620160452901292e-01
6.361961395813310327e-01
6.507935035131564572e-01
6.535856490075423464e-01
6.408916574967213897e-01
6.377269550506929896e-01
6.399546520327527022e-01
6.403860686277985659e-01
6.388057088678432693e-01
6.511393298594392309e-01
6.989892325450050015e-01
6.752440316958459032e-01
6.935639562905644429e-01
6.764002134706208480e-01
6.628987241557470211e-01
6.617610070367623276e-01
6.852396041860950859e-01
6.617831385957142487e-01
6.622295439134243678e-01
7.475319645276607972e-01
6.649913877957193131e-01
6.782996289949516644e-01
6.754283029934915472e-01
6.745892627067041625e-01
6.635808466557060470e-01
6.754982299775377230e-01
6.734787633052208289e-01
6.662711446719218333e-01
6.798008304866471896e-01
6.901345350587366756e-01
7.001002294812316284e-01
6.892781846422294523e-01
6.957275224811465542e-01
6.872380041259562589e-01
7.114907676208317433e-01
7.276943865780444165e-01
7.185942256010091622e-01
7.106976836514472540e-01
7.170801559808648307e-01
7.020781420572467235e-01
6.988513203588369027e-01
7.019488266707377688e-01
6.992580893058036873e-01
7.096447856543879329e-01
7.231603431439246332e-01
7.038058736296085582e-01
6.963471126232958497e-01
7.405488365887173963e-01
7.035554843470264164e-01
7.198725449316608627e-01
7.013667951301187919e-01
7.124913256688081287e-01
7.114031827020855792e-01
7.044154781129083887e-01
6.843020455308465033e-01
6.876873377245751318e-01
6.790122793556203629e-01
7.013190813929500722e-01
6.843775588019997969e-01
6.855478824736980226e-01
6.820718220470267656e-01
6.840392995093089734e-01
6.721409918582726961e-01
6.907716041457154788e-01
7.091758188605308266e-01
6.812714063783948948e-01
6.651317742068523220e-01
6.654948342624240620e-01
6.777131910739278009e-01
6.624959783587319739e-01
6.696759592264334149e-01
6.592695316132975991e-01
6.567358897192746570e-01
6.730978008230497078e-01
6.627487976427393068e-01
6.534726805729622612e-01
6.645203108737240960e-01
6.629900396668261253e-01
6.821436986606556063e-01
6.659497855096063734e-01
6.638463000041309181e-01
6.717343868989477107e-01
6.939056646503534154e-01
6.903276541925597032e-01
6.818012215073900872e-01
6.742088213249348705e-01
6.628501067653416179e-01
6.802113469900472609e-01
6.786288478841031591e-01
6.823836750068980050e-01
6.916171052059532087e-01
6.844577368734195977e-01
6.879836599632910277e-01
6.916760522094247410e-01
6.849210054942126424e-01
6.863208206611877138e-01
6.871264546899535919e-01
6.831184307863393812e-01
6.760884837689153937e-01
6.854461231777335684e-01
6.833175458211133702e-01
6.962594624170226343e-01
7.003992425878410311e-01
6.971411098930151429e-01
6.865415526882017172e-01
6.809091167367845587e-01
6.816477719380935607e-01
6.948739925818427920e-01
6.786714597366332313e-01
6.934714957913420408e-01
6.820644906020747467e-01
6.809123126905782808e-01
6.707986537940708871e-01
6.732104605622757365e-01
6.685726049629223677e-01
6.739465593116932274e-01
6.763773858205034406e-01
6.615010830468271985e-01
6.822288235901130538e-01
6.876605264307381615e-01
6.836545044525905723e-01
7.095605273258333012e-01
6.882839018909999718e-01
6.787978570776801446e-01
6.823426161656950262e-01
6.873753376114237756e-01
6.818097889574312731e-01
6.903107746179355519e-01
6.802698339145556439e-01
6.863027594001848142e-01
6.793852992358804244e-01
6.980308980349285708e-01
6.896556730970023752e-01
6.772324310509234557e-01
6.790675767428617782e-01
6.810297200599294554e-01
6.828469963953076594e-01
7.081394616932417119e-01
6.927117002223570630e-01
7.008500634027751142e-01
6.858349856941388101e-01
6.925277326558478830e-01
6.913193343509523858e-01
6.944243276908568241e-01
7.066941800002827234e-01
7.387575731535620527e-01
6.994865290962407611e-01
7.163019761756617143e-01
6.891172316415197230e-01
6.970669637594549828e-01
6.966250998065339761e-01
7.175379409444612167e-01
7.168795579981480648e-01
7.084712711982928957e-01
7.050692524893674706e-01
7.185098211115361622e-01
7.200461512764689820e-01
7.055908485574745592e-01
7.114867760392988849e-01
7.030847636019924574e-01
6.958573721528639178e-01
6.942181728659009288e-01
7.220367154640732199e-01
6.951507287332876484e-01
6.996100870133645788e-01
6.963358924345212086e-01
6.919095684871564567e-01
1.666336192830759177e+00
6.962660937713317511e-01
7.100350387883436198e-01
6.959479274999054166e-01
6.920619359499168288e-01
6.964154053154127944e-01
7.000121889820676291e-01
7.236829241288524894e-01
7.155047649662875653e-01
7.194891930922034939e-01
7.190517919922400081e-01
7.143402726161439675e-01
7.135870479436111635e-01
7.090025112788698181e-01
7.324901618691974647e-01
7.315387924799389152e-01
7.354324915185226352e-01
7.374709342920940935e-01
7.302378975966559160e-01
7.298939527349088685e-01
7.334422539391975970e-01
7.705335952761305229e-01
7.319916582846676123e-01
7.151615098413818261e-01
7.250901693707125784e-01
7.584775489156434514e-01
7.335808605680556038e-01
7.276708692151494517e-01
7.238800324215548532e-01
7.249263908374513621e-01
7.561915729248893658e-01
7.367687407126687349e-01
7.613097660182001070e-01
7.590702888392946157e-01
8.215306547642777790e-01
7.967921080864297512e-01
7.893559963435176074e-01
7.837586975211836560e-01
7.821887603810409040e-01
7.748156501560371501e-01
7.738711976281976712e-01
7.777399820512475026e-01
7.726292962325536084e-01
7.744225130002748703e-01
7.798483595695365755e-01
7.680679228936020397e-01
7.910888506264903697e-01
7.852810996867392035e-01
7.543996986913366065e-01
7.517751823009510836e-01
7.420497132878119961e-01
7.372547141596863529e-01
9.719949536645677846e-01
7.276950183485670909e-01
7.255857931671736427e-01
7.259573141366509885e-01
1.253286858904053780e+00
6.960050067880866331e-01
7.133692045030525231e-01
7.197728775146192692e-01
7.165371558015755094e-01
7.087876598886202473e-01
7.334294606263418448e-01
7.360040582015181521e-01
7.055897107778293931e-01
7.000500515459631146e-01
6.965919022359187140e-01
6.982330618664270849e-01
7.023939481542791352e-01
7.056657843299668498e-01
7.013983756070593101e-01
6.930112312175482625e-01
6.886538680706518756e-01
6.924647161996043687e-01
6.912940314175100021e-01
7.019993328858934456e-01
6.903046852288161617e-01
7.019719121210487023e-01
7.174130557992781654e-01
7.049608435891259184e-01
7.130780190291692300e-01
6.946966142586837867e-01
7.013233098503683927e-01
7.024264723893096640e-01
7.574018244317434201e-01
7.668696695714256606e-01
7.174642225787757344e-01
7.041242903721574020e-01
7.266252317795679483e-01
6.941796999598680573e-01
6.970060860979540029e-01
6.909708439421842208e-01
6.868093123424365842e-01
6.958998251630450493e-01
6.871487880942565019e-01
6.863051772122354954e-01
7.186218131796802133e-01
6.862670013063125740e-01
6.799035066209865308e-01
6.749807932421463263e-01
6.770302899903348770e-01
6.947921055909876964e-01
6.804612168469454936e-01
6.784839084338558646e-01
6.708325012800969711e-01
6.690566370165760279e-01
6.704961121139092484e-01
6.719871440488269787e-01
6.778742508661057542e-01
6.811791872124288716e-01
6.744664971707459156e-01
6.698498786417085293e-01
6.780027944597415424e-01
6.644525532144446300e-01
6.524040715681319602e-01
6.548971376656662624e-01
6.567613245729724269e-01
6.630185562449707470e-01
6.525326856010272847e-01
6.518753418185510018e-01
6.699055321338560631e-01
6.781797138549030546e-01
6.706467469388535108e-01
6.719217681799007913e-01
6.743550339007312600e-01
6.553902422674109385e-01
7.803902198913319488e-01
6.634716883213498395e-01
6.613092830655443732e-01
6.541308962851595243e-01
6.645260737761993219e-01
6.630385607403771475e-01
6.691145564020390957e-01
6.565308254040342906e-01
6.609571818774631069e-01
6.553815191922405248e-01
6.594210912103214417e-01
6.573197745025438632e-01
6.626450542908232100e-01
6.580164933104886149e-01
6.559917237718472238e-01
6.592258406206638055e-01
6.553214653667486234e-01
6.753456588143849082e-01
6.505396154754904403e-01
6.554790785531633412e-01
7.026472913573107437e-01
6.577776752976139951e-01
6.521467943569040360e-01
6.528292613980835046e-01
6.529856201401582627e-01
6.415078620602745474e-01
6.469186392605286162e-01
9.955654981237145318e-01
6.426339857964282753e-01
6.401110715824148700e-01
6.355778427447947854e-01
6.434992419193421576e-01
6.438129266066427991e-01
6.468549159938069559e-01
6.422952722696004813e-01
6.465696009109863640e-01
6.449186443747216835e-01
6.563087728044395552e-01
6.394745222890774183e-01
6.419888638779605028e-01
6.443226213368765665e-01
6.516719012965109803e-01
6.492618686151168106e-01
6.730255053635203488e-01
6.431035740467708761e-01
6.404857047905170297e-01
6.517176169620350068e-01
7.245983543603885524e-01
6.524967093328835066e-01
6.546463413110682472e-01
6.371859128092225433e-01
6.345027568886475455e-01
6.318715723495054171e-01
6.418540293537569053e-01
6.335360884223559808e-01
6.373905167120268445e-01
6.373765840179277387e-01
6.505316824580013035e-01
6.372080131428368155e-01
6.314506809773603457e-01
6.305524631350658549e-01
6.425846972597774043e-01
6.305670943872124790e-01
6.392004247639879733e-01
6.302707038606590872e-01
6.285557336580026577e-01
6.273085688770025925e-01
6.271855121598995941e-01
6.299847075014315401e-01
6.307235199397708270e-01
6.285561820295683111e-01
6.333247669285453352e-01
6.202582232877005275e-01
6.209478581306006051e-01
6.362174430812652659e-01
6.469652477272228586e-01
5.998199015229449538e-01
6.396234439803307747e-01
6.319740215418151452e-01
6.251656174055776338e-01
6.217292600931766389e-01
6.218222145151487412e-01
6.158482230590053286e-01
6.157852428230193853e-01
7.122006480417540919e-01
6.558929925119714177e-01
6.470824465775177892e-01
6.519489310317361230e-01
6.531935057804056921e-01
6.603079294580356251e-01
6.597644613483788500e-01
6.576618775578354503e-01
6.559155633370724603e-01
6.514381837559719557e-01
6.559383228990770531e-01
6.519380158493750521e-01
6.501842764903332794e-01
6.368546339705576376e-01
6.349497241153727600e-01
6.475361852553757069e-01
6.330981880748050017e-01
6.425476981534907761e-01
6.390600578150320565e-01
6.367756539115509984e-01
6.367172694263397714e-01
6.440772686626934362e-01
6.424704877394549207e-01
6.359899947438077961e-01
6.296077528176390325e-01
6.419118333881009830e-01
6.303017833453197216e-01
6.246608800665526262e-01
6.630305784911421085e-01
6.408643484202446450e-01
6.390678395403349699e-01
6.347111009762143041e-01
6.374669520074927043e-01
6.330011542092460752e-01
6.462273663049672434e-01
6.336166967711139852e-01
6.484581924680075105e-01
6.344852302328655158e-01
6.333859082240117511e-01
6.498633740195183250e-01
6.413200308987125897e-01
6.398153422692904879e-01
6.305099899320446566e-01
6.323089514322886018e-01
6.507030582557479237e-01
6.518286492583542646e-01
6.396650855297955074e-01
6.380163212912387527e-01
7.932359524045221599e-01
6.368732192215894594e-01
6.445246983869666879e-01
6.541703696604436180e-01
6.343065591478598275e-01
6.410913825329604965e-01
6.412644551469809384e-01
6.431588310066718162e-01
6.419135440156648054e-01
6.388733214019931550e-01
6.354207704750504115e-01
6.358086590808463834e-01
6.532135847255925443e-01
6.627068461426046664e-01
6.599997567170196033e-01
6.509350197829849582e-01
6.576747150807142894e-01
6.729920457196416628e-01
6.512156426532894615e-01
6.538045545963406813e-01
6.481090919371091941e-01
6.475002233176941902e-01
6.406231028489635104e-01
6.581341069193065163e-01
6.446683722014348028e-01
6.442113909695876828e-01
6.316611208949219902e-01
6.347588525471846710e-01
6.447761606738038331e-01
6.298171002084916870e-01
6.409806779432349888e-01
6.307866726856519168e-01
6.355509054211907483e-01
6.438262967430460337e-01
6.441142303291486071e-01
6.530484004308128032e-01
6.556305248406634201e-01
6.545979251194307125e-01
6.381390566705454903e-01
8.422355913247698833e-01
6.432712542902838670e-01
6.404745350429773554e-01
6.485521812311538792e-01
7.932430665094982736e-01
6.457629242155463745e-01
7.913242617975189130e-01
6.685546498428307505e-01
6.484933421783944940e-01
6.469419246985110838e-01
6.498137175715565927e-01
6.474795489518143654e-01
6.529253375075052546e-01
6.577625960450207421e-01
6.514343831017427311e-01
6.490672453257214647e-01
6.550018378065544100e-01
6.503297326177117643e-01
6.510521801987746437e-01
6.484544125229294576e-01
6.459185785858692075e-01
6.387855175539394192e-01
6.461248629466473936e-01
6.392406447835026206e-01
6.397139395244042515e-01
6.678942953093580659e-01
6.358498523597753138e-01
6.287250713148115899e-01
6.153832923567040813e-01
6.636858911222567325e-01
6.534307715723179921e-01
6.515903452336813118e-01
6.514711116169688010e-01
6.495297488960085630e-01
6.519101546968001371e-01
6.314043913988753864e-01
6.229160264886293152e-01
6.299462292450143108e-01
6.518654187933793365e-01
6.463370237287595632e-01
6.486383757526406058e-01
6.443309767240357200e-01
6.462000826895130112e-01
6.508085341829894510e-01
6.459072588000213111e-01
6.282124847349539465e-01
6.250850307784907578e-01
6.405590090190451669e-01
6.470253646222130506e-01
6.542283411274626426e-01
6.599223003588242653e-01
6.493462245455277060e-01
6.480986239546306926e-01
6.408764079254768431e-01
6.428707628351013614e-01
6.475119058229870106e-01
6.557128978698414379e-01
6.390556935263972393e-01
6.367741225451388765e-01
6.596011744351224504e-01
6.430877548639981622e-01
6.400794649254575308e-01
6.367128814116808089e-01
6.471483387394135756e-01
6.383005037390659941e-01
6.470640591293813637e-01
6.393043039300303487e-01
6.670580105952622629e-01
6.477924546289270946e-01
6.436304793759793919e-01
6.424428135216112556e-01
6.419645596549209410e-01
6.403520801995264966e-01
6.356643657565680394e-01
6.236830216379978253e-01
6.255350272395635569e-01
6.204732283460532294e-01
6.207425174241028021e-01
6.496035516011374744e-01
6.263465689448891593e-01
6.472818770058264004e-01
6.320214013928577845e-01
6.272320401094240161e-01
6.232516865241122250e-01
6.194630727952278315e-01
6.184042691740709863e-01
6.188987097442247842e-01
6.142759036580610621e-01
6.154876405317326604e-01
6.119750216403769816e-01
6.582863474379900826e-01
5.938175829465532907e-01
5.889933911236346908e-01
6.339021814640621866e-01
6.366378936493352070e-01
6.289472035050517329e-01
6.262767310435228829e-01
6.523585676781450404e-01
