7.066152564411516401e-01
7.092754979012709793e-01
6.845181294651647708e-01
7.020661159448453592e-01
6.940648739405087531e-01
7.107979915750558542e-01
6.832762109774920267e-01
6.810257105199074568e-01
6.684801190287934514e-01
6.719746338035542665e-01
6.717617941022805406e-01
6.718195798490786963e-01
6.699304812058695102e-01
6.605323665907640862e-01
6.852521112724293539e-01
6.879941911541304078e-01
6.732968455640514494e-01
6.903529134481440899e-01
6.629388357814161026e-01
6.657938732760143585e-01
6.640584115334156046e-01
6.681840155886777932e-01
6.645541184652958844e-01
6.672064625108158342e-01
6.527110722806117593e-01
6.776106446403535877e-01
7.790661797945891420e-01
7.773190363002717707e-01
7.601971359067044576e-01
7.391672966580092874e-01
7.471053699912489909e-01
7.237560871243037264e-01
7.178463533500545335e-01
6.877421022761330827e-01
6.951640567690515748e-01
6.783230008552704193e-01
6.886662990479223145e-01
6.785603484060991342e-01
7.464283605062698168e-01
6.949789850489713761e-01
6.969845487071351098e-01
7.084250694269924598e-01
7.401425047079692732e-01
7.129739111986965749e-01
7.050984213271863643e-01
7.098474203830243967e-01
6.890347840279702485e-01
7.018228417981463574e-01
6.990757858365440613e-01
7.030418042129885636e-01
6.974881641547345801e-01
6.960442091540237630e-01
6.993309550638056038e-01
6.960835125757538489e-01
6.721656034325124152e-01
6.887339328001182981e-01
7.196879691834821013e-01
6.918851016313698477e-01
6.735086270254827534e-01
6.693160678722991364e-01
6.550434143275951637e-01
6.595091626713264210e-01
6.607215334377928295e-01
6.518171449193939093e-01
6.620154489576912660e-01
6.518810531887229143e-01
6.482577202298086538e-01
6.951046447429622965e-01
6.940958656027693685e-01
6.889426241207844415e-01
6.756001513591511909e-01
6.727935567316288834e-01
6.624330475590791689e-01
6.783408554757842657e-01
6.766348271026205730e-01
6.681074173320730170e-01
6.800134767562715510e-01
6.688890859300218317e-01
6.952967701157062308e-01
6.721177125342597813e-01
6.640734694421254192e-01
6.694884389166577687e-01
6.776080777898789709e-01
6.799576548367977091e-01
6.691509553710318636e-01
6.741721224515653255e-01
6.812477229317935867e-01
6.773770461260477660e-01
6.817139388089918928e-01
6.690479521131380558e-01
6.726422847664974558e-01
6.574764129565351389e-01
6.508645975414075746e-01
6.563036375553387147e-01
6.532628074018204112e-01
6.553098247047018932e-01
6.619200152403081905e-01
6.435762022517226288e-01
6.524806358458803413e-01
6.443030229832825695e-01
6.431533459905067751e-01
6.451710326532661410e-01
6.360985442190348893e-01
6.376628008107245726e-01
6.438792702407032387e-01
6.296378536731375153e-01
6.329186064528221634e-01
6.262449770489231238e-01
6.361266842949985234e-01
6.469250322568693701e-01
6.467262828806410457e-01
6.537449804811139575e-01
6.446041823767048040e-01
6.652148311698303784e-01
6.722177146276169246e-01
6.454056697494430228e-01
6.396860824272183610e-01
6.486656011269749111e-01
6.527691241091571062e-01
6.630868954608083454e-01
6.563429209859927838e-01
6.549598176617161815e-01
6.561441406695874834e-01
6.563350590312466704e-01
6.604301767663292022e-01
6.568127095708159446e-01
6.528035582201083820e-01
6.550843062570854691e-01
6.500784908944657881e-01
6.640506080938275435e-01
6.808651851669610400e-01
6.575031305219020128e-01
6.529638073917013452e-01
6.529397852388760803e-01
6.499626677723813195e-01
6.919417006071254539e-01
6.736223671714469674e-01
6.691035387181270000e-01
6.714742012155270334e-01
6.662829428932529607e-01
6.623274689800124904e-01
6.596117164628144680e-01
6.588550492266970204e-01
6.579610789698688844e-01
6.532634554484090250e-01
6.474171022492202221e-01
6.473104792751590564e-01
6.515266382675040102e-01
6.456730757014313982e-01
6.595442141209026943e-01
6.646212861571975106e-01
6.663933596265845249e-01
6.541034510450695061e-01
6.913685468455202932e-01
6.944533396896303001e-01
6.805306468885988780e-01
6.589751251161117818e-01
6.643214521757228042e-01
6.573727338499116835e-01
6.936297766331285253e-01
6.963638691901672395e-01
6.889007622626247551e-01
6.924943052484378025e-01
6.942779538490660984e-01
7.037993937124000787e-01
7.113505816340290888e-01
7.028523816210737740e-01
7.052135597734316974e-01
6.963913971364248390e-01
7.013728769725016132e-01
6.965593654010144853e-01
7.038772594378444047e-01
7.037163740475930185e-01
6.983806670818976103e-01
6.937991192897020598e-01
6.889813130683271059e-01
6.986590108827389622e-01
7.045162287645748700e-01
6.977754782390253041e-01
6.890858772798217347e-01
6.959274669657786738e-01
6.987322484505856801e-01
6.970913676703542894e-01
6.949038905243746234e-01
6.993702080373908059e-01
7.100943507570574020e-01
6.994874793778208533e-01
7.059172853491646471e-01
6.989433811939458341e-01
7.042393546732594878e-01
6.990310702298406786e-01
6.945669860016290276e-01
6.978389605255777006e-01
6.983824274281125177e-01
6.947006621245300773e-01
6.968511088267356213e-01
6.687838401759793605e-01
6.669310826634495815e-01
6.684639294737176884e-01
6.639922560156213960e-01
6.608684741818302566e-01
6.543265699732934149e-01
6.541989438518858169e-01
6.528679847904678146e-01
6.463874194330520018e-01
6.702414680914656753e-01
6.568470330502998999e-01
6.574094191769361828e-01
6.579028863426914508e-01
6.579934418043373867e-01
6.553591686031957630e-01
6.548119205457806347e-01
6.539642219831225400e-01
6.600998405218269083e-01
6.505696838067921428e-01
6.504475688513488008e-01
6.466872141589719014e-01
6.409614919336807937e-01
6.454175439668680125e-01
6.493857944047739528e-01
6.381034679667531018e-01
6.467948421646525503e-01
6.475395604851540421e-01
6.464318232351629057e-01
6.447364012083256490e-01
6.705158125610098940e-01
6.469289286774146941e-01
6.453181175341760056e-01
6.473972825919775964e-01
6.446361057653970938e-01
6.447732897602965751e-01
6.434101470879506346e-01
6.492239117672815585e-01
6.447858669998723924e-01
6.394157555683048777e-01
6.541781312790314606e-01
6.423470867415469465e-01
6.473637254052382328e-01
6.436117089455675178e-01
6.447769447437159407e-01
6.473766363264804591e-01
6.474286896744320119e-01
6.443423779485266678e-01
6.446516373180000148e-01
6.448775266161059783e-01
6.568342364669386146e-01
6.442275914053581243e-01
6.464177065880248874e-01
6.454088875233866540e-01
6.416158241104458204e-01
6.432222488918817316e-01
6.493780971577275407e-01
6.439736973438515699e-01
6.410111841403549615e-01
6.397256641758968243e-01
6.432614974308408229e-01
6.417946762205969380e-01
6.429504636172225229e-01
6.381334789390966655e-01
6.394402921650346183e-01
6.426893392103318892e-01
6.404242988248254331e-01
6.382318128269059976e-01
6.355281304097114559e-01
6.344706351541835598e-01
6.332102353767993241e-01
6.340527203443945270e-01
6.236349931857370077e-01
6.190866409364211842e-01
6.160763255988241927e-01
6.228298167415229347e-01
6.162923994973574793e-01
6.147575406694811839e-01
6.122790487126457126e-01
6.041127726728643399e-01
6.080324703429124122e-01
5.980234989062288564e-01
6.065633166577536484e-01
5.965656346041600111e-01
6.071439365917462583e-01
6.080559875807788339e-01
5.985029814443327822e-01
6.062115403691747950e-01
6.233823617390010785e-01
5.953126062418011566e-01
5.906455373780039597e-01
5.885532365039193303e-01
6.231283680784598378e-01
5.855896633670246709e-01
5.859838687579942418e-01
5.881828742792751807e-01
5.844940241528226998e-01
5.828242129646132863e-01
5.853633853689823585e-01
5.846502891803619928e-01
5.833007556844567176e-01
5.825729691882641781e-01
5.851616256672134142e-01
5.827489970909301986e-01
5.850297861852401526e-01
5.988225101187355515e-01
6.004365890846493636e-01
6.034285810884905121e-01
5.999377502356898484e-01
6.029557008382578909e-01
6.010357586153572962e-01
6.173681449297716561e-01
6.187177253347231343e-01
6.195051280023993190e-01
6.077428242665239289e-01
6.002273633756247673e-01
6.026046672376897950e-01
6.041521706538297565e-01
6.051443254380326486e-01
6.038866039644725792e-01
6.080417075919702929e-01
6.074157967531558233e-01
6.011335147638209309e-01
6.019114318340393899e-01
6.006950319109082281e-01
6.067907980097521081e-01
6.009465996687101130e-01
5.979026517320354950e-01
6.043813148277467073e-01
6.027700766605393889e-01
6.004113742322736424e-01
6.038318563720723731e-01
6.018694553601154906e-01
5.957038292474631236e-01
6.002486295093570901e-01
5.999256051301465886e-01
6.007092590168502388e-01
6.029442004297771440e-01
5.985554588572721268e-01
6.014503952727436875e-01
6.030949948845865105e-01
6.028216518518336731e-01
5.878786012882786238e-01
5.831623860065031639e-01
5.833141291161305642e-01
5.810454665024865628e-01
5.960586888793339977e-01
5.990710598750239591e-01
5.994528902574911555e-01
6.013345159002597695e-01
5.979141393282686456e-01
5.990556369329044228e-01
5.994255253388328653e-01
5.866515715106110918e-01
5.808712114297353013e-01
5.829420488732167671e-01
5.795436273510998770e-01
5.806730746655621722e-01
5.777378037079194950e-01
5.772173034427041660e-01
5.759855304636276596e-01
5.970045762006506163e-01
6.034139255213515352e-01
6.108027379583049754e-01
5.895772897027184989e-01
5.841086652366472842e-01
5.873254066986903776e-01
5.873658258870274596e-01
5.888242982037339424e-01
5.895573168526969665e-01
5.912079335829261151e-01
5.953504874611654785e-01
5.897383419075599154e-01
5.969170020444668490e-01
5.883590906081470617e-01
5.852219951227193295e-01
5.824684435006313166e-01
5.823337702442856756e-01
5.799585848544696054e-01
5.797182554577120506e-01
5.781773924557983557e-01
5.788455932944704951e-01
5.787307544167281659e-01
5.802337064288591861e-01
5.879271073360923250e-01
5.858896494507543906e-01
5.834445249227981911e-01
5.824005755096081094e-01
5.833534828156351493e-01
5.814528926299802336e-01
5.784727099787652094e-01
5.784620698850972964e-01
5.847255670131782379e-01
6.236684934930879498e-01
5.827106760926588080e-01
5.820954512880833764e-01
5.826013116900725652e-01
5.835029043140405047e-01
5.841454804551746705e-01
5.816121884265734732e-01
5.794839442103121296e-01
7.164113345361100560e-01
5.775905304006492269e-01
5.784399236347483875e-01
5.785807256943316101e-01
5.790661413572145699e-01
5.786004242478508530e-01
5.764327039835849265e-01
5.770845263316025653e-01
5.733519371537658671e-01
5.742523580935686711e-01
5.742559053123585944e-01
5.789253565827197079e-01
5.929860684373648994e-01
5.834990367157615321e-01
5.848044223906972983e-01
5.823217811721882464e-01
6.010106779927799625e-01
5.950349390877121003e-01
6.438329812410791275e-01
5.957646511642127329e-01
5.957347162061457091e-01
5.971425489746909898e-01
5.986451583326835024e-01
5.877847141629832795e-01
5.986053257963617202e-01
5.956198422957167393e-01
5.923422148145826016e-01
6.024336876643339167e-01
6.064695521399304790e-01
6.034232995187734927e-01
6.030380234321939259e-01
5.993849973854256108e-01
6.077995946388347059e-01
6.089338008007398884e-01
6.142096992058525551e-01
6.078496261158184977e-01
6.078201417627451253e-01
6.080855920508457801e-01
6.016495046471209696e-01
6.022522934125047467e-01
6.075048696683320593e-01
6.076852087164372751e-01
6.002729636292383208e-01
6.027540432029372397e-01
5.990916861734241206e-01
5.993711022572069114e-01
5.949987570299335449e-01
5.973519525181313350e-01
5.925176379173491270e-01
6.030096544812890702e-01
6.109571634423756059e-01
6.106447305984983309e-01
6.119383905231630116e-01
6.105570782497319327e-01
6.078848107644391208e-01
6.118416853565016300e-01
6.097850228511885184e-01
6.115364609229996251e-01
6.090129871661147387e-01
6.080286067783728932e-01
6.009506416489508451e-01
6.021171994968403940e-01
6.142081116053265122e-01
6.120298245908754042e-01
6.117546843108069288e-01
6.126425711923103590e-01
6.119766720441331964e-01
6.157378718114647764e-01
6.150790868306910131e-01
6.117899551104116762e-01
6.152430727886297745e-01
6.245933615885987944e-01
6.208342988166788423e-01
6.222089069487866109e-01
6.302236604324298330e-01
6.168688623887699229e-01
6.172062513869407407e-01
6.163972293803128277e-01
6.154821938228088873e-01
6.139926381801819044e-01
6.137893443548771977e-01
6.163643190187790832e-01
6.123356224190956709e-01
6.107076766739603091e-01
6.107599933554377358e-01
6.082785159208280445e-01
6.089320931178451302e-01
6.078973006052936778e-01
6.155555390889771994e-01
6.173151031334912497e-01
6.119616873819543335e-01
6.178280519381571523e-01
6.205178215823948795e-01
6.148210472569763940e-01
6.100009359389015895e-01
6.096158639659865486e-01
6.060728439365731246e-01
6.104102347240224491e-01
6.074081307081655723e-01
6.106473591855199334e-01
6.169207640551053196e-01
6.164108199553151035e-01
6.173744116007193750e-01
6.155439534589961514e-01
6.231450732198271503e-01
6.228923474755942991e-01
6.201628764626622159e-01
6.163776153009400405e-01
6.178906683436669045e-01
6.154284950219663930e-01
6.154696650458916229e-01
6.210581720407188921e-01
6.199625660021754747e-01
6.153848962776825582e-01
6.149434803783602188e-01
6.118969314203481780e-01
6.123378108708458223e-01
6.124916792896399897e-01
6.108825036622869131e-01
6.104162969342904477e-01
6.228988385753638779e-01
6.149966013403913578e-01
6.148618638867067165e-01
6.155524917409140873e-01
6.163219360248518575e-01
6.223525624645435128e-01
6.195701022231093757e-01
6.167579156383989902e-01
6.322975634387697497e-01
6.368155162749129516e-01
6.449667842731205969e-01
6.339628752163939396e-01
6.387857087893399344e-01
6.462336839477829109e-01
6.468141095452706324e-01
6.512220758789014630e-01
6.494143306447128783e-01
6.433815273319732908e-01
6.444959028927613742e-01
6.505888115975527741e-01
6.430659738064407049e-01
6.436199181974654460e-01
6.497614379748801738e-01
6.486008058675107879e-01
6.491348188596177682e-01
6.474836051141875659e-01
6.991937291552083877e-01
6.707856396274715083e-01
6.696133935628620915e-01
6.704487258653775150e-01
6.869802783351257602e-01
6.686118176662468882e-01
6.578199101466656318e-01
6.582235153215708623e-01
6.566651774115546125e-01
6.592150939197984894e-01
6.578753876167476866e-01
6.573130097308873543e-01
6.573430183608754973e-01
6.578538115494100280e-01
6.577081884685916924e-01
6.570843872018631293e-01
6.511645695314719484e-01
6.541413019489452640e-01
6.534135764396797885e-01
6.466353381234900555e-01
6.497333887344682868e-01
6.474117768381491000e-01
6.459635417074395258e-01
6.497666351764670445e-01
6.450758504993455711e-01
6.486723252119537264e-01
6.555475055007551344e-01
6.671410949244119815e-01
6.667872390531202065e-01
6.672606503570154279e-01
6.566905966898433089e-01
6.578445683995536308e-01
6.564324569022579325e-01
6.567808285206891972e-01
6.562592897251314783e-01
6.574595811378044496e-01
6.581592921923653527e-01
6.792788582096925820e-01
6.502183107644570192e-01
6.465286116650841297e-01
6.449721164888223557e-01
6.445496736182022568e-01
6.473979761742090222e-01
6.389968969768341500e-01
6.403744674283629035e-01
6.394844491267305253e-01
6.372507878947916149e-01
6.594515229152855262e-01
6.659781952016199380e-01
6.519111442833661618e-01
6.468667137787886823e-01
6.470322192327960797e-01
6.684094187448339497e-01
6.596396645682957027e-01
6.598878748210237344e-01
6.604359472746047510e-01
6.590445634639512384e-01
6.692604704779112623e-01
6.696531173019419914e-01
6.712137419138860528e-01
6.682366381076464412e-01
6.671084206473434364e-01
6.749741866650689204e-01
6.771468135732403582e-01
6.598223815760746458e-01
6.702921708241342813e-01
6.704323680806234531e-01
6.750766548510536147e-01
6.964066413619939278e-01
6.761419044821912472e-01
6.804585521865577080e-01
6.770164630635651104e-01
6.813404406852279216e-01
6.803533026485857338e-01
6.769650445842206876e-01
6.747753682972015277e-01
6.757957339108323636e-01
6.788994361103213304e-01
6.752992492531301183e-01
6.741316849442271497e-01
6.760255181862697693e-01
6.721842351407787408e-01
6.795257760381988588e-01
6.805840918185084298e-01
6.791959205418629519e-01
6.782590613321288764e-01
6.714356148758623410e-01
6.935407359781133874e-01
6.948094399443723868e-01
6.926283786903025819e-01
7.033583184504126340e-01
7.014625139337381521e-01
6.930474871064939979e-01
6.929145722969514143e-01
7.291504215665836064e-01
6.928299751512099203e-01
6.926378126656433931e-01
6.941084483158366236e-01
6.921457971682787313e-01
6.938471915584000227e-01
6.936692186892456924e-01
7.045126294278938328e-01
7.025173407917599810e-01
6.936975534224527618e-01
6.908995879500540171e-01
7.352224606692000508e-01
7.315456189487445915e-01
7.299250348834774860e-01
7.328317634062693209e-01
7.294109663462554627e-01
7.045175479842803457e-01
7.049145061909817267e-01
7.051372888798459471e-01
7.022070977189618368e-01
6.947083379596223907e-01
6.894903619801203698e-01
6.977384261607293414e-01
6.892877375125298078e-01
6.889085066979904193e-01
6.901980985415400172e-01
6.893637994689916226e-01
6.896313817754453623e-01
6.887126905373207597e-01
6.831445970884455487e-01
6.850892534832403458e-01
6.842137867738045109e-01
6.795226306635937519e-01
6.821850317092160720e-01
6.858438463721199252e-01
6.833459084654764926e-01
6.886828835777191182e-01
6.808698366770098431e-01
6.811982086526815472e-01
6.803713708712124664e-01
6.787321594292372584e-01
6.763949198694058085e-01
6.742230710290659790e-01
6.754378177263186123e-01
6.732509742201596703e-01
6.840138242499491650e-01
6.816076525516747697e-01
6.801999685728907785e-01
6.809274433659210368e-01
6.798915315214716371e-01
6.818169381613563562e-01
6.740419962884585114e-01
6.758886256118679103e-01
6.768411079900498173e-01
6.744307112707510488e-01
6.740521002929513728e-01
6.738873064341627250e-01
6.741688616201031437e-01
6.766828581396084896e-01
6.720929904003022370e-01
6.719085789180239132e-01
6.725873949124132611e-01
6.736097799130853492e-01
6.702778370151021292e-01
6.700657816329564920e-01
6.684094008714250856e-01
6.670274380230576394e-01
6.591130918590160093e-01
6.592132874362601758e-01
6.582197255029818006e-01
6.554502801450591276e-01
6.576842682014092389e-01
6.575610360441529467e-01
6.571902850040013400e-01
6.563118739312460148e-01
6.578489059833161345e-01
6.457207047263029409e-01
6.462409242538172949e-01
6.420388994180266096e-01
6.379206899886809001e-01
6.500761197159394822e-01
6.566436467885479189e-01
6.531422586126178764e-01
6.534328104438549278e-01
6.516221102425524547e-01
6.524480153098179969e-01
6.533727792903925025e-01
6.498817789882176399e-01
6.489751351456727324e-01
6.481500433556824925e-01
6.618101097214530437e-01
6.536026392915444960e-01
6.544648200004585803e-01
6.493929915241880568e-01
6.480600606273577702e-01
6.481588473715609311e-01
6.488242962595682783e-01
1.152929565631402475e+00
6.464492839073714414e-01
6.475639032748974344e-01
6.465147751202408033e-01
6.460660176344839023e-01
6.463624889534076434e-01
6.473036255657008686e-01
6.474973928858029915e-01
6.453841100059880542e-01
6.462744139634095664e-01
6.455812913571024048e-01
6.429440759560152152e-01
6.327500137247458190e-01
6.331873379948684821e-01
6.314134461272905563e-01
6.455690231743722585e-01
6.500473513536985104e-01
6.472058613590008225e-01
6.477055071098355432e-01
6.463543318770754720e-01
6.473446584329557441e-01
6.462035154341363441e-01
6.417616341113240308e-01
6.523730114547939829e-01
6.483695267992547473e-01
6.510903426237604208e-01
6.720274345938068716e-01
6.694366146559816988e-01
6.677451564130795214e-01
6.691899313631783919e-01
6.628526733084669775e-01
6.618397823429813531e-01
6.569953663889400719e-01
6.590960075385126071e-01
6.561312951699326268e-01
6.522394024114159805e-01
6.507739469659689080e-01
6.696568343098185938e-01
6.761833159577377295e-01
6.707502030296197404e-01
6.657867529433431075e-01
6.599207096934990302e-01
6.577841460987834399e-01
6.617851711391187219e-01
6.760560382633028498e-01
6.742816194625840254e-01
6.737117689212257510e-01
6.743953028750451217e-01
6.723136406060170600e-01
6.737263786790560482e-01
6.720592998757386471e-01
6.670457363727245736e-01
6.594543171399609438e-01
6.592665957901306939e-01
6.586910731623653037e-01
6.764628730825491543e-01
6.761092014983357545e-01
6.806949655220166928e-01
6.746027286986905347e-01
6.963825807430239490e-01
6.733218393004941627e-01
6.690747678276622867e-01
6.656204385309971716e-01
6.587533008478457797e-01
6.586568163761327144e-01
6.563818735494804102e-01
1.051758049252389027e+00
6.530201159718600490e-01
6.531204667034697930e-01
6.508459300555922145e-01
6.535753683402372172e-01
6.507202811947215837e-01
6.513782408609469776e-01
6.531498537483115818e-01
6.572250028505913777e-01
6.534353447335652376e-01
6.505184501972430811e-01
6.555808588049301111e-01
6.554024451786950589e-01
6.539608281534317058e-01
6.543663768199484698e-01
6.542401726665358908e-01
6.547649666695063431e-01
6.570984799492340933e-01
6.558573526171573853e-01
6.547281616313502806e-01
6.543333514212537061e-01
6.524386637339862904e-01
6.511895098180809915e-01
6.517187311015003592e-01
6.504878354489914694e-01
6.490741052943516110e-01
6.524409358943696891e-01
6.535053955749214882e-01
6.535826405195396260e-01
6.530553369246293594e-01
6.556035534399751175e-01
6.567904916284286188e-01
6.495540824364289811e-01
6.519118095758236198e-01
6.484284878531473284e-01
6.500553276513943990e-01
6.435068158718137976e-01
6.516057723424795167e-01
6.519298168554988893e-01
6.513295647912774600e-01
6.522502529036597885e-01
6.538997805890208737e-01
6.519959776337815871e-01
6.489623149222318865e-01
6.495788122390863117e-01
6.480722578271866929e-01
6.460498425903953290e-01
6.440662547639426361e-01
6.443786796057873190e-01
6.439646335871608285e-01
6.451301054642920585e-01
6.438865266279285571e-01
6.392725473574161210e-01
6.368983045441010127e-01
6.372405050067159182e-01
6.374162534457463725e-01
6.374426908091881394e-01
6.314197243612826860e-01
6.314698456246203850e-01
6.302814098426785527e-01
6.303421152940569261e-01
6.269232265278690264e-01
6.306726419484967039e-01
6.162471199939210109e-01
6.155190319283185829e-01
6.133107079724082755e-01
6.127451890378128319e-01
6.140743991563877291e-01
6.377206677004815250e-01
6.304815538128453190e-01
6.300796922851800153e-01
6.285967624334736215e-01
6.279636444311051946e-01
6.273285032928690441e-01
6.224566537754417928e-01
6.472319615936779069e-01
6.374172993595237369e-01
6.381461807245901730e-01
6.421714193113997604e-01
6.355961040869089196e-01
6.353586821463254042e-01
6.294716303304537242e-01
6.274360949519578456e-01
6.514282779692216474e-01
6.533954765794113273e-01
6.519686161730203766e-01
6.522655093886757793e-01
6.385580211015352559e-01
6.376952816365917265e-01
6.362804542562816579e-01
6.343147761072988056e-01
6.422642015159959472e-01
6.276101100550615097e-01
6.282188254315634879e-01
6.269171424181940733e-01
6.250700179978714299e-01
6.522787775686633704e-01
6.518949287689393968e-01
6.401325548467617921e-01
6.389727683267714120e-01
7.378935439548324204e-01
6.328836473898431514e-01
6.539249579574342164e-01
6.540134235651929862e-01
6.586131926667193603e-01
6.577912899375716327e-01
6.602018670670972700e-01
6.571788907513589351e-01
6.582123621288132886e-01
6.569118668312515785e-01
6.582185281726895543e-01
6.527167258556774154e-01
6.724201055868512800e-01
6.622903106024942144e-01
6.590178454399633345e-01
6.573607757549139174e-01
6.592839067675307918e-01
6.612088500568779059e-01
6.599223292835698640e-01
6.577505519960764602e-01
6.781357216194087156e-01
6.746043800715361138e-01
6.733835893985297139e-01
6.762880706749243576e-01
6.842251674165451547e-01
7.246434956978442532e-01
7.237349327022398748e-01
7.251813316963910960e-01
7.225164166396855769e-01
6.935183715085115885e-01
6.816887428242599523e-01
6.869691917705236239e-01
6.837794278924955726e-01
6.834904917144919434e-01
6.855256940583973613e-01
6.856305853878461587e-01
6.855579448499097284e-01
6.868292879176188803e-01
6.865406122764318164e-01
6.777827473055243468e-01
6.777735217806325485e-01
6.736656298979335489e-01
6.755081616100205855e-01
6.737640043234747189e-01
6.695333951991305765e-01
6.607547737452261760e-01
6.605429118641361619e-01
6.605524151569828195e-01
6.619550519089575369e-01
6.582052782674410185e-01
6.571768620903473135e-01
6.578988601149752258e-01
6.565631676638350456e-01
6.638876127708833730e-01
6.572174927956253576e-01
6.574506302035346694e-01
6.670106126213295461e-01
6.633941885624526913e-01
6.611079691106662715e-01
6.571908824973939911e-01
6.569832051457876743e-01
6.577362958552384065e-01
6.823944875899032869e-01
6.752044197973310347e-01
6.758794639047953634e-01
6.688644040871205565e-01
7.095460576961245547e-01
6.822738205056650962e-01
6.827525000302723246e-01
6.831062229522614215e-01
6.975214470319728299e-01
7.042062015987758938e-01
6.990575429949805741e-01
6.972895783605558284e-01
6.953961439067994910e-01
6.973369908772495407e-01
6.963706175377861740e-01
6.983731058207566234e-01
6.862996236344303114e-01
6.906097649079119272e-01
6.965581440666822610e-01
6.968124146162245625e-01
6.973659049835188029e-01
6.958276002734335997e-01
6.962028510584944430e-01
7.098246299848415264e-01
7.100363904500869294e-01
7.076552008887410095e-01
7.104523796805158886e-01
7.113633568140325103e-01
6.947174354074349134e-01
6.963602805605826340e-01
7.256177503116898464e-01
7.236994454449013903e-01
7.231633634360272733e-01
7.148475529232377612e-01
7.134038925838788181e-01
7.132781408545124657e-01
7.102897627667205116e-01
7.131711419459694223e-01
6.969473042800159446e-01
6.953229594859411389e-01
6.944715339198952453e-01
6.940028202565894366e-01
7.243127119936758618e-01
7.240293025436153052e-01
7.126658555208429391e-01
7.141420024420170876e-01
7.131989470097230832e-01
7.128202342822616000e-01
7.105575606426423052e-01
6.940027743313984532e-01
6.946679265628716848e-01
6.932308967963907165e-01
6.945563985058262890e-01
7.240678417377899301e-01
7.257455897126563471e-01
7.243739514916376354e-01
7.168226505397503612e-01
7.155339677080393423e-01
7.143161416101651007e-01
7.180441451989911794e-01
6.940574890372938066e-01
6.937239765418098392e-01
7.541677441663648951e-01
7.405244598578138993e-01
7.279124150400499982e-01
7.257541420350539507e-01
7.264840800328331571e-01
7.178870816494391516e-01
7.183658023271676241e-01
7.102449154017437261e-01
7.138500907289753172e-01
6.944501875551989389e-01
6.932294047868421405e-01
7.395963118090095323e-01
7.400146551953502572e-01
7.300875090252231248e-01
7.244030695681410448e-01
7.251754824844627301e-01
7.167170315552475746e-01
7.149319121043600234e-01
7.156752162291902808e-01
7.083687412437493780e-01
7.127920390180121357e-01
7.088109017445051174e-01
7.418406047367039902e-01
7.419515142231086768e-01
7.322089240944583688e-01
7.255991131979788733e-01
7.243489342657583041e-01
7.214454243044005066e-01
7.150809008131211453e-01
7.150135093412863796e-01
7.058282422558638247e-01
7.083666801762938947e-01
7.112260318158196704e-01
7.093881662439310842e-01
7.120783919381143967e-01
7.091968653958389268e-01
7.092119058788376451e-01
7.109559456707945646e-01
7.262353037755355789e-01
7.232389246221005985e-01
7.161742095934252594e-01
7.119125391872418440e-01
7.117520055399486623e-01
7.138147197920952092e-01
7.082435100240307424e-01
7.094427824122847559e-01
7.107765930545614230e-01
7.123931817155919610e-01
7.245813630642627956e-01
7.263162431954640619e-01
7.147199018767205203e-01
7.149551202947602713e-01
7.110364198226383214e-01
7.105591204342314171e-01
7.118074647334414751e-01
7.123644138429742201e-01
7.116209368964969695e-01
7.373453389078810094e-01
7.120164631383444354e-01
7.134705799233580503e-01
6.987416253676498323e-01
6.942602780302944421e-01
6.962994348079103446e-01
6.967491206399879511e-01
7.122209200226840009e-01
7.123779228471154301e-01
7.129545675129215221e-01
7.099095277853066932e-01
7.133711245499130271e-01
7.418334949492063624e-01
7.445848531719450047e-01
7.817294279841814353e-01
7.754326780002397390e-01
7.959320751888461221e-01
7.974444962826975347e-01
7.947595649846290744e-01
7.974270246573530452e-01
7.969121848802663832e-01
8.047223668846299471e-01
7.951411410817079695e-01
7.884904237839468477e-01
7.876876919607364025e-01
7.830652077564519420e-01
7.819616313833535060e-01
7.785206193169702527e-01
7.612141910959957514e-01
7.430139169583739323e-01
7.434261895837074308e-01
7.435193414025254022e-01
7.438921075090410007e-01
7.435495254588734282e-01
7.393918805565965480e-01
7.215253131963088595e-01
7.088657525803757631e-01
7.090522385477838752e-01
7.105505295600380578e-01
7.159485656513300267e-01
7.099617520053074227e-01
7.075656366457309110e-01
7.056080604420018609e-01
7.050917049550181614e-01
7.043841391157052989e-01
7.045141334291016300e-01
7.035657260377831124e-01
7.035348431895482868e-01
7.030924569800408586e-01
7.073100763644185607e-01
7.042725846071788975e-01
7.026616217943577603e-01
7.061724099353912099e-01
7.059151037473964108e-01
7.034714239926600499e-01
7.041006141961713150e-01
7.035631283688084103e-01
7.433567811985793972e-01
7.228611411082390692e-01
7.135839650700016579e-01
7.141472965170780896e-01
7.143729781234655629e-01
7.122905492268446492e-01
7.104567194725024404e-01
7.082377188704602755e-01
7.054001285090936157e-01
7.057563516055902486e-01
7.065725464786690724e-01
7.057512536348763410e-01
7.051975719241976304e-01
7.058923478121847950e-01
7.057312641714764689e-01
7.059490462366795338e-01
9.304173634875536614e-01
7.078191780805934696e-01
7.046395673120008363e-01
7.054784332619581377e-01
7.050709506767961487e-01
7.040526263889973491e-01
7.018380977238644070e-01
7.011580453742971564e-01
6.991233940882446429e-01
6.996773571113150680e-01
6.990905006836114488e-01
6.993748679583946526e-01
6.989224036945407281e-01
6.950947473742092875e-01
6.961798322197100264e-01
6.974237804719600753e-01
6.967673334482633596e-01
6.968577735090586422e-01
7.051997941966061667e-01
7.026039327281764502e-01
6.986934196094783944e-01
6.989135129121177847e-01
6.992390803423360612e-01
7.054497221732995982e-01
6.973771823131340586e-01
6.971862032761813044e-01
6.964154094037616760e-01
6.979593198543471155e-01
6.984825807696013467e-01
6.973112870855902035e-01
6.943011325273997780e-01
6.867889540486812328e-01
6.845878147701291994e-01
7.008678124861075220e-01
7.006794708773380620e-01
7.004309143724978259e-01
6.953424667679045656e-01
6.916137036062434129e-01
6.928168201372681967e-01
6.923947763631790320e-01
6.938553186100279158e-01
6.841621622746266729e-01
7.038585623813701231e-01
6.999735464480820735e-01
6.996690671846818033e-01
7.000715764986643608e-01
6.998602295984341914e-01
6.953144004251038401e-01
6.938216246926683928e-01
6.935187733186609638e-01
6.939578788940877763e-01
6.920739073722326218e-01
6.864077125070588981e-01
6.839474069801282363e-01
6.781842988108126580e-01
6.832942428010317926e-01
6.790264563621029037e-01
6.812893447096524113e-01
6.790816775885311074e-01
6.769508765661473859e-01
6.779374532550168642e-01
6.779148370644949573e-01
6.781763905571730477e-01
6.795520556525789235e-01
6.778669828306486123e-01
7.286309499355878572e-01
6.727921222203201435e-01
6.728767453373389884e-01
6.784438606138272210e-01
6.791197785412698140e-01
6.784009355442062184e-01
6.788778351131706801e-01
6.789585182222430682e-01
6.957980584101985944e-01
6.950211113155375653e-01
6.838834406433319524e-01
7.034879444875179466e-01
7.034007908547674770e-01
7.038352163015046958e-01
7.025732049551394187e-01
6.991660378388863117e-01
6.991934895129515715e-01
6.972018868680932568e-01
6.984714286531591432e-01
6.978574087312785501e-01
6.945681546611106594e-01
6.869679693620950323e-01
6.841782653846997242e-01
6.836664110827472829e-01
6.774183107577480545e-01
6.779308704345722303e-01
6.782981977295687859e-01
6.781660431255888133e-01
6.778387795310855113e-01
6.770715490508494305e-01
6.779170786675045024e-01
6.735815149304855698e-01
6.731579385754478118e-01
6.730531917038866663e-01
6.743397431997352198e-01
6.724924907360921855e-01
6.801584691768998159e-01
7.022600638320959376e-01
7.043382204372232724e-01
7.003671275076864822e-01
7.011356903588900069e-01
6.975943551435193068e-01
6.969098793585175589e-01
6.934293323744509241e-01
6.840547985665036412e-01
6.825730532897246183e-01
6.779880973086565010e-01
6.784660581384631683e-01
6.804691739649756377e-01
7.018307086505937153e-01
7.001576205849753265e-01
7.109610508715276112e-01
7.146874193948701270e-01
7.134994087205650537e-01
7.112413624723462613e-01
7.141106520823540249e-01
7.132475951475537590e-01
7.133084974683021606e-01
7.125152709456528122e-01
7.158738113457497887e-01
7.123381285169196886e-01
7.123259033879117963e-01
7.079751401816245515e-01
7.080951297717729132e-01
7.072688334185091019e-01
7.068425608125064041e-01
7.069140406283735967e-01
7.071031819195547907e-01
7.063249166669982593e-01
7.050654738317873038e-01
7.038494095160797714e-01
7.051122713080686388e-01
7.046003906786824089e-01
7.045963261273568978e-01
7.083169587873778816e-01
7.074901976142657922e-01
7.081647956107141040e-01
7.050084565110323886e-01
7.074739060454450224e-01
7.064153952494182098e-01
7.050373623810582968e-01
7.169099508776097807e-01
7.032560473974318604e-01
7.030958527688804249e-01
7.024533019576396642e-01
7.024240490245672319e-01
7.033803413523052050e-01
7.026632428096613037e-01
7.025858433617260257e-01
7.104656061052525562e-01
7.029701823229204116e-01
7.034704198947510090e-01
7.034724382720860536e-01
7.010855013692676163e-01
7.017262418026476434e-01
7.018560003070197784e-01
7.073380961981297066e-01
7.040548332040783563e-01
7.006735348167297817e-01
7.009707414489637634e-01
7.018546301066935778e-01
7.009097335274085960e-01
6.976035633185325713e-01
6.960737870417472717e-01
6.972935597794245322e-01
6.984668062344806527e-01
6.986987418862043997e-01
6.974666273744182243e-01
6.978646725245378768e-01
6.989833541570854569e-01
6.967120463256608609e-01
6.940118026961463737e-01
6.806026643475688864e-01
6.769233875323998895e-01
6.773486942120119370e-01
6.772990400516121223e-01
6.747261934713314480e-01
6.752529355290197710e-01
6.751659913739131991e-01
6.725497237618578428e-01
6.725369236248678328e-01
6.519861240366157107e-01
6.509181359857862947e-01
6.504593568694215788e-01
6.468104154083986757e-01
6.465678677823031295e-01
6.468283012949039845e-01
6.372974220400260403e-01
6.374728230950916785e-01
6.366825366147591536e-01
6.366712579824618246e-01
6.356451483688467796e-01
6.353983673932501741e-01
6.351572140291171786e-01
6.356187999817121126e-01
6.293825409314661723e-01
6.306750255470550126e-01
6.318790855636780002e-01
6.203926809317444890e-01
6.123536603216711560e-01
6.126623874534490310e-01
6.122629343361417620e-01
6.099280544999505782e-01
6.342529759366815068e-01
6.330995270792647567e-01
6.341179126084744988e-01
6.317245509968434369e-01
6.332361698017282547e-01
6.462454272312249115e-01
6.467908426943843603e-01
6.446356677022442305e-01
6.385992443674000096e-01
6.385220511046229008e-01
6.383341374322251127e-01
6.319511072240699967e-01
6.328005979338430231e-01
6.331401111033286844e-01
6.320770686927501547e-01
6.316479100036677119e-01
6.317081342665541444e-01
6.310413200898769004e-01
6.311553885041868428e-01
6.319235973782122429e-01
7.051303525324876809e-01
6.311433971977112867e-01
6.321500234591653777e-01
6.328539283242978764e-01
6.300306294296453835e-01
6.322793503270611737e-01
6.326439971515582794e-01
6.415969024904903950e-01
6.305674403477832257e-01
6.317957245781506970e-01
6.315952032664500226e-01
6.311090285352380924e-01
6.318641838928479304e-01
6.313888109458845044e-01
6.306113134895753314e-01
6.296095995093593523e-01
6.274149774972335170e-01
6.316321039258980807e-01
6.317957887256531180e-01
6.316342861555094279e-01
6.317688086507950995e-01
6.324488170094888506e-01
6.333872807964098239e-01
6.338523659905481722e-01
6.324743506980160523e-01
6.272128538082051286e-01
6.273085368876223367e-01
6.251681526599706107e-01
6.249653717005210218e-01
6.286519613157659503e-01
6.242785060598399216e-01
6.248512370832439711e-01
6.261660842979654973e-01
6.252660610012137354e-01
6.324642480287809843e-01
6.337505543206158887e-01
6.267257686915326254e-01
6.256307050836062977e-01
6.250467122477287862e-01
6.356652061062983972e-01
6.356030371211948138e-01
6.333367502829805318e-01
6.329114253189331851e-01
6.335603324690459726e-01
6.341114100768002748e-01
6.371150157846037221e-01
6.370984488862125872e-01
6.248487951636602089e-01
6.264088306666268924e-01
6.241108873287923853e-01
6.244174877866170981e-01
6.237644850788878204e-01
6.240660171617794516e-01
6.242951103753567876e-01
6.244746586698366464e-01
6.221146175711076420e-01
6.121905285786264361e-01
6.130395315863064187e-01
6.232328632964116988e-01
6.116690789546543883e-01
6.120104209889865032e-01
6.118126063728481778e-01
6.114621885798227074e-01
6.116754186792388026e-01
6.075811749252461036e-01
6.041807331140611748e-01
6.052285075924999092e-01
6.026201082565241229e-01
6.040254906165162252e-01
6.128640826238447303e-01
6.105338626587597517e-01
6.300705601285586654e-01
6.272543445047655819e-01
6.567953459716062703e-01
6.438984726420988736e-01
6.822685215569317396e-01
6.841624194656631408e-01
6.827411124099049822e-01
6.823702988956198423e-01
6.825110491473639351e-01
6.847022909908906385e-01
6.824721128917801138e-01
6.803085253225382711e-01
6.630668973403883726e-01
6.569898014199202496e-01
6.444969840657420734e-01
6.393907171662449596e-01
6.662225630464486681e-01
6.662958714264127780e-01
6.656719331641558490e-01
6.664857314542342870e-01
6.656344326175792636e-01
6.649148615047636435e-01
6.760012985856642675e-01
6.617317941353251243e-01
6.432865708256275683e-01
6.654817518163304024e-01
6.649080965883797933e-01
6.836499105681598243e-01
6.831663649904370361e-01
6.823177190858212837e-01
6.830246539752106161e-01
7.013294320461310738e-01
6.940564321346340826e-01
7.110958153546912408e-01
7.035172018483171197e-01
7.036803981754152781e-01
7.027361655277272190e-01
7.034152893690424069e-01
7.044538228658288048e-01
7.029401314156701330e-01
7.030920949850540946e-01
7.032801910804397094e-01
6.974135531043067493e-01
6.959599016884308043e-01
6.927270836182750635e-01
6.914478986862142573e-01
6.814085707279711190e-01
6.817874759335380563e-01
6.807728509608911294e-01
6.809304258225455930e-01
6.810914898925239935e-01
6.811747225210809109e-01
6.811992859468681827e-01
6.794196329020948388e-01
6.692385272481503611e-01
6.694245189115446415e-01
6.681156091203848124e-01
6.661877393605256659e-01
6.689127275597952504e-01
6.680333847832623517e-01
6.689213918171394990e-01
6.654135057577014178e-01
6.580388113919141135e-01
6.583921191950214968e-01
6.567028135682650980e-01
6.567114914829779160e-01
6.588009609856517734e-01
6.560797596916057017e-01
6.579529539844120034e-01
6.564535442549581656e-01
6.580093793841339522e-01
6.426912438278146178e-01
6.364805823973139765e-01
6.340498861854904078e-01
6.324981771581376089e-01
6.276274479774671677e-01
6.256472089739726350e-01
6.260435204611510818e-01
6.133414920676033555e-01
6.148565543893429464e-01
6.136242580665308699e-01
6.128586183411952604e-01
6.072825753563642071e-01
6.063419689493776410e-01
6.069202357719925001e-01
6.087838543447602335e-01
6.068718001422657160e-01
6.060075640250385254e-01
6.069797389494443474e-01
6.062383938267337236e-01
6.083000983122149874e-01
6.059432190888227598e-01
6.022033856885401493e-01
6.021455064473328900e-01
5.934240496573029988e-01
5.940463536684026380e-01
5.877372074707165606e-01
5.883393361143733902e-01
5.819909389713189274e-01
6.063096232629341387e-01
6.067679021165759412e-01
6.062250166993210510e-01
6.065244502502595836e-01
6.026783700284752410e-01
6.007597476955067739e-01
5.938208636104836957e-01
5.936454394783041710e-01
5.895269332242429883e-01
5.894176807938765750e-01
5.816721177629238237e-01
5.739824264214745675e-01
5.752864602945328976e-01
5.711312319131691684e-01
5.687063226816784223e-01
5.686105785686175196e-01
5.702024279869091217e-01
5.649845798844376210e-01
5.645089242444305544e-01
5.645099687284782508e-01
5.635297467136175520e-01
5.611534096579088304e-01
5.488930437658472439e-01
5.491756795284337134e-01
5.480834085842576364e-01
5.483983634527176410e-01
5.484452721493194849e-01
5.482116528652150045e-01
5.480358215093611429e-01
5.475539484892111286e-01
5.481334129385465603e-01
5.451455492528685109e-01
5.596410963853696297e-01
5.588423025961667401e-01
5.496516558028026189e-01
5.492523063190998256e-01
5.488457809979255808e-01
5.490086274108544329e-01
5.477744672100655077e-01
5.468789343686921711e-01
5.651082653797835365e-01
5.647338396488175150e-01
5.642992979961656275e-01
5.922847167096632059e-01
5.904512937640282733e-01
5.889711037039386810e-01
5.820065996603617231e-01
5.901848056265466269e-01
5.891368925233066989e-01
5.896064651541724766e-01
5.907679813078123843e-01
5.895579896610166903e-01
5.928679874354751966e-01
5.890165638429873951e-01
5.884098578758836240e-01
5.914143347602424106e-01
5.898922315588314147e-01
5.894885274691163968e-01
5.895221280009393938e-01
6.034681166864431789e-01
6.031160021562511631e-01
6.048776059301315122e-01
6.028943175999393889e-01
6.031964255972894762e-01
6.030100507998389370e-01
6.023520538970206228e-01
5.913625340571067035e-01
5.890591986521084289e-01
5.913408504309117797e-01
5.894259617898350845e-01
5.889329232042801454e-01
5.895850744054383918e-01
5.895964767982049271e-01
5.922682415661938427e-01
5.900187897567938933e-01
5.867854609627634055e-01
5.827057798113756126e-01
5.805158740942831797e-01
5.803488775511241871e-01
5.805278119148286065e-01
5.803919150114503767e-01
5.800888670099093591e-01
5.803489860076102014e-01
5.803488873969242512e-01
5.808393437504297818e-01
5.778008610151834645e-01
5.771946830219889524e-01
5.777691420541968270e-01
5.779843056339120100e-01
5.821507869569877425e-01
5.817592710422503366e-01
5.816879498526451586e-01
5.826548056654794472e-01
5.822380021040820530e-01
5.823761463820005257e-01
5.821008448988255202e-01
5.928348929820299595e-01
5.927243444589700427e-01
5.990894503174479802e-01
5.981640587208040261e-01
5.986525198516194912e-01
5.987871738297416702e-01
5.944470691431796849e-01
5.931596916484702664e-01
5.928799413973953047e-01
5.938001438910902596e-01
6.072194817682637913e-01
6.024602828775322827e-01
6.002159010178509391e-01
6.111727172951650910e-01
6.000211201272129813e-01
6.010563501754053739e-01
6.008967198873014226e-01
5.931728350071041600e-01
6.175411602350525664e-01
6.054320839842857183e-01
6.057446950262096452e-01
6.058400753942227990e-01
6.023931089140246442e-01
6.015768243207690880e-01
6.010305259913971687e-01
6.013024192144977853e-01
6.012107903852095259e-01
6.009637667220436574e-01
5.930495748642570231e-01
5.927351756227019486e-01
5.920266474691286973e-01
5.918709020358470241e-01
5.919281913840197529e-01
6.046739417428990127e-01
6.362828363563574063e-01
6.398701965125755953e-01
6.362436893506330238e-01
6.358000811107509254e-01
6.361701927991383343e-01
6.360222805255228984e-01
6.355926299734770968e-01
6.419807940867824358e-01
6.362717354111698809e-01
6.431302363494530994e-01
6.429999964372135057e-01
6.434392344900842220e-01
6.524210916325791088e-01
6.540303547466186362e-01
6.432630590155701267e-01
6.428088637642962455e-01
6.428831833950630070e-01
6.433353276269574428e-01
6.432971142132994924e-01
6.430435421506265348e-01
6.433223627810693568e-01
6.450432403572909923e-01
6.428616986058809379e-01
6.425045005643266194e-01
6.423546271872813129e-01
6.422209166450192352e-01
6.415591422314053105e-01
6.432234763589479432e-01
6.436526379028422173e-01
6.424126997245894755e-01
6.432271867368284379e-01
6.430520191781385897e-01
6.433740577293316498e-01
6.528945367477148043e-01
6.506137813702407291e-01
6.518472703872060237e-01
6.571794521668768985e-01
6.748203261370604444e-01
6.745913327377802693e-01
6.763912463452148582e-01
7.055274981813970392e-01
6.742330710028763274e-01
6.746744974996929933e-01
6.736926146057019560e-01
6.623401925993019912e-01
6.573879797837689498e-01
6.567056754541220620e-01
6.887838210351536761e-01
6.753134351142003888e-01
6.769759315541324929e-01
6.749957767172226619e-01
6.745481464882631117e-01
6.741860915577624347e-01
7.006977131295386574e-01
7.006637297332324321e-01
7.012384429459030954e-01
7.012843316061325716e-01
7.012720146522227749e-01
6.893640250833490413e-01
6.749865860623539549e-01
6.735464232165664367e-01
6.744870470377319904e-01
6.741129187685538371e-01
6.743165309189258494e-01
6.737966883060261258e-01
6.619498543523536505e-01
6.558915575981923984e-01
6.560867487102965967e-01
6.559038459227327644e-01
6.517257387132553426e-01
6.503869586866828367e-01
6.506505313563306636e-01
6.507381730933364805e-01
6.506615716857423459e-01
6.506237245664371338e-01
6.503753697332104178e-01
6.513220445002219083e-01
6.505548116461423724e-01
6.513733438632051120e-01
6.472763227959019705e-01
6.480151816871009274e-01
6.488985490270794410e-01
6.455420354245994252e-01
6.460578331652252482e-01
6.455019343599659454e-01
6.456888490882061182e-01
6.456020911429387610e-01
6.403235651952872143e-01
6.400114416677764595e-01
6.403886740510400521e-01
6.490877873277596244e-01
6.487398009949131295e-01
6.577519819055928085e-01
6.562023637412819355e-01
6.524072477407635295e-01
6.522291353237057443e-01
6.518553769086035121e-01
6.522997496824478603e-01
6.510554271088416778e-01
6.522592663798409962e-01
6.521635078582166400e-01
6.487271955942768287e-01
6.484483193280137225e-01
6.472042439107227318e-01
6.457724557172764834e-01
6.453559059283310306e-01
6.450398449727751116e-01
6.460057970882439049e-01
6.410141365040761263e-01
6.412282664987646319e-01
6.412592186784478177e-01
6.410590275849923358e-01
6.417277572334215696e-01
6.414737224845062924e-01
6.414879020543488020e-01
6.414220655526243764e-01
6.409143607031173584e-01
6.418867977710306372e-01
6.390728220374395363e-01
6.373472470600245465e-01
6.413717552262301336e-01
6.417204882986243808e-01
6.396384395948995216e-01
6.409711419552769351e-01
6.409449076492628183e-01
6.410536120610568211e-01
6.425108159399708363e-01
6.411089246159180632e-01
6.413245142466029725e-01
6.362975756065999411e-01
6.366334511437961030e-01
6.226516098210835848e-01
6.217455387369876796e-01
6.291612147271874456e-01
6.416502313787333378e-01
6.414968618310382675e-01
6.405068117219595569e-01
6.413994306850014926e-01
6.410959266616280683e-01
6.408431688514832913e-01
6.398014301384916669e-01
6.389821218559791349e-01
6.390942724841901512e-01
6.388475634820891536e-01
6.392354319422917097e-01
6.398750123032516113e-01
6.392960725011812562e-01
6.394367658424395806e-01
6.400716018954595299e-01
6.395493559955354179e-01
6.342334297163025880e-01
6.335038713700702484e-01
6.304391295025322250e-01
6.306941146304074763e-01
6.298601868651292346e-01
6.392076078471015110e-01
6.393807760562575382e-01
6.409047395402243108e-01
6.402805630540679971e-01
6.384386183485107891e-01
6.398736052565554555e-01
6.332843339116267511e-01
6.305500900558047572e-01
6.292921585532593731e-01
6.302190387523705084e-01
6.299376437928335681e-01
6.306242933573257270e-01
6.306636475826175037e-01
6.304117143038564519e-01
6.296689579096764744e-01
6.201867027588012782e-01
6.220725870290741977e-01
6.202735847218814325e-01
5.991062435402987330e-01
5.961352532769818025e-01
5.885914881298494050e-01
5.875299447140714948e-01
5.833221888907540453e-01
5.775915486578389046e-01
5.772910346903160628e-01
5.775572212304163067e-01
5.772911237578397525e-01
5.751905439456672653e-01
6.191399903329766197e-01
6.092612915218760250e-01
5.973262339429795675e-01
5.876358748724850312e-01
5.880589392452277853e-01
5.829409720198753808e-01
5.780621111251844635e-01
5.784864057347698374e-01
5.776498756080666874e-01
5.779960131853066896e-01
5.750092140972168364e-01
5.752296527988721708e-01
5.758248310494984423e-01
5.735739659380055810e-01
7.587089551702179691e-01
5.760459658217870205e-01
5.749436076962824993e-01
5.720339233015635516e-01
5.771327919503208559e-01
5.775677448234475264e-01
5.773835783110330411e-01
5.762860488226447808e-01
6.191821568644150231e-01
6.187070586357852342e-01
6.183852376721089561e-01
6.308724570047229419e-01
6.197416292355080181e-01
6.384164427829237543e-01
6.381754641407866302e-01
6.380502405965877699e-01
6.315124865946663002e-01
6.314156312340261090e-01
6.315595630905594948e-01
6.314659784987617375e-01
6.311647360182875977e-01
6.292017750835019463e-01
6.420365688148532701e-01
6.384687053814184221e-01
6.378768989203345008e-01
6.376687509010108279e-01
6.380065275469585240e-01
6.321574187313019344e-01
6.308116188839461014e-01
6.315486795426852318e-01
6.305973418557109245e-01
6.323044210208023097e-01
6.284471675081975128e-01
6.405067274982740866e-01
6.369941880442749893e-01
6.372959514341635101e-01
6.733066273077110697e-01
6.725916950202128763e-01
6.612372401348700635e-01
6.557197988891005913e-01
6.490016833882881198e-01
6.431263919976358823e-01
6.421816591036423327e-01
6.406626755991998712e-01
6.409168695757530010e-01
6.370347889472314229e-01
6.367886690863505672e-01
6.370385566273071287e-01
6.742122022269985138e-01
6.605999127573145557e-01
6.536094503581049153e-01
6.467144789046881392e-01
6.456461363742191928e-01
6.436342900488685181e-01
6.419648841273113415e-01
6.415508611341216305e-01
6.388616903388864010e-01
6.391650901068102186e-01
6.392125144764742029e-01
6.308082687649909648e-01
6.297792384172040681e-01
6.299949670699753757e-01
6.298867536880610185e-01
6.199955393757463629e-01
6.197683034577849970e-01
6.193894525403886853e-01
6.182454802562353802e-01
6.184273263156768730e-01
6.187265234206317244e-01
6.128233401280882564e-01
6.138539325808418656e-01
6.137858904259153592e-01
6.129249367373788004e-01
6.144395275101043330e-01
6.132293091752794023e-01
6.150977293396506784e-01
6.151871157084669584e-01
6.152118985487219360e-01
6.150184436034646929e-01
6.077201364448199250e-01
6.078779241266908384e-01
6.073992597235978730e-01
6.078677577003451793e-01
6.073881610237144013e-01
5.957609443518392389e-01
5.953178298257968404e-01
5.953116077030862208e-01
5.946947117841410169e-01
5.947466062546928889e-01
5.951736925922848087e-01
5.951559381788141811e-01
5.953226308778230003e-01
5.949450763076149507e-01
6.061165710352164337e-01
6.147495110316444356e-01
6.146803864341541246e-01
6.152243889605554239e-01
6.147841643725875382e-01
6.130041392260038302e-01
6.132064366422003143e-01
6.227977207452951580e-01
6.063594451745708547e-01
6.057812249103902147e-01
6.069292610900365315e-01
6.070881881738223740e-01
6.066823331933460794e-01
5.963732000970420888e-01
5.952628244526312340e-01
6.130822963747002419e-01
6.132333125940987451e-01
6.145725751331718723e-01
6.145748998399367391e-01
6.078760861257782588e-01
6.063392031334042809e-01
6.059466281277523514e-01
6.050279782392901096e-01
6.173937267423099673e-01
6.154491357510952776e-01
6.134890980562680562e-01
6.132410632854544685e-01
6.147047332544263165e-01
6.151664009746991013e-01
6.157624275743474040e-01
6.068585066667057104e-01
6.051699077807068949e-01
6.077099194984291186e-01
6.064270999380492189e-01
5.962394545760757447e-01
5.955479980155071740e-01
5.957653113775216447e-01
5.956456886865963973e-01
5.964162816795357536e-01
5.958644187633059808e-01
5.939926198723587403e-01
5.770197131237548849e-01
5.763108520737414420e-01
5.732991660672814849e-01
5.719840977697447926e-01
5.726129963006447721e-01
5.719318310079857248e-01
5.962563402127500911e-01
5.954393330879003132e-01
5.957085471781707886e-01
5.951591574953607466e-01
5.953347779740654211e-01
5.761408499614890655e-01
5.764336000247592962e-01
5.732960619840001826e-01
5.721473522727572592e-01
5.715980771424932216e-01
5.720942181927411996e-01
5.721056019045041019e-01
5.710768348383068460e-01
5.683090467443099314e-01
5.656256466938386351e-01
5.610885412956490015e-01
5.543406949780280701e-01
5.547064956468412689e-01
5.542055655630800937e-01
5.544250584119561065e-01
5.545940618098132990e-01
5.546234148131369279e-01
5.545814111573335037e-01
5.547657393203213605e-01
5.529919942835481717e-01
5.514548569285726565e-01
5.515931930344795120e-01
5.469518359855052303e-01
5.459974407135151919e-01
5.538384746729693164e-01
5.774235100003572985e-01
6.102880342115444279e-01
6.098319464086076058e-01
6.099690986207316756e-01
6.098717004082468973e-01
6.100373965622998274e-01
6.092507667009100514e-01
6.234210371742023860e-01
6.229143910932513073e-01
6.222112885882519207e-01
6.419537090144254998e-01
6.418819470697909590e-01
6.567796857202340410e-01
6.585611393154572335e-01
6.568497834355905285e-01
6.555081614303102100e-01
6.642630044765288622e-01
6.651119428220586549e-01
6.642923171107490976e-01
6.788146270897813528e-01
6.791141292100589810e-01
6.769096988392137026e-01
6.771060549703324938e-01
6.808481754147496234e-01
6.815143960766038012e-01
6.816178962925475426e-01
6.812387564522485173e-01
6.799838529924786545e-01
6.897532884258443797e-01
6.841590052157419111e-01
6.851630699662200064e-01
6.822606651253386723e-01
6.827551466276208236e-01
6.808057138200259706e-01
6.823186687710588449e-01
6.822907833903435471e-01
6.818308320291414093e-01
6.822143027853849739e-01
6.819446728016288484e-01
6.818095250885980452e-01
6.785853233382418415e-01
6.755659961192939100e-01
6.756226388237130953e-01
6.625534224834340735e-01
6.624143979822505468e-01
6.618180466992747979e-01
6.626563013038577754e-01
6.627904755645237511e-01
6.626053800788374026e-01
6.623925030183478446e-01
6.626700412701967968e-01
6.588250006142031268e-01
6.564630984945697412e-01
6.570706570887240305e-01
6.569304397362886183e-01
6.527008366808353390e-01
6.409202542054234231e-01
6.425073912314954727e-01
6.417455924794922550e-01
6.445672565007883881e-01
6.231608342141290446e-01
6.227046429924414372e-01
6.227157944006600498e-01
6.227734104152264916e-01
6.291572110729199974e-01
6.203257677217726140e-01
6.183073773538950713e-01
6.093643551600764763e-01
6.090330616083341475e-01
6.093626093351833806e-01
6.086408586101583751e-01
6.099179362651194758e-01
6.047941650627453036e-01
6.007370021133693339e-01
5.895215562105421414e-01
5.892453188366084671e-01
5.768251902344159188e-01
5.728630274136499168e-01
5.715069853799472632e-01
5.611225989890469279e-01
6.120230829025818942e-01
6.091084173488117148e-01
6.104765091008933497e-01
6.099534876912297010e-01
6.062245843486290253e-01
5.882772135888627574e-01
5.890869752675119697e-01
6.235436114219239379e-01
6.217109392320466776e-01
6.191763564879870785e-01
6.116459501829009104e-01
6.111002106792570165e-01
6.114730600216743417e-01
6.115381470979763812e-01
6.111614905670779141e-01
6.106962758625188448e-01
6.119919855495967731e-01
6.107127549797332078e-01
6.115422864709573192e-01
6.120413424198127839e-01
6.093349222165167500e-01
6.105279511420412808e-01
6.108631654064683447e-01
6.102483527168525157e-01
6.118746910578591880e-01
6.121212721821257530e-01
6.117870289308711129e-01
6.430968668187826420e-01
6.285005973969040038e-01
6.247296321648539985e-01
6.245785835683383969e-01
6.624063789330046914e-01
6.605807330121384879e-01
6.628324160730529879e-01
6.604134498200360248e-01
6.599855185363698862e-01
6.608633396595038345e-01
6.443932775452050343e-01
6.458152137996642228e-01
6.273858387262241099e-01
6.252762913263674172e-01
6.217730090882727101e-01
6.205784499814817057e-01
6.124546489451379028e-01
6.121045658412836987e-01
6.126655753195483500e-01
6.087315475126083841e-01
6.076692642510760356e-01
6.082250389399687096e-01
6.449556620438745558e-01
6.391563350956871448e-01
6.261342717299278604e-01
6.247454453487664150e-01
6.196942727950915941e-01
6.123346631900443704e-01
6.131709837987568967e-01
6.124734049843538752e-01
6.081889134436657685e-01
6.090588188960341931e-01
6.087223202423950319e-01
6.091371926304829376e-01
6.078983481686818235e-01
6.083795917021984634e-01
6.082993682600177365e-01
6.210495253660868187e-01
6.157615594858277808e-01
6.123724705846402827e-01
6.131242699087693371e-01
6.086906670713382317e-01
6.085483919799186125e-01
6.084212008176311803e-01
6.085417564646979915e-01
6.080528257723922803e-01
6.081114061858499120e-01
6.081842582050200896e-01
5.880066974462174745e-01
6.195777145995207125e-01
6.126987353087609556e-01
6.122167283333574961e-01
6.097526606168049979e-01
6.100229272771734434e-01
6.106745672065290176e-01
6.100346480696058338e-01
6.095725531900424432e-01
6.100397641878394506e-01
5.872256591247581037e-01
5.718896629628366091e-01
5.663246082567539030e-01
5.657754528982598119e-01
6.119186881313281035e-01
6.120653313667603346e-01
6.110456532473379498e-01
6.104119607766511635e-01
6.088227958214387225e-01
6.089970904865809054e-01
6.091326347206436065e-01
6.478217991820971466e-01
6.416708388225812465e-01
6.258181905690001212e-01
6.208698119451409037e-01
6.131856811024157805e-01
6.136601063436322168e-01
6.090652909786691271e-01
6.089812513007544226e-01
6.091738389890837269e-01
6.098266068613001911e-01
5.880705221065845034e-01
5.699752927667166569e-01
5.721620657148853706e-01
5.744513720675219481e-01
5.720055056615584999e-01
5.722848639712214691e-01
5.724151946583551087e-01
5.723046698906161245e-01
6.062807990318478391e-01
6.065171417285210032e-01
6.059979842067594324e-01
6.060906313316778427e-01
5.732390722463243105e-01
5.731080145938224346e-01
5.750290156853690160e-01
5.736582463430968115e-01
5.730781431507647738e-01
5.733300848669210525e-01
5.732764020980531949e-01
5.728743849670843158e-01
6.091727985411884427e-01
6.087334499704294410e-01
6.684246613794403435e-01
6.681048484031257839e-01
6.614387903537318758e-01
6.601688135574048655e-01
6.456507969949230041e-01
6.258727736300152555e-01
6.145319468919194783e-01
6.789583022543155266e-01
6.704645883521420657e-01
7.111410409641302222e-01
7.096805181757027681e-01
7.114401146299516032e-01
7.111078811667965738e-01
7.120659442710423059e-01
6.919845459039324354e-01
6.906237099799461543e-01
6.793166376898007730e-01
7.132439838026747303e-01
7.130123513438413330e-01
7.324376837099333404e-01
7.336280174908306195e-01
7.322363018992134043e-01
7.308921831801430402e-01
7.317532578425136602e-01
7.189885218653500054e-01
7.139733693288775607e-01
7.143154775496878273e-01
7.141503449478514565e-01
7.155766967704551007e-01
7.133949332976575741e-01
7.129620050423736144e-01
7.109620363549937760e-01
7.100557979441197709e-01
7.103555748038156148e-01
7.105836128576389354e-01
6.958026337950574680e-01
7.127871426747174333e-01
7.152148688333105353e-01
7.125848666189594782e-01
7.124426137083307298e-01
7.123872274479527977e-01
7.363826827466788405e-01
7.340239363845982856e-01
7.349721023400681563e-01
7.315867750481235277e-01
7.302966939679018665e-01
7.303804090181771347e-01
7.128613954645038886e-01
7.140470609141694736e-01
7.130928038225684551e-01
7.138400152224605444e-01
7.122097952641377461e-01
7.111881009545121257e-01
7.114376318590751591e-01
7.105963925646036072e-01
6.947885459988474288e-01
6.962946879803717515e-01
6.941932932435076475e-01
6.933856317433537697e-01
6.960200227951173213e-01
6.945234188094269179e-01
6.957026231433710572e-01
6.934542435466827248e-01
6.910350068776119903e-01
6.806373810575166994e-01
6.804472530566005872e-01
6.797835613735283555e-01
6.797951976905501903e-01
6.799943383994306867e-01
6.797277940964571163e-01
6.796781267503211321e-01
6.785156104002256772e-01
6.777500535817029270e-01
6.679647898288243457e-01
6.676237067887925702e-01
6.677879536548876338e-01
6.678993666453674205e-01
6.672120907808122281e-01
6.674805337549920559e-01
6.677182189495035614e-01
6.909954422588047152e-01
6.666764123857178426e-01
6.668249760470944532e-01
6.669573272263049635e-01
6.656482984809196646e-01
6.671619836071677190e-01
6.641216078097056386e-01
6.636931642242561713e-01
6.643912135487708426e-01
6.641970173784079723e-01
6.640067574986566745e-01
6.662494170264582349e-01
6.665166614321210714e-01
6.662298935895496488e-01
6.662315275015308069e-01
6.659719521204789938e-01
6.663151403556196728e-01
6.644346426978294806e-01
6.648260522256510541e-01
6.640413582368928092e-01
6.644421619652655098e-01
6.647734476995420527e-01
6.638844331643822816e-01
6.639121010492897712e-01
6.564559727871989159e-01
6.563974887522038282e-01
6.570752099285938064e-01
6.659765113382923873e-01
6.643916712889351706e-01
6.642555489148118664e-01
6.645800899957100549e-01
6.637555398214171065e-01
6.646811291140150013e-01
6.656842355504012376e-01
6.669800770682010604e-01
6.657350750553370222e-01
6.650022786025051591e-01
6.758264255991464076e-01
6.758913474259797827e-01
6.757055980951331975e-01
6.757228694538808256e-01
6.674030838685552913e-01
6.675427764123065266e-01
6.645720156464752781e-01
6.662635206929268250e-01
6.656515129038355072e-01
6.655907104248046657e-01
6.655792912211571100e-01
6.652145099568255171e-01
6.642505049867504230e-01
6.634132328960709035e-01
6.756911456262205684e-01
6.743548015919876848e-01
6.673833092234329190e-01
6.653225737584651522e-01
6.650733794554812839e-01
6.642882585191339784e-01
6.986755689957332427e-01
6.987980270642651925e-01
6.761096044744844269e-01
6.761661676511552255e-01
6.755633223478734184e-01
6.753459669184367353e-01
6.743712700045328967e-01
6.682353881291281938e-01
6.639492957052285371e-01
6.646481220136577495e-01
6.664181260384801631e-01
6.647846073456982197e-01
6.643377675176312946e-01
6.934467000772759349e-01
6.757684826797073496e-01
6.753423225325041468e-01
6.753861767516120551e-01
6.746663497225404704e-01
6.669563094587116492e-01
6.656176483237639108e-01
6.646603015136773873e-01
6.648596750289093027e-01
6.649039888769358031e-01
6.664211864810146713e-01
6.650963046740165918e-01
6.635780010477662083e-01
6.638470573093064875e-01
6.624492063444864520e-01
6.573430174163831241e-01
6.567004755504636249e-01
6.568317859212529086e-01
6.795884608074866939e-01
6.565704328536444701e-01
6.513503469071393326e-01
6.519842933147229624e-01
6.505165330883939667e-01
6.508841141305825584e-01
6.642523682375479632e-01
6.636507354280206661e-01
6.569045643672226653e-01
6.569724499756427472e-01
6.576835975674525381e-01
6.569793507585869330e-01
6.574440622603893170e-01
6.505487827309237581e-01
6.504960234014229847e-01
6.504688089478847246e-01
6.509943947562800703e-01
6.510497022967791647e-01
6.511922671497285542e-01
6.509199639552106786e-01
6.509760652696281458e-01
6.407222207401137570e-01
6.395917545797822346e-01
6.405706049445626382e-01
6.572822176833675867e-01
6.507741692941154676e-01
6.506793621575286402e-01
6.507292202611897336e-01
6.510182678614203633e-01
6.508599766357634486e-01
6.508863660829776743e-01
6.518135982183401733e-01
6.407940861421586032e-01
6.405918487311459408e-01
6.420404099253095298e-01
6.402404119133664473e-01
6.403812188625963575e-01
6.323039536698750185e-01
6.334622147202402243e-01
6.324883769231810504e-01
6.356317554610536602e-01
6.334432648773420382e-01
6.339857663744208338e-01
6.301958132803421320e-01
6.298355940727620172e-01
6.297430639890769788e-01
6.213962076582425498e-01
6.212329110087106976e-01
6.216752324705751009e-01
6.213060642977769055e-01
6.337030403796792832e-01
6.338723698418717856e-01
6.338819552462003903e-01
6.340866832148182031e-01
6.309868182260131020e-01
6.305931834673281777e-01
6.302677031121507456e-01
6.216201562332888120e-01
6.217995876771511554e-01
6.209345257089322612e-01
6.219206154158636313e-01
6.177176290508348266e-01
6.128780564426211663e-01
6.113409500646348471e-01
6.113057939482438030e-01
6.096908795381719148e-01
5.821282967820491372e-01
5.823091106490276836e-01
5.778575964886393246e-01
5.769024971498875054e-01
5.713977584070148996e-01
5.717872012511118207e-01
6.214782921062318444e-01
6.115307836664439778e-01
6.112394190379393244e-01
6.115943909158794156e-01
6.090928672218256512e-01
5.822742007986801971e-01
5.781405055536437132e-01
5.758824123797755545e-01
5.735577803126434837e-01
5.716709764618002065e-01
5.717992824617763592e-01
5.718327360909631896e-01
5.718673806938580073e-01
5.712961340549397304e-01
5.706566259681582487e-01
5.693278304246690569e-01
5.640124332673949192e-01
5.623936758199666874e-01
5.625723282219414756e-01
5.623376240425254080e-01
5.719792342958043285e-01
5.718182915665279697e-01
5.709150954887556306e-01
6.218497480319005177e-01
6.224383621644463682e-01
6.127492740600348764e-01
6.127792825501905405e-01
6.099655981366831625e-01
5.820155657208472277e-01
5.831265238620358948e-01
5.805931508037696087e-01
5.795379575237131764e-01
5.797164893658089957e-01
5.805518623156962210e-01
5.809527797983911057e-01
5.799230783564734981e-01
5.805288893525313298e-01
5.809713732845273038e-01
5.806982043480373168e-01
5.806287313575203557e-01
5.764232879526767217e-01
5.726271732826058170e-01
5.721868450273527307e-01
5.725727363511862178e-01
5.702670371999940535e-01
5.700871795979725043e-01
5.648964633522569612e-01
5.623036039399778030e-01
5.625509736718095066e-01
5.624232514529965421e-01
5.623686570838108967e-01
5.623951683690961989e-01
5.625180209021179989e-01
5.625857982543301938e-01
5.552135186518168952e-01
5.551988063415714825e-01
5.547320604651670983e-01
5.548748538371951478e-01
5.545243495633707109e-01
5.551079291983210817e-01
5.622961094367437962e-01
5.627626964998422299e-01
5.623904579882921251e-01
5.627420351831964318e-01
5.646416347784086742e-01
5.549018390847522131e-01
5.549132618064714917e-01
5.703767840547694368e-01
5.704282466943755292e-01
5.697855786364137698e-01
5.794015244141488274e-01
5.800803241232350693e-01
5.792662858548778271e-01
5.800264921740772017e-01
5.783787069981315421e-01
5.768978822056103350e-01
5.711378212920952269e-01
5.713780609902459062e-01
5.705784075495852203e-01
5.704861484619119238e-01
5.644502513283100598e-01
5.628212742634162158e-01
5.624220767427491330e-01
5.625695727811275137e-01
5.789160746563222215e-01
5.801551655476951952e-01
5.796081575397831198e-01
5.722781784497799062e-01
5.708284682176720803e-01
5.705204670518639887e-01
5.704387353743980427e-01
5.662918797273577276e-01
5.663762363425322022e-01
5.666722628915719095e-01
5.669257528724407358e-01
5.672206563618316100e-01
5.667104010531593961e-01
5.666828098796388158e-01
5.664266379967951570e-01
5.711557831202550561e-01
5.711452870580759900e-01
5.706927995356725347e-01
5.659404913104679746e-01
5.657211544775625489e-01
5.656559664764744255e-01
5.661875214869769302e-01
5.669644725695784926e-01
5.663780768569175450e-01
5.668715925253514643e-01
5.797131654379501509e-01
5.734515232425376752e-01
5.718106665478156492e-01
5.704639928406376459e-01
5.670225040844306674e-01
5.665053794003510612e-01
5.671150195091986257e-01
5.665177120934221655e-01
5.801648896652231713e-01
5.797118697919402264e-01
5.810768596540190067e-01
5.791638410777623092e-01
5.763857742000274564e-01
5.716267589064059074e-01
5.704130991071958423e-01
5.663113500456939953e-01
5.664932636802044730e-01
5.667934430436740723e-01
5.664363037569347670e-01
5.665451326158585932e-01
5.791990679828344923e-01
5.796942219333612867e-01
5.810382297207059565e-01
5.883545283596729458e-01
5.886714916883025728e-01
5.889705001884731894e-01
5.881158358969806876e-01
5.885654528353724269e-01
5.887788545603367396e-01
5.882301737290840382e-01
5.819366472322266004e-01
5.882521981869525129e-01
5.816250701843215243e-01
5.806716306503934000e-01
5.896197721486065024e-01
5.888690140767796066e-01
5.888405497411550726e-01
5.889339317956456821e-01
5.882186258893232766e-01
5.892832384813325719e-01
6.131247850604899519e-01
6.131287424915313755e-01
6.138388843685629315e-01
6.126916752201412297e-01
6.257953276718744018e-01
6.262378032330717659e-01
6.250432075661985776e-01
6.256965002376138063e-01
6.255109499435069775e-01
6.191542834165369991e-01
6.133276972668796345e-01
6.124967242415646496e-01
6.262218562001148348e-01
6.256232753332668928e-01
6.247832204734447004e-01
6.254613631418803887e-01
6.249600490306794764e-01
6.242721876349643928e-01
6.247219099544220056e-01
6.210761494750111078e-01
6.419824946698381440e-01
6.894729561182371125e-01
6.891458733681512516e-01
6.897812055832522882e-01
6.902137069386027335e-01
6.889159511654209256e-01
6.884593641379893603e-01
6.764649575536542114e-01
6.643225957575499274e-01
6.563799981466125200e-01
6.506461936122790446e-01
6.326369627526928774e-01
6.246997879255591357e-01
6.243371666535513231e-01
6.243134089315667268e-01
6.247759182331319439e-01
6.240878593051732981e-01
6.237149603914224905e-01
6.246824417130882878e-01
6.247513465036536040e-01
6.157126289792218543e-01
6.118912611298810145e-01
6.115267974163148823e-01
6.103763687697152385e-01
5.930193278060913453e-01
5.924584844563776098e-01
5.921227708609512197e-01
5.922646649485365788e-01
5.920108869468010404e-01
6.242343463826516281e-01
6.240348394304362500e-01
6.161871994215664117e-01
6.102738975226225104e-01
6.114670163626050314e-01
6.114911702523053716e-01
5.928158917607507794e-01
5.916460992316799894e-01
5.918071087315222023e-01
5.917335399274601393e-01
6.001337597582061534e-01
6.004515201169728922e-01
6.010275612423384706e-01
6.011363197947798831e-01
6.006463765801021149e-01
6.001146380913635614e-01
6.015072887856511841e-01
5.910621183962734282e-01
6.017230981370706999e-01
6.304669693104434369e-01
6.244033937091587605e-01
6.244180962869266827e-01
6.243532892518895983e-01
6.243243411398223808e-01
6.256844428863372887e-01
6.158475419593030242e-01
6.112720570660807873e-01
6.109843465447067912e-01
6.005897470820037443e-01
6.003274732613814724e-01
6.001482266686901657e-01
6.006362624153681606e-01
6.007104186710658933e-01
6.008945855623681886e-01
6.008622086140654739e-01
6.008685952084680260e-01
6.005672719382966207e-01
5.912032399776467884e-01
5.920523011421430226e-01
5.916246609680925195e-01
5.880328090877366964e-01
6.000980522819298058e-01
6.378115164647139013e-01
6.377350012737517115e-01
6.246942355742449715e-01
6.248533347763228774e-01
6.399152869057327386e-01
6.395838915779566980e-01
6.394825897120047786e-01
6.395513259856904220e-01
6.889358857775010891e-01
6.886250817475297881e-01
6.882406064193303807e-01
6.907030484960208216e-01
6.892266215781045480e-01
6.665124479307233951e-01
6.503800454831004663e-01
6.378534699155211651e-01
6.385010122088362605e-01
6.371894925570973367e-01
6.898059939512775074e-01
7.257400565696122685e-01
6.932674431951459937e-01
6.892372194826060783e-01
6.891198022041434834e-01
6.892187663351475591e-01
6.659110972247278548e-01
6.433844396809581534e-01
6.394671056226882699e-01
6.384271347874654889e-01
6.381633645826731982e-01
6.393813056968564723e-01
6.390599070634288559e-01
6.390305304674922526e-01
6.313729531688931917e-01
6.270208054006155551e-01
6.254465910318331989e-01
6.870048414277902804e-01
6.582011590255314459e-01
6.375563575998983712e-01
6.358753638672662856e-01
6.375407878221315272e-01
6.375128387203922165e-01
6.378791506336081163e-01
6.379673769481892798e-01
6.320317420089155425e-01
6.323350795143717340e-01
6.333340627455439353e-01
6.319926332047576256e-01
6.520410848758467770e-01
6.417606637033261840e-01
6.358858345889876196e-01
6.360430796486908900e-01
6.366173954948921576e-01
6.361333592854703234e-01
6.519069799907175611e-01
6.516674854930599725e-01
6.520140789834295569e-01
6.896249738189930145e-01
6.880264108155116354e-01
6.882947275793968034e-01
6.642490530557459971e-01
6.595831810441301624e-01
6.595669015947989156e-01
6.598711319787082807e-01
6.593695071332521529e-01
6.596683795654751936e-01
6.837685494946212916e-01
6.584376384306258601e-01
6.583945993921612727e-01
6.587968824720883410e-01
6.590651602536216069e-01
6.537158888163221437e-01
6.537078249984714651e-01
6.535203720615450074e-01
6.532623431571105144e-01
6.581520614434632765e-01
6.865591480333590457e-01
6.905092413821105612e-01
6.876780354787007665e-01
6.894236343593886929e-01
6.883365769890334995e-01
6.908021932246285468e-01
6.909348560499881664e-01
6.910215252588318702e-01
6.909516453264272773e-01
6.907641960705842576e-01
6.906287076513225598e-01
6.897121914497665873e-01
6.916781161033352943e-01
6.915508635934829451e-01
6.923379249081224041e-01
6.916147716698468617e-01
6.910907409725737249e-01
6.910667333326757644e-01
6.915090914137433931e-01
6.903083081249316022e-01
6.925667813108959958e-01
6.895245560573455279e-01
6.896751068824322761e-01
6.877709833483489632e-01
6.889969276701437551e-01
6.880633534312788901e-01
6.886079104930815653e-01
6.879219358681087915e-01
6.875994720040716768e-01
6.874871006611913415e-01
6.882269349526487501e-01
6.885173287433303813e-01
6.881671604844309398e-01
6.881970833566272150e-01
6.882805828408491422e-01
6.685678639349983410e-01
6.589059862302346637e-01
6.586834788941889895e-01
6.580004377503269053e-01
6.582615397030726623e-01
6.582897786697116116e-01
6.580556837598993125e-01
6.544108419143748190e-01
6.548522545569336328e-01
6.548274580594996008e-01
6.545098524977999155e-01
6.546283168311257672e-01
6.443631660956967711e-01
6.420300773605626121e-01
6.431782188133288169e-01
6.428998887105514815e-01
6.416215091351215039e-01
6.595999210574168270e-01
6.866181193242546499e-01
6.879281293686911880e-01
6.873755594267114688e-01
6.877352543879746705e-01
6.870366759995074624e-01
6.869730169741707915e-01
6.586542640891694944e-01
6.861985525651844720e-01
6.863489899677606143e-01
6.864794673667065084e-01
6.864174374913930565e-01
6.868071780378253166e-01
6.862088549771014900e-01
6.857392945391773686e-01
6.869599827087992105e-01
6.868740113951480319e-01
6.610033030545247046e-01
6.612598506075186844e-01
6.611701752160548118e-01
6.872315190454565403e-01
6.860943701049568855e-01
6.861028921132810154e-01
6.869215171242956108e-01
6.870360201956375867e-01
6.869130682414249511e-01
6.871375763457397978e-01
6.871760637710283559e-01
6.617002321901668260e-01
6.609769182489521056e-01
6.611010924051404780e-01
6.608380184535060931e-01
6.610218168922606941e-01
6.610289906311254127e-01
6.612294774143141485e-01
6.614233708105761167e-01
6.616461683724469411e-01
6.867704319618000985e-01
6.861474217294221134e-01
6.612741798006702698e-01
6.618473577609775838e-01
6.609201702524467592e-01
6.784447734285979914e-01
6.786362349788273018e-01
6.787930196803950711e-01
6.784851632655767295e-01
6.787631142237102733e-01
6.781807755059165999e-01
6.870703718226776058e-01
6.867723340577538416e-01
6.875003494563656226e-01
6.784002965880523428e-01
6.788840682863107601e-01
6.788959304167496711e-01
6.788392703042601672e-01
6.863552148799041408e-01
6.916023267623955251e-01
6.907265722553955767e-01
6.913801853817264087e-01
6.911702448427669010e-01
7.022413103477604945e-01
7.001672231496818277e-01
7.003871233322469525e-01
7.008327324740235564e-01
6.930351595059920378e-01
6.919511617882385668e-01
6.924994263136122763e-01
6.906492387248635012e-01
7.029876080638589597e-01
7.031136127637555022e-01
7.347254692149676192e-01
7.349759838961488212e-01
7.340938719017816583e-01
7.328631606295299417e-01
7.277002816173518962e-01
7.278991951882470834e-01
7.279349786262986344e-01
7.028028715476936084e-01
7.033623606372221282e-01
7.037883107969690188e-01
7.037634131437175977e-01
7.049870477406127156e-01
7.005450752059688702e-01
6.995834940429073168e-01
7.007420616464079544e-01
6.918448321926153888e-01
8.729820172401915324e-01
7.264857068535954809e-01
7.252710680797134213e-01
7.054673551954995236e-01
7.052981275841154751e-01
7.333827623499262760e-01
7.341198195545011185e-01
7.432601071947374516e-01
7.431119849048836157e-01
7.592054053660466373e-01
7.601647180147275140e-01
7.599288634400268583e-01
7.589724138348628024e-01
7.557974834041815138e-01
7.562599107884522276e-01
7.753899777329170684e-01
7.755186343866236065e-01
7.755374564165838924e-01
7.755394413003696696e-01
7.749071195723318262e-01
7.585339940693203165e-01
7.604738874267885640e-01
7.585699674947503635e-01
7.586194392883531812e-01
7.557486106499088363e-01
7.753803955573239648e-01
7.751976770409945150e-01
7.754451529879737848e-01
7.748451816120143221e-01
7.749950932609586118e-01
7.790702518334881033e-01
7.788825318491487959e-01
7.876063083875448623e-01
7.875446375051727843e-01
7.990052828478042546e-01
7.982377461771930083e-01
7.975719422900441335e-01
7.974264217515124598e-01
7.980141896285526393e-01
7.921138193267487360e-01
7.870685419768551627e-01
7.847100378830713652e-01
7.847051556430520991e-01
7.847161696700416522e-01
7.845870268611797593e-01
7.861908595733330118e-01
7.873347522113007813e-01
7.825071548588262704e-01
7.803350839691005625e-01
7.797720235486655938e-01
7.789581537184998572e-01
7.789064696807385113e-01
7.834882910228848640e-01
7.749738397888630281e-01
7.751496926426907352e-01
7.885031477140129752e-01
8.965279721908223642e-01
7.853105694367024103e-01
7.811498316592220270e-01
7.785863293478745284e-01
7.791852088269238807e-01
7.788605050528034646e-01
7.798060882265649418e-01
7.783727205083971201e-01
7.836479893431795851e-01
7.852626148820150975e-01
7.835209754811264249e-01
7.962411980847736714e-01
7.964166239559830052e-01
7.957175384055565903e-01
7.968527550589590280e-01
7.961618432543496882e-01
7.965926231733713170e-01
7.968770174213651858e-01
7.852670235802591270e-01
7.858099635858790677e-01
7.846001496392379648e-01
8.011022151165232419e-01
7.964142307079103977e-01
7.959141048258961959e-01
7.963792445469063397e-01
7.958863935576077075e-01
7.961524113349054410e-01
7.961209911285922480e-01
7.982810056682645428e-01
7.987063249487308392e-01
7.979059938792657514e-01
7.962468887283805641e-01
7.964948555904973748e-01
7.963837301550477088e-01
7.965824867412971688e-01
7.959160509240806869e-01
7.966373395340520247e-01
7.968191774264651306e-01
7.963279582479018126e-01
7.841377529340707309e-01
7.885114932652836917e-01
7.837238637908410244e-01
7.856113589091459071e-01
7.855299461940600247e-01
7.812727626979347750e-01
7.813023184866407789e-01
7.807347380768689948e-01
7.748428502890091218e-01
7.751107165002408816e-01
7.736606793065597953e-01
7.745950220421965460e-01
7.598741364615536620e-01
7.600465545724200966e-01
7.547394127076951786e-01
7.432310306068967698e-01
7.427064189255929705e-01
7.334121923294929513e-01
7.325985471186958753e-01
7.315696948731618132e-01
7.317350199388030774e-01
7.226986639769404919e-01
7.091668929503787133e-01
7.089195856037676657e-01
7.093786421353242000e-01
7.088594590142307528e-01
7.093687103528965032e-01
7.089231364040956551e-01
7.093764963608812923e-01
7.062100950440277636e-01
7.056393926653967696e-01
7.675522163176295987e-01
7.054336139996317812e-01
7.057050928525980815e-01
7.056049695003336897e-01
7.052044332744162869e-01
7.035294901638489140e-01
7.037126888214542131e-01
7.035909946757576972e-01
7.035934920212666421e-01
7.035685042039157011e-01
7.020179705081999177e-01
6.978646538349894124e-01
6.979585201392057847e-01
6.980247798454753960e-01
6.976502082822362283e-01
6.987194492103924182e-01
6.987229138434488673e-01
6.903003545453572087e-01
6.887437857740268399e-01
6.888460059779082378e-01
6.778458923197054897e-01
6.770377295634149029e-01
6.779152027323542828e-01
6.769243547210359591e-01
6.751582740604350485e-01
6.604567385426994841e-01
6.606031717608527032e-01
7.128408154842678091e-01
6.569244859786470547e-01
6.568922033508133307e-01
6.564163770725700564e-01
6.569804757639909898e-01
6.570881437158276883e-01
6.567002140157678358e-01
6.573634065498774603e-01
6.573409764522957222e-01
6.538631065564005640e-01
6.545218048017042989e-01
6.483788923489043343e-01
6.437146045889037271e-01
6.572884981440088037e-01
6.568830271071052218e-01
6.571520342936515435e-01
6.572639487206859421e-01
6.573814833402289448e-01
6.568522683906076187e-01
6.653396463641154668e-01
6.679394299161294235e-01
6.648680232460618678e-01
6.754658482597515334e-01
6.651741134863395910e-01
6.654009003913565756e-01
6.656003069347464773e-01
6.653733695866033138e-01
6.655241350683220869e-01
6.659315095244542348e-01
6.660296242904424346e-01
6.669277368602326561e-01
6.659985654579985148e-01
6.600182182638629769e-01
6.582149191362615115e-01
6.589882539192675193e-01
6.582100160842283554e-01
6.581266974833248629e-01
6.577927141730077754e-01
6.580401740356245366e-01
6.573499586166748898e-01
6.555287403967055004e-01
6.558471716478490032e-01
6.558281740419380501e-01
6.553917181184618634e-01
6.560623641050756794e-01
6.559145562535498852e-01
6.556720645038240924e-01
6.561730187809153847e-01
6.560456749345044969e-01
6.525832125262764905e-01
6.575022740749667527e-01
6.559625363070684667e-01
6.560490051545155854e-01
6.560603788808421211e-01
6.614357939942101527e-01
6.618754185387483169e-01
6.600403372375407418e-01
6.597930688486350892e-01
6.567362143451103140e-01
6.565438481858695274e-01
6.564044947540903507e-01
6.571763239889284458e-01
6.612274293726199126e-01
6.622915290369040253e-01
6.618746327896759540e-01
6.618858643070097969e-01
6.617858885700004246e-01
6.602571621949510083e-01
6.574065880893360525e-01
6.575674906532936737e-01
6.571154309106654878e-01
6.575532417481989578e-01
6.556045477172611768e-01
6.552625536383275273e-01
6.553489273626762479e-01
6.555341859598067256e-01
6.555187719319790496e-01
6.552414399237882492e-01
6.557356463245589406e-01
6.551308539373743578e-01
6.475011321805874687e-01
6.427989372878410990e-01
6.403047978774670801e-01
6.200574411082500070e-01
6.192768319372349284e-01
6.563451138839392351e-01
6.552630023093655165e-01
6.551029437480659912e-01
6.557991836756590365e-01
6.557788837290801087e-01
6.555982762823409082e-01
6.592362915506465582e-01
6.582954517232827429e-01
6.582915473786654648e-01
6.588771858073583232e-01
6.552915863701542776e-01
6.606114345722443604e-01
6.617786538220641335e-01
6.613662035318960131e-01
6.613377573257117614e-01
6.612550054245238673e-01
6.607793171416500577e-01
6.597773129130402037e-01
6.575871157590769123e-01
6.578271686777853455e-01
6.594062653375414307e-01
6.556769798021226947e-01
6.557635716722642893e-01
6.559748368497857474e-01
6.554860551679602132e-01
6.558753940572362717e-01
6.558667944685446782e-01
6.560320671385879709e-01
6.558189397168436852e-01
6.558146372474230601e-01
6.552567757776437407e-01
6.575407917838929084e-01
6.651752800093881923e-01
6.653026995488138251e-01
6.609269002048620001e-01
6.616104636787050186e-01
6.616593123752981809e-01
6.627095186796567727e-01
6.613144784566336032e-01
6.615250184766408026e-01
6.565820121727123926e-01
6.572440822911006508e-01
6.571916976432676805e-01
6.569257447139436046e-01
6.555310747172244934e-01
6.557093042779726932e-01
6.557281520588151835e-01
6.553516316308414247e-01
6.556549853620677881e-01
6.555072963676314979e-01
6.552242579474326645e-01
6.549920932277691898e-01
6.551597379744871219e-01
6.578484741500164601e-01
6.557258674607401305e-01
6.557337290091879156e-01
6.561862030706143711e-01
6.557820671090601738e-01
6.582408891595752376e-01
6.784578369391511821e-01
6.581242568768543855e-01
6.579641580088020358e-01
6.582137349177439312e-01
6.586306963588230978e-01
6.579123303409493140e-01
6.650848676845014795e-01
6.565619234160275930e-01
6.557446880908467390e-01
6.558815935480440951e-01
6.555156498735367210e-01
6.556242268644500992e-01
6.553003398020049719e-01
6.554626557037620538e-01
6.560078808391405225e-01
6.502765831338935820e-01
6.503524467470664927e-01
6.494042462636318014e-01
6.498734981115366072e-01
6.497490249591545419e-01
6.494413510706369408e-01
6.468284208267585100e-01
6.204584649183507716e-01
6.207150389887121644e-01
6.196713559287060358e-01
6.148205918953290050e-01
6.141778196931970690e-01
6.086941886315562211e-01
6.091978334488878932e-01
6.502039527030217814e-01
6.497654280031158747e-01
6.493839990703711429e-01
6.501121354022164622e-01
6.401866919576465476e-01
6.218180854382507894e-01
6.176320817300977595e-01
6.144474806669621980e-01
6.094168422308632316e-01
6.546800072697582795e-01
6.501244098980669683e-01
6.499110166891659546e-01
6.500200586781880174e-01
6.502017605442687032e-01
6.497875239631942801e-01
6.202991620749578328e-01
6.203473547089395357e-01
6.172595060851013837e-01
6.210920272083120253e-01
6.210302748278631046e-01
6.553447981888318452e-01
6.497512719679449100e-01
6.494777146299968162e-01
6.494708153077738411e-01
6.496173967297618201e-01
6.495998365462098967e-01
6.213328619200715330e-01
6.213363236198499173e-01
6.210423059057706974e-01
6.208754551914437148e-01
6.258590607309768572e-01
6.209663333405551766e-01
6.210753218906850393e-01
6.207966072662854939e-01
6.494160581567068879e-01
6.501790628638930425e-01
6.496473240210287603e-01
6.395359380961234130e-01
6.223219187550850240e-01
6.555026242643273715e-01
6.552940572679654130e-01
6.553132913612039756e-01
6.545014727684855815e-01
6.546639933949617296e-01
6.493512646763263119e-01
6.496003058366913718e-01
6.497727139337062807e-01
6.497309342057097092e-01
6.211558096425751074e-01
6.213910028111235828e-01
6.213250453857716016e-01
6.214831271546917835e-01
6.205305240061724792e-01
6.207578829021971334e-01
6.205499994985638201e-01
6.208807047810405155e-01
6.208603969381407683e-01
6.128405495380625512e-01
6.099175424378835420e-01
6.097229101504380022e-01
6.094842714741611767e-01
6.113319867259935370e-01
6.211982486107138213e-01
6.212069713535023352e-01
6.542635082071690533e-01
6.546065364125869257e-01
6.548309726102640171e-01
6.543517265908296299e-01
6.556656033966922204e-01
