2.991077692647222119e-01
2.829142984668457927e-01
3.124412579426141812e-01
2.741042489400583593e-01
2.745284615500032110e-01
2.823934614885655336e-01
2.756249493312804555e-01
2.795135856230778204e-01
3.367816581138795007e-01
2.922334451821022583e-01
3.012855458282651666e-01
2.899508881153248230e-01
2.949075080338088295e-01
2.951576506473940764e-01
3.092576133571492414e-01
2.904208642534042983e-01
2.818456161431207585e-01
2.869087040831193036e-01
2.774629039671245856e-01
2.786470554272774680e-01
2.832037017187921668e-01
2.909511495232779410e-01
2.905485310961537504e-01
2.891764450197568115e-01
2.841850730148167137e-01
2.833979553076217406e-01
2.981370347462994896e-01
2.853926657759912056e-01
2.793478983068793386e-01
2.820067505202452640e-01
2.808072553283261774e-01
2.806558811979330548e-01
2.846658928715840586e-01
2.974254819350517498e-01
2.886774820916149231e-01
2.930431832277551329e-01
3.081269086115749900e-01
3.708859923977469442e-01
2.932202806467473222e-01
6.296365070846641210e-01
2.872234537537440291e-01
2.901000100415667693e-01
2.895750111887545053e-01
2.893841896214355836e-01
2.915542499977816226e-01
2.966229871453974765e-01
3.211707361199354072e-01
3.311595875225198382e-01
3.193127877204982590e-01
3.217519481359123468e-01
3.081429674824497922e-01
3.160648911425572027e-01
3.330616241084755069e-01
3.407521150531033771e-01
3.328964313832189492e-01
3.370883717855897022e-01
3.469365290175553396e-01
3.487482423147084676e-01
3.338785329523455414e-01
3.281237313434893776e-01
3.338820243582917846e-01
3.242563606890845329e-01
3.224116997386831662e-01
3.240334994998534945e-01
3.285490236878677583e-01
3.239216286344556717e-01
3.225511226445859636e-01
3.364810265332607297e-01
3.628177318637237914e-01
3.630930865615656922e-01
3.643968748048951878e-01
3.539295195235173108e-01
6.162674426804189975e-01
5.178783134612480188e-01
3.512917794798809945e-01
3.675384959056303691e-01
3.611337801512994883e-01
3.568529572830772545e-01
3.477519876605656979e-01
3.527830336068776829e-01
3.590264956209022196e-01
3.571246768294066842e-01
3.713248476349264027e-01
3.868408102968510232e-01
3.780459266621155612e-01
3.886372050000730383e-01
3.841924742181554442e-01
4.156521885265304639e-01
4.263549331482285876e-01
4.167316516028771733e-01
4.166921755840337083e-01
4.134709547342897973e-01
4.100846279795049565e-01
4.142127156954865663e-01
4.373815309048850741e-01
4.173576659267200784e-01
4.249015575924164900e-01
4.460689725706531994e-01
4.102247344366103388e-01
4.051777129382488352e-01
4.139891189353927525e-01
4.080596962568656116e-01
4.081706341074197164e-01
3.987286297655942557e-01
3.963423458305618263e-01
3.953718594752961835e-01
3.919605740025738916e-01
3.932839683602171177e-01
3.864033690118592324e-01
3.927050120429503854e-01
4.278285197359195102e-01
4.328441999767764781e-01
4.106351568294248633e-01
3.953237943543892463e-01
4.131695063853032535e-01
3.984862463709464286e-01
3.924664841300785079e-01
4.135980083006805530e-01
4.174525989376424162e-01
4.053866366171040569e-01
4.038657260950913597e-01
3.944276835064154385e-01
4.005350191189820941e-01
4.009521300284292211e-01
3.976232630572455462e-01
3.952180153989077183e-01
3.776195676445841531e-01
3.791644432633393125e-01
3.906546197877273086e-01
4.056949254114793901e-01
4.274621372442894418e-01
4.218896057745018524e-01
4.039656400390663205e-01
3.993240390299779285e-01
3.903535202584564878e-01
3.865212640603928884e-01
3.849812544365869282e-01
3.813429397988118419e-01
3.889495733303003355e-01
4.073908842190039348e-01
3.834278527448063412e-01
3.782892066466457814e-01
3.881624221634850103e-01
3.948934202944433536e-01
4.193451431726863965e-01
3.876711167475843656e-01
3.833355119351065654e-01
3.823775080112184477e-01
4.148398648888620421e-01
4.125763829221013590e-01
4.075386529635861566e-01
4.069003396692485452e-01
5.980224203967503538e-01
4.765704491276155919e-01
4.859026429132586866e-01
5.133511602320732781e-01
5.450318297565652781e-01
5.080943694533404109e-01
4.177471964415225281e-01
4.255083493069969913e-01
4.260111415175661387e-01
4.254491860930044167e-01
4.191895399412857159e-01
4.240071223526684641e-01
4.298598103778938917e-01
4.244462047994310705e-01
4.273216932698010173e-01
4.241733288464563101e-01
4.256609913211523155e-01
4.271273309620702285e-01
4.228910059560033186e-01
4.227413849772709842e-01
4.116676311019517032e-01
4.195875752809495873e-01
4.361629417764809058e-01
4.195581189758805785e-01
4.219530806831675029e-01
4.149256429414618919e-01
4.075835719678873037e-01
4.102171890708868895e-01
4.204713900941119409e-01
4.084512468042270639e-01
4.170303012224768069e-01
4.269220418501340486e-01
4.232659734048946909e-01
4.194482180556359241e-01
4.148347942767801610e-01
4.193947312906541880e-01
4.231145291511076989e-01
4.392889574100563577e-01
4.340106485786683344e-01
4.250151473951924719e-01
4.230957362274995193e-01
4.163115959383187903e-01
4.194363738597025049e-01
4.539425640444246790e-01
4.145814936368202863e-01
4.301663711752641284e-01
4.227130438536014223e-01
4.317822009032941111e-01
4.101073853176462336e-01
4.086120086761094727e-01
3.964868387062674415e-01
4.081699571007011973e-01
4.009957223871034593e-01
4.088938185063659692e-01
4.194227709517254210e-01
4.006545401543619156e-01
4.128517539798575720e-01
3.952925668995790343e-01
3.940996614772884765e-01
3.952980339090523820e-01
4.215051028320158100e-01
4.098672893150234753e-01
4.050709755784204225e-01
4.027304393600840693e-01
4.169006105964552789e-01
4.044954628907266314e-01
3.877042352116395474e-01
3.977909783235686891e-01
3.985379796764250693e-01
3.958478246046488458e-01
3.907881448702064109e-01
3.949710079444513355e-01
3.879215941561658942e-01
3.884374252127407168e-01
3.811820992064952063e-01
3.835641082443303485e-01
3.789337268084665422e-01
3.782201691978513969e-01
3.813113956690449835e-01
3.807436716324880122e-01
3.779546752979733304e-01
3.734437242375492905e-01
3.727565116982097804e-01
3.707229119076196899e-01
3.789916503601274411e-01
3.915489992587461998e-01
4.192294822399902920e-01
4.237881783724299356e-01
4.593845028149028953e-01
4.844650625913679010e-01
5.234511637133161255e-01
5.241218054017457995e-01
5.317098597144118699e-01
5.392907673898017507e-01
5.326697236402904156e-01
5.372220116049881700e-01
5.542946304806981583e-01
5.418476417535680323e-01
5.261462438343221804e-01
5.412257825764072994e-01
5.324718622754121000e-01
5.195075609345106704e-01
5.136885670664114167e-01
5.196402550521622699e-01
5.073345656922110258e-01
4.870034487095069586e-01
4.813734040436048467e-01
4.921690608980071602e-01
5.087468546925207891e-01
4.912998581904340911e-01
4.858145591419706921e-01
4.727564193380866531e-01
4.827250328676627733e-01
4.812935869246878218e-01
4.788168285114305367e-01
4.792620420688812333e-01
4.656070908111778484e-01
4.745760106347652885e-01
4.673971968412716227e-01
4.660995865538948846e-01
4.626855788196729824e-01
4.648103898988303895e-01
4.653496134728943856e-01
4.590408654344066974e-01
4.577909721175105195e-01
4.547937876349254505e-01
5.918073454891483731e-01
5.205215470774647857e-01
5.417939263208223499e-01
4.834534956597663635e-01
5.053762259096540310e-01
4.886998345524085074e-01
4.666904278200120215e-01
4.695876902908510675e-01
4.752060852145232328e-01
4.624301306155849112e-01
4.688069803847487727e-01
4.646139826244277682e-01
4.690113106997018666e-01
4.542730108928819677e-01
4.632334709955391316e-01
4.641320482164856820e-01
4.588185986786201265e-01
4.622386839101481071e-01
4.555021139428196975e-01
4.641507296717235498e-01
4.668653328114589218e-01
4.613114124034255470e-01
4.644735511620503576e-01
4.637084362040369556e-01
4.577565285246331106e-01
4.592803271074710758e-01
4.500897661685070439e-01
4.471222175395599407e-01
4.500646164686253892e-01
4.435373485844374963e-01
4.417492885866094454e-01
4.332007255442181792e-01
4.421594695042446177e-01
4.416845946325932970e-01
4.376814719647216800e-01
4.302060918344611240e-01
4.313025732755736974e-01
4.399330798737443593e-01
4.147915705202807612e-01
4.220707198313751185e-01
4.145238411317028748e-01
4.082928778421108795e-01
4.203684887758204480e-01
4.159046265127999686e-01
4.171730199322057353e-01
4.201809463320279048e-01
4.199926245570294592e-01
4.278846656869724763e-01
4.333521303519076162e-01
4.291638580288931193e-01
4.222758901159326395e-01
4.246338094113841222e-01
4.221086796760388227e-01
4.279170207356485234e-01
4.198623124813604668e-01
4.210521511591917010e-01
4.279914378474838910e-01
4.241310676380039557e-01
4.287570223820036386e-01
4.255768217445939916e-01
4.243380447019277080e-01
4.372718178574525050e-01
4.330925483711837720e-01
4.474861775614747961e-01
4.442267694177761683e-01
4.450290482513781232e-01
4.400074768454933505e-01
4.483004587806449504e-01
4.475502657762061576e-01
4.463637229290408626e-01
4.421218966190073041e-01
4.469131975934572676e-01
4.415955020212979920e-01
4.381004442973165380e-01
4.405540045969049134e-01
4.394127104131080319e-01
4.359556262881733035e-01
4.440636311204693709e-01
4.492904403814029224e-01
4.392811315827977459e-01
4.490384590095791717e-01
4.362313745294844614e-01
4.191656977680003338e-01
4.148364273609352892e-01
4.172030829575208433e-01
4.205969061780726603e-01
4.362942429483102069e-01
4.300605734787270040e-01
4.157528083011481357e-01
4.002705665642124488e-01
4.115313837696923938e-01
3.997091978305540305e-01
4.051127049991536389e-01
3.959009832663857864e-01
3.978252027414331815e-01
3.901724586324533672e-01
4.030522960443173597e-01
3.921788973376537646e-01
3.920695246852289317e-01
3.912124013890529994e-01
3.962588939768009189e-01
3.983403650393258499e-01
4.018820090774793963e-01
3.948333814406130293e-01
3.949609023607897340e-01
3.953793736891234589e-01
3.959766138881564146e-01
3.947791051099243109e-01
6.420992971978819464e-01
4.115361058708242314e-01
3.906357489402535466e-01
4.032994100718663155e-01
3.947051037027918263e-01
3.958210801904974430e-01
4.091387546137029707e-01
3.911944422935907939e-01
3.955842089710285281e-01
3.896214549835773644e-01
3.878308482083301367e-01
3.881097253229122135e-01
3.940172236876631762e-01
4.006104901988195577e-01
3.998179470275208813e-01
3.986162920622018380e-01
3.960532005945014977e-01
4.118960775388417761e-01
4.534185291782819038e-01
4.347254182234689956e-01
4.559058020432550928e-01
4.570545945358467366e-01
4.790240537921410247e-01
4.845256655552142022e-01
5.039277840064174674e-01
4.971511133021460638e-01
4.896204545074220871e-01
4.823458173690066686e-01
5.107968560985279849e-01
5.008730949661565068e-01
4.887461365436636118e-01
4.847722322572766696e-01
4.902623003578968075e-01
4.877102941432787109e-01
5.043950135833595860e-01
4.843160554757640623e-01
4.689869352313434381e-01
4.691865838095510832e-01
4.839274466360303784e-01
5.001906970257343765e-01
4.648996691068530418e-01
4.696024550022456223e-01
4.735169313612626052e-01
4.623662385247604978e-01
4.738723447369737052e-01
4.670178862422246224e-01
4.654078110037270788e-01
4.633927732890471551e-01
4.698986591306430483e-01
4.627071992412862267e-01
4.647841221718679861e-01
4.616443924714034863e-01
4.602980734912176519e-01
7.396395859373308124e-01
4.737949363603342623e-01
4.696346171478207321e-01
4.562146691931365794e-01
4.635868706586626087e-01
4.476069821035111862e-01
4.510947000379462168e-01
4.648780211919799621e-01
4.634963560095992641e-01
4.582309194235508198e-01
4.604410579120703506e-01
4.552449534390397567e-01
4.788564842300629953e-01
4.619604250166700066e-01
4.389292569031600921e-01
4.424623011279255058e-01
4.409072544027141660e-01
4.342278513405215534e-01
4.339836349605979415e-01
4.386841837679757994e-01
4.313629437282985313e-01
4.305928728394987637e-01
4.350624614345044439e-01
4.357091435620101261e-01
4.302115283981435279e-01
4.351538802398055017e-01
4.353669200132308514e-01
4.336360492323220184e-01
4.382946235004741009e-01
4.340750134194737431e-01
4.246629403630210464e-01
4.228998950484194053e-01
4.303283262391692787e-01
4.227324194429150639e-01
4.178631415947708927e-01
4.202172970937934626e-01
4.175148840462140076e-01
4.181828531315803787e-01
4.144650532607488946e-01
3.997876295688770343e-01
4.039315664204068401e-01
3.958783024077158763e-01
3.970097506035187296e-01
4.031577590570556979e-01
4.041151523277787261e-01
4.072655188076215182e-01
3.947980580197846812e-01
4.225402816024556030e-01
4.318985441589247021e-01
4.471902794289373539e-01
4.498309247278886591e-01
4.379222950142707682e-01
4.453797669707127982e-01
4.423938189685662770e-01
4.551363703117287107e-01
4.731508350997114531e-01
4.759242892532754565e-01
4.817912489135893761e-01
4.751550615448676407e-01
4.751176802541032806e-01
4.828467647424202758e-01
4.754909338184428735e-01
4.766808085669115846e-01
4.767742280492882623e-01
4.724666719691268391e-01
4.762258288105188364e-01
4.704385837350260058e-01
4.736139589761652058e-01
4.672104193235400715e-01
4.720277005688150451e-01
4.644846524167615676e-01
4.559537695157280801e-01
4.601579681174600145e-01
4.674959607584648902e-01
4.645638843773783888e-01
4.632252783568740484e-01
4.566905853089867628e-01
4.639981222017251494e-01
4.626755400348360747e-01
4.630017558661200239e-01
4.629503988045567953e-01
4.637744339024842399e-01
4.595527825325191884e-01
4.634888936754412159e-01
4.602987167878174191e-01
4.618398286243348694e-01
4.638675301720607824e-01
4.612643557647621573e-01
4.636556397896534065e-01
4.540314589047670379e-01
4.475477183600750086e-01
4.470891851823071694e-01
4.504589022848712876e-01
4.475363252041245632e-01
4.487595200547264129e-01
4.479896089930271996e-01
4.433104261112689737e-01
4.342802335108265077e-01
4.399313518784384036e-01
4.431659525765117014e-01
4.356253270126926869e-01
4.420343185080404802e-01
4.440242790435852127e-01
4.402265309824350825e-01
4.433387908548771517e-01
4.286085485081974622e-01
4.254948139151298880e-01
4.308985718973927792e-01
4.258284662477033744e-01
4.327746034997989599e-01
4.298550068848846495e-01
4.247931483708563549e-01
4.270830994581162887e-01
4.309002603835790923e-01
4.323976407418486101e-01
4.300016585182704909e-01
4.278550599044990133e-01
4.279700718376002744e-01
4.248046415008048804e-01
4.313094600766569364e-01
4.315277537243839001e-01
4.313198373750839476e-01
4.238932189927073768e-01
4.303502956504299259e-01
4.227572958945901571e-01
4.151191470296797248e-01
4.213356732205526534e-01
4.210358038228768085e-01
4.200563699316915423e-01
4.143290754637399820e-01
4.070256870903601887e-01
4.210576318255666584e-01
4.393315151997862489e-01
4.587094342449006268e-01
4.765857445230271550e-01
4.795422095537144602e-01
4.532196458653912630e-01
4.426510496225241620e-01
4.503424899163883111e-01
4.715598755484347593e-01
4.914267630276797361e-01
4.546937493624697013e-01
4.462299103643496689e-01
4.475929982074340341e-01
4.453307333590917350e-01
6.021882110731643367e-01
5.364383754041885943e-01
4.582753782064860060e-01
4.631940823509030358e-01
4.765371831003981096e-01
4.525395463418997455e-01
4.523345741865084091e-01
4.477336972469641019e-01
4.490411738813386844e-01
4.468642568302467755e-01
4.425384974633006507e-01
4.352933418793520914e-01
4.375354377962756280e-01
4.218093793536487057e-01
4.159689718429235850e-01
4.073509764315399462e-01
4.115596164290534764e-01
4.106704185146475838e-01
3.978097380265468441e-01
3.999785262262301466e-01
3.997453587404942721e-01
3.914211343469728432e-01
3.908507216583162469e-01
3.869197642631282963e-01
3.888503873370663944e-01
3.978311401217867194e-01
3.831096747546305914e-01
3.792994653267006133e-01
3.801605591845489407e-01
3.725512826338398531e-01
3.824528658271302839e-01
3.701335218927578885e-01
3.831980651300705421e-01
3.772669206660135277e-01
3.730138850851376642e-01
3.707554551344811045e-01
3.756174950224857589e-01
3.651117654614797203e-01
3.657883888429717678e-01
3.640195795397778156e-01
3.610943861199293892e-01
3.654722780047361952e-01
3.636368584723189135e-01
3.866722823956422195e-01
3.725479977141927246e-01
3.573634951574531926e-01
3.603917511816378538e-01
3.641401824373891039e-01
3.602432308485165047e-01
3.619203215834772003e-01
3.602737832604602231e-01
3.634619315036692333e-01
3.625011171744254579e-01
3.587956685615052987e-01
3.655266115985195130e-01
3.487763801021599996e-01
3.569957107715801548e-01
3.621882412125784767e-01
3.523626123045331959e-01
3.526041070178878578e-01
3.456438596063010626e-01
3.426261715527816887e-01
3.383137253403508127e-01
3.367958264586056738e-01
3.335663444797652977e-01
3.363725650102127318e-01
3.378548135725046309e-01
3.455316952652753848e-01
3.346294129266575990e-01
3.411909164057566612e-01
3.357475087736134234e-01
3.340284317895234056e-01
3.492337966036125341e-01
3.791388485029592581e-01
3.824594738672635330e-01
3.898389420098338776e-01
4.096118514958837498e-01
4.400629198090018068e-01
4.772049253275238989e-01
4.784042987519028234e-01
4.729402540411342670e-01
4.657682797684360443e-01
4.582151958330654695e-01
4.565250207072880095e-01
4.528305405249630766e-01
4.509270754309386842e-01
4.500072743109210238e-01
4.319753662807090944e-01
4.440279942904438726e-01
4.362466193049986396e-01
4.339465989592830586e-01
4.227012550494457788e-01
4.283242540850766833e-01
4.320983152185237652e-01
4.203573419934003019e-01
4.205522082018588459e-01
4.306610989385086796e-01
4.245807473293122802e-01
4.153671496992900058e-01
4.101791834135343762e-01
4.089635756769884889e-01
4.079263274945353901e-01
6.206770672797473631e-01
5.755920523580896342e-01
5.015740040196734473e-01
4.336724569027412546e-01
4.162823511878731564e-01
4.026990512688726209e-01
4.274059066747384894e-01
4.200766568471297480e-01
4.447344797563629881e-01
4.823089015513571942e-01
4.451028060097785843e-01
4.422358824573456859e-01
4.309166684589696428e-01
4.239480885670787180e-01
4.219656499918756354e-01
4.015272907901906718e-01
4.018698924673610451e-01
4.414913514870372202e-01
3.915418585233076954e-01
3.914332767701048654e-01
3.888654380360612728e-01
4.235077533065088051e-01
4.196242660852873563e-01
4.158593413984717491e-01
4.252865791710467303e-01
4.186448245006537672e-01
4.188937752473569365e-01
4.091678079604160745e-01
4.032369823497307104e-01
4.088932503117957973e-01
4.754778193483032434e-01
4.010313928730204758e-01
4.139704195729680958e-01
3.817288397850356896e-01
3.911321231253844788e-01
3.698319658200708848e-01
3.742665526511230745e-01
3.616615569727102408e-01
3.679203151946063843e-01
3.691106781411773174e-01
3.685341361221127765e-01
3.644702599545884825e-01
3.589309054938337740e-01
3.664393166283079761e-01
3.631800594842155006e-01
3.643343428811561813e-01
3.612422152976511036e-01
3.623080478931313131e-01
3.668094338272775423e-01
3.623742556947623927e-01
3.566579112227621362e-01
3.477285082080275869e-01
3.487356727113497534e-01
3.484786023660336740e-01
3.505333656333916581e-01
3.490586134044818545e-01
3.568471181643755319e-01
3.556987145179212328e-01
3.586409557145903149e-01
3.606230412984278155e-01
3.609669179548932183e-01
3.601684173432270208e-01
3.571202939791783271e-01
3.561908471371700857e-01
3.463010305970655178e-01
3.472423423909417606e-01
3.467460521165132148e-01
3.461391091556368371e-01
3.409423191564751043e-01
3.414776432258666006e-01
3.420744870036021013e-01
3.369111246736398169e-01
3.333709996213195526e-01
3.354295621233197022e-01
3.355628686992435661e-01
3.339217250700265982e-01
3.389614817279764658e-01
3.363837887123733994e-01
3.337014915395327130e-01
3.362157114418508064e-01
3.338469106744406667e-01
3.330371880491580505e-01
3.342131708337787721e-01
3.299815689945123642e-01
3.428953918846328053e-01
3.432033574604393955e-01
3.139251354187742038e-01
3.273250371690203941e-01
3.303482723757199535e-01
3.269743989744828827e-01
3.212415936430719210e-01
3.263991846495892801e-01
3.202526409424196752e-01
3.313497870553208657e-01
3.358115489239196227e-01
3.551569238405702933e-01
3.816812428080700315e-01
3.898825388146088811e-01
3.776188596265744879e-01
4.043698542974699661e-01
4.446393922252690478e-01
4.719257933840990127e-01
4.695731954219961035e-01
5.145762372505917615e-01
5.209522724218038636e-01
5.345131739950893524e-01
5.324774168093087123e-01
5.292570285100439698e-01
5.623717632852187620e-01
5.332315568344599965e-01
5.321502771795214581e-01
5.353265628862824421e-01
5.440118247189034140e-01
5.390021136046364569e-01
5.503418254083609629e-01
5.341710382287863101e-01
5.387102754755555001e-01
5.294043319288259664e-01
5.329565739919404077e-01
5.356514449713546400e-01
5.198091852858769402e-01
5.340924557616826274e-01
5.412651618170424284e-01
5.317972427974093641e-01
5.329017635685486809e-01
5.319917711708753716e-01
5.238578695258641060e-01
5.073945289844913331e-01
5.084928308067333536e-01
5.074133973958684374e-01
5.099723988466414726e-01
5.103685813455260956e-01
5.067210346168389279e-01
5.193094002872299386e-01
5.127397353285353399e-01
4.995528120777791292e-01
4.911456613604505694e-01
4.918660608446375759e-01
4.889627432026285581e-01
4.819329996253345350e-01
4.905596771117927135e-01
4.847737817299988539e-01
4.814719137599772214e-01
4.814069430347479583e-01
4.878420232750067531e-01
4.702946785885242509e-01
4.695243521635494854e-01
4.724639289840920076e-01
4.687467368589586236e-01
4.735316044809969038e-01
4.719101114275918718e-01
4.657250383405582839e-01
4.638957042909915840e-01
4.585461586348982821e-01
4.565342662874246615e-01
4.610818864432516540e-01
4.479818752516537828e-01
4.696829470853618460e-01
4.531612305385617767e-01
4.429721622238569356e-01
4.451618689369311599e-01
4.593580709955806252e-01
4.414780857195636510e-01
4.366513762118020558e-01
4.374792741753461001e-01
4.379661744043921168e-01
4.367184127697537610e-01
4.361428080551206232e-01
4.263328422156881792e-01
4.311060499226132547e-01
4.304290560959332379e-01
4.278280774915204088e-01
4.263160322218810805e-01
4.240070648393294839e-01
4.209914711100937179e-01
4.134650491126442562e-01
4.183686161010112814e-01
4.183224441961808093e-01
4.161928918901191543e-01
4.166179187342024526e-01
4.235220992964261466e-01
4.071013032412145183e-01
3.958072938475943880e-01
4.002180496654537123e-01
4.230173404451544883e-01
4.342070726193312247e-01
4.358432146969222765e-01
4.364340441202591014e-01
4.351859061602569856e-01
4.251618094179213658e-01
4.289919700427079485e-01
4.254552378451914585e-01
4.213349969450773669e-01
4.245408293410054545e-01
4.213079670238363827e-01
4.232105030192395145e-01
4.252852007237593046e-01
4.196388580080680497e-01
4.218348079152908214e-01
4.160536383099746049e-01
4.113269082523980380e-01
4.142515850049275916e-01
4.190315487810475359e-01
4.125572140221668294e-01
3.962588131452370321e-01
4.099697680597865768e-01
4.090315128170149972e-01
4.011540375900412569e-01
3.968540373275846189e-01
3.920763408849409770e-01
3.952675831838757814e-01
3.859770618180227708e-01
3.873096834183691328e-01
3.851584676360032544e-01
3.832784409079039167e-01
3.772035284421841328e-01
3.721983734976448965e-01
3.652422741399333761e-01
3.551776653553663232e-01
3.606645141442225699e-01
3.522701579101809033e-01
3.537455075554305495e-01
3.627151751577040173e-01
3.760373915963141078e-01
3.772731784015092016e-01
4.112368714768383504e-01
4.154226845305105664e-01
5.858402938203020049e-01
4.237653997626454339e-01
4.242533443302539675e-01
4.185232143692702023e-01
4.243845507537429840e-01
4.276185779154699218e-01
4.211644764956558595e-01
4.221097168857412818e-01
4.238719423493001459e-01
4.225111154296472549e-01
4.173483519425558175e-01
4.117532339307773404e-01
4.173042134898282129e-01
4.338595259560163453e-01
4.487357839428901540e-01
1.609251749346625848e+00
7.360319587993118251e-01
1.793300574952015447e+00
4.947565005252996251e-01
5.158093720444754116e-01
5.177093796065448394e-01
4.995835996471700291e-01
5.013694377261216362e-01
4.997664883313434059e-01
5.031299560353857947e-01
5.006131199258561093e-01
5.073188372048631489e-01
5.067593555531426652e-01
5.056612305337544466e-01
5.025647716734807924e-01
5.028031504443799538e-01
4.928190475173984675e-01
4.885017013584270762e-01
4.943325123342967031e-01
4.939964016664764035e-01
5.109265854816908980e-01
5.109980148585806514e-01
5.194567270743981613e-01
5.240750861269569683e-01
5.236683863047576493e-01
4.952264907499052127e-01
5.090542503191982648e-01
4.900099294696190766e-01
5.157226182616017063e-01
5.220054339847080005e-01
4.986310505976028207e-01
5.041883038480117207e-01
5.310800693189272614e-01
5.257583827306115953e-01
5.739639637595723709e-01
5.905863519501621806e-01
5.769165592902022466e-01
5.707791266466917257e-01
5.449949857653350049e-01
5.514381955123955903e-01
5.522263667338167537e-01
5.581861362237603430e-01
5.561623649549860549e-01
5.575649559207800365e-01
5.564885848164333737e-01
5.556308403868404078e-01
5.623752960356849240e-01
5.553644294201557363e-01
5.601085732913616555e-01
5.687478921263768861e-01
5.604305886900046163e-01
5.500790308631440251e-01
5.527379401709932027e-01
5.587697057686995539e-01
5.528983586987074039e-01
5.534911941333007235e-01
5.523704265428118765e-01
5.585864838025893508e-01
5.564354153174855266e-01
5.546975136151233166e-01
5.503213765540519997e-01
5.488096655675011037e-01
5.363716678398291471e-01
5.367775749021251874e-01
5.368360809014774970e-01
5.303678140084996384e-01
5.149169153234257612e-01
5.053258949619623408e-01
5.005756100461867808e-01
5.122060318381866928e-01
5.265042634960361845e-01
5.264474667035152766e-01
5.111244829313970062e-01
5.192354499978231175e-01
5.153392707426364128e-01
5.143416682883509283e-01
5.171059184235530237e-01
5.179293330294978404e-01
5.075127607124219065e-01
5.012167510013509908e-01
5.146480842974205938e-01
5.003056789896854761e-01
5.055193379485347638e-01
5.021894222886706949e-01
5.028573621076274369e-01
4.972213582608661087e-01
5.058128664066317004e-01
5.031806678349263207e-01
4.903582479758368806e-01
4.897998661579475721e-01
4.839890258912396548e-01
4.862933933793606167e-01
4.854237335154644173e-01
4.826034472466628200e-01
4.918003888020887615e-01
4.822886127262678846e-01
4.731395097946111683e-01
4.699340478152576051e-01
4.823156763397933311e-01
4.827083015588293780e-01
4.785147562721161485e-01
4.765542534423441445e-01
4.729958854333368157e-01
4.681485079734906130e-01
4.670034271617401478e-01
4.658814524250574629e-01
4.817338838446383331e-01
4.893352322535211574e-01
4.841831355595070940e-01
4.852605050930801633e-01
4.805047093229607991e-01
4.860797617074784638e-01
5.019871409981560006e-01
5.000050373008422255e-01
4.957677375349562321e-01
4.990026283200607593e-01
4.961738438019500652e-01
4.880153276157370712e-01
4.792875324246703705e-01
4.864354006123429719e-01
4.855929785919219643e-01
4.800651324966257461e-01
4.846097102956502534e-01
4.820963669892829317e-01
4.788438549326288762e-01
4.786980333272478072e-01
4.796017880399821576e-01
4.776970545330608275e-01
4.764750909450746752e-01
4.787522991892794177e-01
4.769968279542352585e-01
4.772265409286918780e-01
4.766323359036983565e-01
4.735668573656147129e-01
4.750095778135377533e-01
4.746354187832157456e-01
4.736604530803353308e-01
4.769976398396537642e-01
4.791655641490262796e-01
4.746384779170003676e-01
4.668815386162546988e-01
4.655764894090913542e-01
4.646634181520117313e-01
4.644340997059780429e-01
4.668858589008314519e-01
4.616414321477025906e-01
4.617313930945138867e-01
4.611972411661614535e-01
4.623127147442940288e-01
4.566869730162180785e-01
4.518678683373014149e-01
4.474579705459688639e-01
4.565487669752460453e-01
4.703347338668306676e-01
4.694005745146005992e-01
4.716902008951619485e-01
4.571994790629779759e-01
4.570341358235869289e-01
4.571009109502412460e-01
4.577480470434281967e-01
4.579991611903663218e-01
4.557918340577861160e-01
4.719720231750296202e-01
5.505828600115452165e-01
5.755879144918194523e-01
4.724902471280274519e-01
5.075201991957652981e-01
5.003341414581569113e-01
6.017347125099030691e-01
5.477637995420709949e-01
4.542756319922880981e-01
6.135123320366817623e-01
4.573239907141987137e-01
4.719708461955607337e-01
4.808042290092861548e-01
4.939481988435172055e-01
5.079657145902238824e-01
5.208968777673906869e-01
5.389099787590097002e-01
5.530858988049368596e-01
6.300350124230411630e-01
5.847901771133195981e-01
5.974963726090224414e-01
6.130612096695798874e-01
6.048014144312078288e-01
6.118766607683412406e-01
6.082243054964943108e-01
6.120513072408465538e-01
6.080135117388536514e-01
6.164591188388690579e-01
6.051336891912600935e-01
5.991651482174380483e-01
6.009476378258398199e-01
5.898785987144032905e-01
5.862323109045431968e-01
5.849443984498637894e-01
5.759644795777729698e-01
5.722591439112738598e-01
5.734883288781988941e-01
5.788866263365939346e-01
5.749518539899037828e-01
5.781339099008082627e-01
1.316958035583038811e+00
2.968796118633630687e+00
6.669936435826530063e-01
6.068120904998398624e-01
6.087558285960217308e-01
6.011695429649850375e-01
6.050808901268290851e-01
6.238478499282560374e-01
6.171497200072838529e-01
6.274960581883153310e-01
6.183317917391238927e-01
6.228958115539544593e-01
6.166833073321746905e-01
6.261855370358256900e-01
6.223022512511977578e-01
6.240106269735279376e-01
6.192442378990510310e-01
6.196751675901625012e-01
6.170854857117633596e-01
6.358338149429924036e-01
6.394960339545291417e-01
6.342802362904795821e-01
6.347685538932420490e-01
6.283189164118423431e-01
6.285841264129615746e-01
6.259116458043693099e-01
6.361200408651478400e-01
6.350068118225049574e-01
6.356101070537976128e-01
6.272669498075933436e-01
6.319646249265533644e-01
6.272363478888165478e-01
6.198425180495947817e-01
6.074613747715582601e-01
5.842401155923111489e-01
5.885325756248593887e-01
5.925500482785216461e-01
5.943152594802822986e-01
5.998074556652085443e-01
5.947905599152276679e-01
5.855604496212138965e-01
5.929466818810440465e-01
5.808315071637721871e-01
5.865861307723251317e-01
5.816836205710460561e-01
5.807559184528550134e-01
5.830665940007044856e-01
5.761426207370667907e-01
5.721614805647782243e-01
5.797525502125163710e-01
5.951168309555175950e-01
5.999443343312163002e-01
6.088904345714873934e-01
6.075721760417098771e-01
6.185360009701230677e-01
5.992679200340287338e-01
6.035174668096093820e-01
6.172638563812081758e-01
6.051922520970894892e-01
6.330034680499497801e-01
6.004609762917549887e-01
6.192512261833474918e-01
6.080978575329303304e-01
6.089930134946509588e-01
6.272632772017477931e-01
6.078637375726145819e-01
5.924519242363203153e-01
5.930767129089996592e-01
5.962075684895149497e-01
5.915135235313457862e-01
5.920622550456883237e-01
6.033146521909640292e-01
6.460612831285468260e-01
6.689799552072582811e-01
6.717043452412138071e-01
6.799773468382690478e-01
6.793421250363163022e-01
7.353751677152927657e-01
6.486689793318519692e-01
6.544857550827422044e-01
6.494271956311810090e-01
6.600060489428393184e-01
6.600611460721705903e-01
6.621166825322769567e-01
6.553696317458067577e-01
6.533894143104275187e-01
6.513051855558013026e-01
6.507953286781719138e-01
6.424126299980140731e-01
6.427928351405176599e-01
6.423958526091912979e-01
6.428916886186532009e-01
6.444533458463126419e-01
6.356736317367395195e-01
6.333136315862457622e-01
6.345776313732318652e-01
6.295631593014999750e-01
6.353600960788403640e-01
6.288817897355059028e-01
6.390332413823992530e-01
6.378084981578104884e-01
6.366185280629262921e-01
6.401052658619404978e-01
6.416332947717870994e-01
6.389033752500284935e-01
6.367220957657373503e-01
6.409105032558261028e-01
6.522779796913943384e-01
6.291773063449160874e-01
6.230995519730254673e-01
6.284137518169117254e-01
6.214092522094586402e-01
6.243996201611154984e-01
6.249133202080746630e-01
6.410477478629813541e-01
6.314455278851163200e-01
6.165350705428804812e-01
6.259870771055056071e-01
6.202434413139286118e-01
6.183419834686116889e-01
6.081076540620908855e-01
6.240927435533175638e-01
6.426539085125919648e-01
6.348993926776184127e-01
6.423246258639372375e-01
6.463323508357017300e-01
6.414459864033306147e-01
6.364750206262033139e-01
6.377203336338774786e-01
6.347809907191345191e-01
6.365213960601292520e-01
6.369041644901887178e-01
6.354240581797683252e-01
6.450749985611226034e-01
6.312485770347548986e-01
6.315613845170431340e-01
6.430179810282594666e-01
6.370482169151472363e-01
6.239039045080816415e-01
6.381187747121662701e-01
6.378661785771289061e-01
6.491401641253125021e-01
6.495001398499944401e-01
6.726659445193007292e-01
7.048487421113931450e-01
6.923859176696958162e-01
7.093530682749638050e-01
7.195749489896541284e-01
7.199943309744660791e-01
7.052901031484863914e-01
7.003502916051522753e-01
6.951570356762726277e-01
6.880018332077068033e-01
7.001699796350800975e-01
7.196157659774169435e-01
7.208238541713462011e-01
7.264065376774112570e-01
7.421521700465972815e-01
7.428165334080532034e-01
7.451638661989308243e-01
7.523692897052993711e-01
7.601782410233927090e-01
7.585123846771546496e-01
7.621781901255457736e-01
7.562413267819210194e-01
7.636425682369480938e-01
7.603102172770598299e-01
7.614083384853759240e-01
7.623363883158873477e-01
7.833849160661277011e-01
7.824090566820953718e-01
7.796773505936498427e-01
7.772073249477823298e-01
7.731647056171903065e-01
7.766277636520688699e-01
7.793800852936076939e-01
7.778842516954389552e-01
7.787064681685469392e-01
7.798414317401143325e-01
7.791707532778362477e-01
7.754533598957910057e-01
7.704925163139297872e-01
7.612246121431984758e-01
7.580381219453058428e-01
7.526209351664989722e-01
7.541418678108210427e-01
7.593309651085203837e-01
7.464478465203667756e-01
7.629728979218696194e-01
7.614905497379240717e-01
7.494359677201944958e-01
7.645192216414724573e-01
7.698834194316133139e-01
7.516364870776401919e-01
8.049002226672027360e-01
7.651436517006695581e-01
7.405406561514423780e-01
8.535693877531081997e-01
7.651348542920080043e-01
7.449636077420327407e-01
7.442449475700909645e-01
7.514879236690650277e-01
7.435423951142478005e-01
7.427999574600715471e-01
7.455864063014105980e-01
7.322642957429414956e-01
7.451058540873215508e-01
7.489514045590489610e-01
7.497102420137671253e-01
7.492087231537509773e-01
7.495607275285303128e-01
7.431719638141927042e-01
7.346881576911690193e-01
7.425429606672322436e-01
7.406450711547146737e-01
7.327081885798603089e-01
7.416050375559299912e-01
7.343340380162368675e-01
7.393593769492233791e-01
7.404110660542505551e-01
7.403783630941542793e-01
7.405418983229502539e-01
7.343459588097163149e-01
7.227396151406479952e-01
7.222139146753259187e-01
7.289448756752208158e-01
7.267314587384433588e-01
7.235645474430072444e-01
7.305561181506768920e-01
7.308298120136130782e-01
7.281795543085965994e-01
7.282984660300639845e-01
7.334493601789128236e-01
7.214537232011966061e-01
7.226691923615100599e-01
7.241196295561207474e-01
7.302849152289290213e-01
7.308662542575125043e-01
7.512406948948664454e-01
7.752947283380895449e-01
8.148817179400310584e-01
8.206859025746887637e-01
8.239800830395457298e-01
8.443401828959455901e-01
8.489828828770507041e-01
8.420018370630999449e-01
8.367572387867667771e-01
9.134923775179240035e-01
8.869082682438814702e-01
8.908240339520658857e-01
9.117628371785402308e-01
9.074854791568379708e-01
8.388762845467914175e-01
8.665276220599676948e-01
8.337765861011777746e-01
8.667518590855530780e-01
8.595873375125544502e-01
8.289156874817276144e-01
8.670892447075890797e-01
8.354458134600202257e-01
8.226585960478205450e-01
8.308661853573982015e-01
8.283860812743777391e-01
8.265828832031044682e-01
8.226370379974140556e-01
8.335758062684603953e-01
8.298335809265711127e-01
8.422686234729305221e-01
6.374803529444466221e+01
9.767430290793389647e-01
8.425183840870200669e-01
8.540396965339183133e-01
8.351781859693516719e-01
8.384145493730921217e-01
8.512700390752403479e-01
8.508394893574013906e-01
8.461960876439373891e-01
8.428768505602863836e-01
8.484833317565166899e-01
8.584953077050903048e-01
8.788740132786526660e-01
8.701070631156134771e-01
8.632263941274599395e-01
8.526898338503401398e-01
8.400228645807373828e-01
8.339947519486849981e-01
8.179903961396219891e-01
8.189690580262409814e-01
8.048925996730884602e-01
8.045696005275286833e-01
8.021713183531421487e-01
8.047279816474306458e-01
8.016814068719977371e-01
7.916302642878982887e-01
7.964743700269205640e-01
7.753473230894486479e-01
7.892460331631625525e-01
7.781541143796424365e-01
7.780956156828706671e-01
7.916974502470195407e-01
7.853483530396359047e-01
7.951497797312579996e-01
7.886951317111261517e-01
7.823315789609853743e-01
7.929648260874887500e-01
7.933263619482449069e-01
7.772665368207970493e-01
7.941878870918390732e-01
7.982129181812024354e-01
7.922854151041767157e-01
7.782469330755291681e-01
7.798682366409052102e-01
7.702359084070684592e-01
7.507570557021352453e-01
7.596697943527619401e-01
7.592384753282167553e-01
7.712816120361847272e-01
7.716013699049261154e-01
7.309098914716541939e-01
7.452454923136933029e-01
7.128342961568052694e-01
7.298621781449861068e-01
7.183199403926441295e-01
7.074754770794567937e-01
7.187070999302289653e-01
7.596828028664243115e-01
7.553027556448046465e-01
7.467758919612876856e-01
7.385877215586231781e-01
7.408659267335661047e-01
7.355182814683064452e-01
7.280822421113672949e-01
7.212547394093381525e-01
7.177034174802711108e-01
7.256637321049171918e-01
7.492723126758580321e-01
7.842548111520979415e-01
7.903519130482018484e-01
7.884956201369508477e-01
7.742452238328486613e-01
7.640114052059254757e-01
7.624856351313591407e-01
7.732157054440175203e-01
7.714532817852342017e-01
7.687787016972171816e-01
7.625953320453449091e-01
7.676798945394650575e-01
7.637287981768827727e-01
7.496093242253349942e-01
7.515203698900345675e-01
7.578981801506219362e-01
7.491851754912768335e-01
7.427185722701025172e-01
7.408304620242762706e-01
7.432403408281746948e-01
7.449008429543906296e-01
7.429367194651954609e-01
7.444470669848559652e-01
7.461403916734312691e-01
7.450292425860857159e-01
7.425822196088492921e-01
7.363345833326173651e-01
7.278036736178048471e-01
7.179411103660838789e-01
7.242241792152459556e-01
7.175111264593099225e-01
7.150294101974978833e-01
7.157916227751142113e-01
7.201918983633609495e-01
7.173895771013381051e-01
7.173617498722728580e-01
7.163749219094919241e-01
7.299142023729282558e-01
7.221601000116232294e-01
7.161290729228604324e-01
6.966963605660756453e-01
7.157802878115777645e-01
7.163266303665472012e-01
7.295554452178988347e-01
7.227764856086442702e-01
7.328635756451121752e-01
7.233207731517961037e-01
7.124602858845181519e-01
8.362801293065779129e-01
7.127756580794399888e-01
7.036867057680933346e-01
7.010086151356855755e-01
7.026137628703312821e-01
7.080904858816178260e-01
7.007487883961180941e-01
6.950832930635608697e-01
6.972117685576473267e-01
6.985027453422550936e-01
6.966644326531266085e-01
7.000374217884555161e-01
7.076935221237263818e-01
7.016130357618457491e-01
7.066249948253049418e-01
7.012016155134781492e-01
6.997078949508743761e-01
6.973522460532004530e-01
7.017838635287234617e-01
7.015001516963569328e-01
6.976938603193101329e-01
6.955350604419041627e-01
6.961385002958212498e-01
6.874481926098687801e-01
6.882448550356783379e-01
6.889353642141635703e-01
6.858547843482716289e-01
6.806975943706845555e-01
6.656756267480218314e-01
6.558817602776679800e-01
6.538306201181027788e-01
6.435171439891804734e-01
6.469405104464749368e-01
6.398424174146145615e-01
6.411066283623374495e-01
6.519155620144718721e-01
6.481922951010006262e-01
6.417474008546905084e-01
6.527058536415100143e-01
6.563543397218305486e-01
6.454615036997700672e-01
6.355367039976749233e-01
6.354126933254803378e-01
6.356611822105568965e-01
6.364439739572442800e-01
6.413224945408071420e-01
6.324453261729124920e-01
6.244279365955215377e-01
6.412376492265146055e-01
6.187362960796318756e-01
6.154516196506207848e-01
6.164540945980858666e-01
6.109253521647517449e-01
6.188386597612685058e-01
6.091155976112667680e-01
6.043147427989836729e-01
6.117540658374236440e-01
6.086047250272825782e-01
6.116566455878085229e-01
6.136734212745780237e-01
6.098994603935296022e-01
6.150925457484607284e-01
6.127365434084541818e-01
6.172944401609161691e-01
6.112210846857475399e-01
6.139241322972037729e-01
6.118505109167696743e-01
6.217542787505248025e-01
6.064883341365097102e-01
6.077625631216823088e-01
6.003278890994407924e-01
6.028481025884553368e-01
6.156320733630691322e-01
6.028126441896006771e-01
5.913711797250117419e-01
5.965035649297264486e-01
5.922747336888486425e-01
5.974591942971734237e-01
6.031718380108613831e-01
6.023199290223051339e-01
5.963877298961444140e-01
5.979152555262950974e-01
5.963967805732424132e-01
5.959479144995740718e-01
5.928152776894684006e-01
5.970485129827706183e-01
5.849657839064021925e-01
5.764976925496484439e-01
5.775373902558318395e-01
5.850320019859059917e-01
5.865958709088152645e-01
5.858673102814211386e-01
5.907481986083623626e-01
5.897073136648780523e-01
5.861498099779223203e-01
5.888392364236821885e-01
5.882904641978595750e-01
5.808274153238205395e-01
5.822697917705437209e-01
5.734779836861234603e-01
5.816611831157224577e-01
5.814382450600826813e-01
5.840293385035049134e-01
5.726846050017719847e-01
5.758129188669292020e-01
5.798281972733703160e-01
5.678483195651292670e-01
5.696155051731299768e-01
5.829177883903878810e-01
5.948639818306297178e-01
5.989829345105766034e-01
5.951682547156162961e-01
5.890115160279885131e-01
5.928223267975425426e-01
5.921385392007334492e-01
5.796040954237445808e-01
5.806896194098467578e-01
5.790786526469371420e-01
5.761307313221362136e-01
5.790922344209986639e-01
5.768150123623070336e-01
5.748372678148483406e-01
5.759717209391654880e-01
5.696767543861096517e-01
5.703717314608286459e-01
5.745314391403752996e-01
5.723320410036562000e-01
5.747146308119642777e-01
5.890508220665572336e-01
6.078228805573832050e-01
5.992662223159065382e-01
5.818428931721898456e-01
5.975771855417165712e-01
5.768465746177224851e-01
5.797482980734607327e-01
5.812166267776993633e-01
5.916728493629103136e-01
5.802218643785270746e-01
5.880064481350476546e-01
5.773634209121628613e-01
5.896905574515951542e-01
5.948873155623258802e-01
5.845642326215985118e-01
5.799952446593882316e-01
6.019376136901170016e-01
5.941450422836651590e-01
5.865521580207213592e-01
5.853071139718687421e-01
5.828501323749377683e-01
6.001492481562555881e-01
6.078871760850413919e-01
6.108583775016410700e-01
6.121256175291401869e-01
6.024974734225820860e-01
6.069823221897520105e-01
6.027622495651765444e-01
6.262268005773828916e-01
6.341586580476905599e-01
6.356120225912333943e-01
6.312652156013957017e-01
6.302977016055919535e-01
6.258073014674083723e-01
6.339240030285975269e-01
6.291519682463979635e-01
6.208123052274847620e-01
6.243291182588361909e-01
6.273927747038507974e-01
6.307490409389706620e-01
6.237663469942540395e-01
6.207712389481303550e-01
6.117883742235497024e-01
6.079718121154156218e-01
6.019457319601092538e-01
6.167155248337770068e-01
6.144186257958520470e-01
6.232585250691152767e-01
6.303130501675329178e-01
6.404959059183426007e-01
6.607376840462387824e-01
6.758478401969001403e-01
6.800339901389240715e-01
7.120417447576521397e-01
7.148789891138960240e-01
7.142582372582378936e-01
7.122992489319731613e-01
7.136576884600753790e-01
7.149247121702324570e-01
6.931661312493726523e-01
6.991530253774341785e-01
7.076265954690206250e-01
6.992195150076917498e-01
6.881971760118252845e-01
6.720234766002650684e-01
6.901248811107715264e-01
6.790246273128276444e-01
6.763765691249460366e-01
6.742049396820597451e-01
6.989173607413894374e-01
6.775832989284302776e-01
6.655743444915416251e-01
6.882252493538592031e-01
7.000487744038302873e-01
6.667006846815619614e-01
6.688004070530478851e-01
6.610635722665952896e-01
6.662598820235547947e-01
6.636218139861812526e-01
6.661206544495993365e-01
6.675663285795749857e-01
6.594428848475839544e-01
6.577046346645197827e-01
6.543666408008296242e-01
6.618037177788606007e-01
6.588605285660494859e-01
6.744449995604594461e-01
6.645226759191354970e-01
6.757097617131164746e-01
6.938162143196670018e-01
6.771171483983181583e-01
6.866920395853619574e-01
6.712447811589344893e-01
6.903233377056373632e-01
6.966180697586884518e-01
6.608285181313030554e-01
6.597300513001784772e-01
6.667914525290260519e-01
6.618878493395972118e-01
6.602961411414940418e-01
6.577912639798189076e-01
6.639767770104949562e-01
6.510623510334567765e-01
6.522929740124843168e-01
6.471491926687773510e-01
6.434884500798798701e-01
6.498375067943946704e-01
6.404599179868890602e-01
6.373644721424487347e-01
6.397888870292098851e-01
6.433222043980402205e-01
6.500537758383533316e-01
6.425049294896099106e-01
6.304645446247247875e-01
6.326118095049355627e-01
6.288886226561070103e-01
6.308735017443951598e-01
6.336760264492089512e-01
6.292872023799099823e-01
6.154295472812021384e-01
6.205314904130336817e-01
6.145335258874107254e-01
6.197449165196893262e-01
6.178623126808540089e-01
6.199814101826754964e-01
6.166770664512796207e-01
6.182281186620122160e-01
6.121914103698766763e-01
6.083878698200038126e-01
6.122686673086424891e-01
6.108639345416808641e-01
6.095301953530488648e-01
6.096885252168424696e-01
6.096678942141595670e-01
6.066827147752866800e-01
6.073631951265607842e-01
6.066373048442115223e-01
6.025904319717574342e-01
6.121971151975820202e-01
6.112671993793346026e-01
6.074658226755758061e-01
6.005237821862868808e-01
5.963273283969450222e-01
5.984600699172271110e-01
5.961796254128841621e-01
6.056293988091411284e-01
5.998142676593928302e-01
6.060575127956646657e-01
5.909215235632705454e-01
5.896776364354088251e-01
5.893479126359235654e-01
5.908810727629767445e-01
5.857534410191617136e-01
5.842175231985581307e-01
5.846983435234154314e-01
5.823029748336238098e-01
5.955592517905408112e-01
6.084035467575454881e-01
6.162880294713144469e-01
6.183869791393183935e-01
6.441822372898856619e-01
6.190900851037618446e-01
6.141250643783899843e-01
6.093509206652444332e-01
6.064848020455393396e-01
6.115421174724618991e-01
6.147991377426123005e-01
6.065608912886875093e-01
6.050186566619792927e-01
6.040139026548196899e-01
6.103638044952000019e-01
6.118423804695840573e-01
6.131685597576319591e-01
6.094966017816072501e-01
6.044641753287182118e-01
5.985547448824577454e-01
6.005476196115657750e-01
5.970172178229846693e-01
5.960585769573299997e-01
5.985516360784906009e-01
5.994807265715120792e-01
5.969043173398920210e-01
5.975010820055954852e-01
5.999252005762565343e-01
5.999582029684593643e-01
5.980155269444307198e-01
5.826010910525980524e-01
6.031801329354512520e-01
5.774395500983356966e-01
5.966056768595919824e-01
5.935653592124978672e-01
5.805442418142322536e-01
6.088949896118946992e-01
5.949554964482479669e-01
5.992959987707996428e-01
5.768782874916422720e-01
5.900723218892169886e-01
5.876636353548894132e-01
5.847990621642574771e-01
6.046194642829628707e-01
6.244143543187929968e-01
5.934711348985712842e-01
6.081855064719280390e-01
5.818866258529934443e-01
5.711146480312613294e-01
5.663514308376320638e-01
5.745726357463060152e-01
5.566625849858610753e-01
5.732717677009239177e-01
5.888122599417389136e-01
5.843108986714337094e-01
5.853616275631751131e-01
5.759383587128693582e-01
5.724573806945194576e-01
5.700704215964556010e-01
5.869825983418480719e-01
5.780732315056553716e-01
5.833773853148782607e-01
5.800895378331392127e-01
5.846804123862434643e-01
5.851790165502854801e-01
5.895869034589847901e-01
5.845259512031349969e-01
5.829208466771822472e-01
5.833056129946803114e-01
5.899834024501899865e-01
5.774397029077105170e-01
5.781388216302441041e-01
5.794284127914011151e-01
5.615492687299794561e-01
5.752506521583391486e-01
5.521849595436626457e-01
5.525202531104356218e-01
5.626534531172759923e-01
5.539214966448020583e-01
5.618317801501147013e-01
5.725972137498881454e-01
5.803832482869760723e-01
6.028707791824590156e-01
5.814942070288742215e-01
5.770605192392366245e-01
5.846701503761296825e-01
5.817033295538840409e-01
5.781877050234424109e-01
5.790972515563019840e-01
5.838359100586494321e-01
5.821770884870968166e-01
5.827245856256884071e-01
7.177580778769958592e-01
5.923541189629896175e-01
5.897569637356823158e-01
5.863257861936236326e-01
5.891495204740621050e-01
5.838247930428529520e-01
5.860185010958641749e-01
5.852647139916736796e-01
5.755194507076046850e-01
5.820152250829723206e-01
5.783288020679442365e-01
5.801858078190754719e-01
5.710103008406059999e-01
5.780390500832649492e-01
5.742078102964534025e-01
5.868459295562952205e-01
5.951595864419938486e-01
6.193665256831928367e-01
6.196857879039445738e-01
6.314734006210653838e-01
6.364201876985364770e-01
6.502763653464118665e-01
6.661907227504609841e-01
6.558330614750711440e-01
6.671841025780697043e-01
6.544731983002616271e-01
6.731242619696669038e-01
7.330296809216264586e-01
7.040141012491161199e-01
7.005169217000166704e-01
6.833953992351454731e-01
6.718702574917334580e-01
6.665856192948172998e-01
7.106886473291487150e-01
6.724181605877626033e-01
7.166834816214999737e-01
6.668327156552329438e-01
6.725491432020360705e-01
6.571529567519351911e-01
6.689015576089131221e-01
6.584573530518339490e-01
6.645008178005381572e-01
6.670225413495074474e-01
6.761520965226988089e-01
6.858561178286525228e-01
6.980706483639633753e-01
6.910218856408845145e-01
6.840605513857295206e-01
6.861649586229352504e-01
6.840461582471230040e-01
6.926389855439236687e-01
6.822432794556704261e-01
6.899393705274391442e-01
6.941364457244808550e-01
6.956203733183570215e-01
6.948855826350218701e-01
6.997574287013481609e-01
6.939385416374287407e-01
6.936774382654634641e-01
6.845364267365146027e-01
6.784960507075152858e-01
6.806811999609893027e-01
6.731592053038719659e-01
6.747334527588599862e-01
6.931794892093885441e-01
7.110461149270600467e-01
6.828477400448845769e-01
6.958927750742991414e-01
7.122267625568103888e-01
6.970207527320120278e-01
6.845307004435743359e-01
6.721406392555311360e-01
6.743027646416626109e-01
6.713931221778220992e-01
7.041549566460443277e-01
6.804916010967013706e-01
6.814441442670797766e-01
6.878019470265631652e-01
6.827881263845880788e-01
6.812936356930398007e-01
6.889372391235403237e-01
6.768325961799950274e-01
6.808534503695189422e-01
6.843447039058140335e-01
6.820669625804459679e-01
6.764409214095012945e-01
6.801418604602619267e-01
6.809121123743256954e-01
6.846681062838544385e-01
6.746053148764464824e-01
6.832758341066855756e-01
6.789394564523636433e-01
6.721378745514333675e-01
6.853856008302071645e-01
6.822207011990972791e-01
6.742021353672377204e-01
6.814552129272289926e-01
6.719309294317484804e-01
6.837012441402556817e-01
6.757595657595280025e-01
6.776160880342254611e-01
6.744781491852167576e-01
6.671625501928917235e-01
6.686329364662648711e-01
6.769462550778815313e-01
6.718498040549366612e-01
6.553809962542416212e-01
6.572524211981014552e-01
6.411063586619105692e-01
6.354069109980586827e-01
6.319706352856675480e-01
6.296887809755578047e-01
6.234205882156202971e-01
6.261096369044674148e-01
6.347961179684284971e-01
6.304389041311561082e-01
6.271631764064897752e-01
6.323979860879820336e-01
6.361067789339301948e-01
6.309901181302931539e-01
6.278577695970812833e-01
6.396651633399856873e-01
6.259613510493113875e-01
6.373018733873516695e-01
6.252752081892093416e-01
6.311606117224336510e-01
6.252531599645437810e-01
6.181068854453143357e-01
6.166166661364433921e-01
6.208431263337536032e-01
6.167710293041248626e-01
6.066989096464533437e-01
6.087118783374111386e-01
6.198418263557077257e-01
6.169011157321291350e-01
6.059835514508502552e-01
5.979154771935619728e-01
5.997508133374694905e-01
6.046610678891829460e-01
5.958229288421352798e-01
5.930074771821691737e-01
5.800656185057826431e-01
5.893753647854067523e-01
5.871782899494411012e-01
5.849765017667887257e-01
5.817995200384573629e-01
5.806260311090731818e-01
5.788415222545522099e-01
5.737080937374086087e-01
5.651961085221473002e-01
5.784150218834163137e-01
5.790181740730830917e-01
5.634211811753455645e-01
5.870740464460653119e-01
5.840740276650013829e-01
5.865377552096786573e-01
5.685065099364158270e-01
5.698879344338656505e-01
5.526089285603064116e-01
5.652316752961570323e-01
5.550593463232720293e-01
5.562339025155028649e-01
5.562466664580687503e-01
5.553391328623832335e-01
5.521149083950007697e-01
5.429090434049197444e-01
5.534314692322163109e-01
5.492912570368211345e-01
5.398411639443657650e-01
5.431214220590039332e-01
5.377957789873653027e-01
5.378211471149400014e-01
5.378456228829328056e-01
5.357657261132063864e-01
5.298716564629288861e-01
5.302304087982643299e-01
5.289422265936143397e-01
5.443574379117228634e-01
5.334925129606584715e-01
5.250963036095371850e-01
5.161125934778940660e-01
5.304352871676482062e-01
5.260782396480777612e-01
6.288736118675042341e-01
5.232441033130729169e-01
5.198156078735972629e-01
5.190947661265983282e-01
5.114441790788106790e-01
5.043937199138710525e-01
1.485622875777480978e+00
5.055432899767958732e-01
5.265379480917455890e-01
5.235985223049437476e-01
4.983648932269355014e-01
4.913277725913198224e-01
4.911993167298738250e-01
4.882953934667298990e-01
4.984080954070991831e-01
4.787073674028411441e-01
4.821181308293112644e-01
4.614826312774156780e-01
4.648807543616141902e-01
4.929528373744432868e-01
5.173237527730436547e-01
5.477887213384154963e-01
5.372486263211925239e-01
5.313180677354798487e-01
5.178192445530735988e-01
5.179923448245560280e-01
5.016784527116708858e-01
5.072698995986023585e-01
5.048132130507815285e-01
4.996049835911891557e-01
4.933775860286134241e-01
4.917854687383795276e-01
4.894274608976502128e-01
4.895417466151640307e-01
4.870142274438656882e-01
4.826068068122922883e-01
4.831194332896207033e-01
4.844723361554482688e-01
4.797873074072798172e-01
4.790459313637019934e-01
4.703562412362316536e-01
4.794789672781843981e-01
4.786019534194196901e-01
4.810523443331007343e-01
4.807127918460727400e-01
4.811711766302545490e-01
4.852251831965384010e-01
4.738372457435303664e-01
7.117408649172843882e-01
9.009599418374332203e-01
6.557740183220391872e-01
2.358592324867381684e+00
1.127011096365647891e+00
5.667378923777172117e-01
5.782565081393207240e-01
5.670527867743642148e-01
5.964448996721215535e-01
6.192455577263822342e-01
9.404519324104133604e-01
1.065686420445710159e+00
5.228440250634618369e-01
5.171469475919440173e-01
5.229928261803169498e-01
5.147102118626600831e-01
5.217785905066305574e-01
5.171007694008646904e-01
5.244954482081761737e-01
5.162801452124512469e-01
5.125972157856344413e-01
5.187293370408747606e-01
5.137089268951235965e-01
5.128084113265392041e-01
5.102500185928835474e-01
5.147289330864834866e-01
5.173349733875711731e-01
5.102531444289956086e-01
5.187630966453100623e-01
5.105911245963072886e-01
5.058380589490055756e-01
5.198278953143945502e-01
5.194871673226015840e-01
5.205614552106521131e-01
5.028635616154306653e-01
5.090066152987151593e-01
5.454148528520177397e-01
5.102142168178520620e-01
4.925642958671556659e-01
4.937966707273565015e-01
5.019545010737229696e-01
4.928656588933836291e-01
5.254382061296550832e-01
5.196381625279853367e-01
5.059622749293544164e-01
5.010913074185221472e-01
5.002386937191762861e-01
4.977180802146584648e-01
4.972416463699007583e-01
4.995654873435470544e-01
5.091053828977001317e-01
4.992515345580040842e-01
4.908787603065138949e-01
4.900428121577509732e-01
4.907491377539339172e-01
4.907155618439699163e-01
4.843765092244542991e-01
4.842099050907623936e-01
4.941310716617892118e-01
4.851711100137475197e-01
4.812973317537362350e-01
4.819625066087676046e-01
4.791902310504617679e-01
4.802425999993313877e-01
4.783829067980300831e-01
4.750604783912232287e-01
4.899331025233231163e-01
4.864302254737320474e-01
4.767670614503184967e-01
4.764787670403231590e-01
4.700611932254430414e-01
4.674452347612225167e-01
4.696314477816978528e-01
4.690726335532572899e-01
4.648433585633592324e-01
4.546468957791676702e-01
4.524654424396681862e-01
4.531466599359346148e-01
4.521745611013350263e-01
4.784015577917872242e-01
4.867987459544910744e-01
4.757770503860901945e-01
4.710312753543394737e-01
4.755264506654169887e-01
4.779878812436865188e-01
4.756172457088665428e-01
4.863194518589103454e-01
4.725594183485531952e-01
4.761828837768002920e-01
4.790442997672546555e-01
5.086810231517526759e-01
5.029107359243684128e-01
4.976551010033489764e-01
4.887241484128386770e-01
4.887044407918402222e-01
4.817640318713402037e-01
4.813007907249180484e-01
4.765330615074014897e-01
4.787057347160842968e-01
4.704131369392773321e-01
4.630401797098748218e-01
4.704993228188935062e-01
4.727673502223663782e-01
4.663480570219702415e-01
4.630243204142517888e-01
4.635499454665921726e-01
4.633839812593222307e-01
4.650564068437577636e-01
4.680802757907680522e-01
4.629997952566474728e-01
4.584436655269222283e-01
4.614003840072866125e-01
4.634608983452170872e-01
4.604359934376281438e-01
4.601281252516454812e-01
4.584114173910014411e-01
4.581146793802992057e-01
4.498958860847746544e-01
4.513223343567030477e-01
4.478111808904869928e-01
4.479813354250188340e-01
4.466439037505656184e-01
4.415952324722668410e-01
4.270998419426740300e-01
4.255784580205684842e-01
4.237633818142022557e-01
4.264330729726878988e-01
4.199895069115021085e-01
4.322884341076065340e-01
4.277995217842194831e-01
4.105214317688932191e-01
4.132942259214494318e-01
4.578155471678322930e-01
4.591649958275383359e-01
4.352061684915092266e-01
4.395021236756289085e-01
4.299144450059045885e-01
4.228110634865828166e-01
4.283935789866869515e-01
4.278548094981121652e-01
4.481641724494028756e-01
4.404400520002814678e-01
4.234591485278556000e-01
4.213528001861717165e-01
4.180761072235842923e-01
4.187702452651813623e-01
4.169618687516131739e-01
4.175307148686746572e-01
4.140140231233052637e-01
4.131037557978269881e-01
4.109863573221915756e-01
4.097023565086963526e-01
4.110660842175271612e-01
4.075978284297081533e-01
4.102929096062782888e-01
4.095406242360729032e-01
4.035193054021490866e-01
4.053254746232534123e-01
4.022516805703383325e-01
4.039272772219218988e-01
4.010368594309757229e-01
4.030020046949676082e-01
3.874650491269179264e-01
3.862136283879686882e-01
3.769313345708068530e-01
3.714603008520756533e-01
3.779666261025248497e-01
3.754213716537483370e-01
4.009494903417070155e-01
3.830510664289512590e-01
3.828436259999569713e-01
3.827519582943597620e-01
3.887641494213931459e-01
4.040056870761413177e-01
3.737079709773699632e-01
3.794882802631034391e-01
3.791747511708331020e-01
3.674977001640372110e-01
3.629130790637976056e-01
3.640182251683216630e-01
3.670605216896922207e-01
3.866498355314407775e-01
3.993171684901856699e-01
4.206401596314786051e-01
4.523029686766644186e-01
9.258656375004665762e-01
5.329912600415045443e-01
5.257135255899889614e-01
5.154837559600345953e-01
5.154557477948575883e-01
5.174969477111488469e-01
5.177443712933341713e-01
5.546477968791689861e-01
5.212542754321001226e-01
5.156065897395109010e-01
4.996483799721785357e-01
4.950765700451514317e-01
4.978970958478678988e-01
6.224657625890757107e-01
5.250033976870819297e-01
5.059511197283830253e-01
4.838544455820618095e-01
4.866840938421074791e-01
4.716872717340163113e-01
6.481813972296558424e-01
4.698922338851605485e-01
4.508966412984063421e-01
4.504032324918103569e-01
4.529887574378411719e-01
4.560297679476290056e-01
1.636101117708056218e+00
4.841274143794448981e-01
5.233496055637051336e-01
5.343186233252428252e-01
4.928808817373115936e-01
4.703731055361619617e-01
4.881807561965257891e-01
4.733378183385039684e-01
4.862427999182696858e-01
4.675209839348689611e-01
4.648377468665702006e-01
4.577287519216705625e-01
4.614507459789057853e-01
4.584015448211286592e-01
4.544102366696100015e-01
4.577627386625732209e-01
4.531290559349795966e-01
4.545849963142515326e-01
4.515452080861486195e-01
4.511562353292887240e-01
4.485724966763510180e-01
4.413550763413200406e-01
4.394258535003050525e-01
4.416498141503659713e-01
4.321265868686460232e-01
4.343547927590278857e-01
4.314416240349986387e-01
4.274852137605008040e-01
4.206964912110440769e-01
4.207098575780030547e-01
4.202342205106304185e-01
4.250484368598080875e-01
4.150590649685703126e-01
4.188974172794377449e-01
4.123697065313457477e-01
4.112630759733642560e-01
4.130610777250282029e-01
4.212770014349626058e-01
4.168380795871518552e-01
4.169893576378204125e-01
4.157120425941150943e-01
4.074631813976803407e-01
2.467313851600553942e+00
5.209016950235945131e-01
5.362188870754817094e-01
4.296860423237858218e-01
4.281945076409259809e-01
5.439382929470775174e-01
4.282877923894290451e-01
4.530150003839961137e-01
4.404634658810374637e-01
4.455918770237794480e-01
4.427701549656510305e-01
4.313447045829058024e-01
4.301475340275063841e-01
4.291909807882959837e-01
4.360136265348925066e-01
4.287138976760395126e-01
4.134018176491150998e-01
4.100010334015098401e-01
4.064030690397375523e-01
4.122890135342912044e-01
4.081265027461119521e-01
4.072104486440083493e-01
3.990881737302026666e-01
3.957414821637550428e-01
3.935088435860475409e-01
3.943628011655236354e-01
4.013277464999073230e-01
3.980667116840684305e-01
3.939664020157244151e-01
3.915074002309168466e-01
3.931378795103551149e-01
3.901513253512287061e-01
3.892948080934618416e-01
3.880125345692058692e-01
3.868937231743502791e-01
3.755039247962532745e-01
3.666520031965935789e-01
3.717118068804939890e-01
3.668751408415578674e-01
3.694362601245663180e-01
3.682217137265383355e-01
3.637475029024894724e-01
3.775765086742237653e-01
3.667540266297835139e-01
3.709453796739156095e-01
3.637079380962342512e-01
3.687758292885583433e-01
3.692386464092457521e-01
3.910910946680288269e-01
3.863283592788223642e-01
3.699021077640731736e-01
3.674905072535571970e-01
3.678965586835080681e-01
3.592554293595618398e-01
3.735726244926202977e-01
3.712806979401550578e-01
3.700850619986227885e-01
3.703257647564870414e-01
3.706348187272993644e-01
3.746147096668155929e-01
3.712689921693960726e-01
3.706923797828511891e-01
3.726356189061165725e-01
3.714992399316636718e-01
3.745025637897664850e-01
3.703561283167104978e-01
3.851544687709119730e-01
3.844481233858663694e-01
3.843872266493798540e-01
3.830794949237462110e-01
3.820701365812172456e-01
3.895201422690525161e-01
3.963249943879638137e-01
3.913391060490192808e-01
3.821110112869942621e-01
3.822617815912944250e-01
4.044991072079321404e-01
4.184897292408601976e-01
4.067666616421695136e-01
4.032695425554547186e-01
4.085337595709037650e-01
4.082987667304485702e-01
4.068329853410970198e-01
4.063212804572837733e-01
4.093688208094979908e-01
4.036532948958948541e-01
4.021019781759185840e-01
4.080918585394262554e-01
4.176419140225715032e-01
4.130008129936189043e-01
4.618007052739845353e-01
4.458964640707635541e-01
4.408512735814860140e-01
4.322418685484053502e-01
4.180622017426078862e-01
4.400425071371446006e-01
4.577061536436072275e-01
4.550049038717674521e-01
4.487244677080985955e-01
4.465111866749302827e-01
4.383681031660331406e-01
4.308391089298955756e-01
4.475462194150745532e-01
4.262507400461160167e-01
4.341931534276182170e-01
4.302388583233396346e-01
4.363254620750816049e-01
4.303989970670393239e-01
4.345257674358526390e-01
4.265920195220106459e-01
4.313987595573037237e-01
4.313646817519513066e-01
4.319315949372969365e-01
4.270580140906362066e-01
4.265044246273578810e-01
4.240676595766801338e-01
4.281578750112058351e-01
4.262220578724467135e-01
4.271293024247491132e-01
4.272409078159158935e-01
4.202821370632180975e-01
4.205290756117048834e-01
4.189135790706816631e-01
4.136629717661924333e-01
4.171984562683028197e-01
4.129182406862200727e-01
4.393437774265488427e-01
4.375229230249595425e-01
4.351703567231851588e-01
4.391930051909516131e-01
4.405524922558093914e-01
4.295536401560952067e-01
4.263237677349434596e-01
4.150862080647859109e-01
4.109819578425097930e-01
4.101090029650834023e-01
4.257470571850801577e-01
4.176878678032785452e-01
4.112216319188812252e-01
4.126556200766381965e-01
4.093965998565413100e-01
4.108713966103453297e-01
4.083146855194491609e-01
4.032558203368291627e-01
4.045885822641870355e-01
4.064528581999408141e-01
4.035172296718153029e-01
3.993915771966987105e-01
4.071270269604733150e-01
4.019423562888479462e-01
3.998744547245688397e-01
4.019218610029069438e-01
4.000031138357456606e-01
3.965021829398923114e-01
4.028896740665177667e-01
4.026906111139393896e-01
3.963386441867180476e-01
3.941747995019611039e-01
3.919459046631744714e-01
3.963421851661036444e-01
3.950381562396130253e-01
3.904756748976436764e-01
3.867633315221397639e-01
3.838674752838978077e-01
3.845539500794772358e-01
3.841924256928346271e-01
3.804105412330145430e-01
3.768824426753206724e-01
3.788015415805691122e-01
3.725241210050671548e-01
3.779273091232704385e-01
3.881246791777239746e-01
4.066807759682097290e-01
4.309314139380082120e-01
4.398841394300666008e-01
4.441714073769320592e-01
4.463631974188140283e-01
4.390540625281265097e-01
4.487673427706407869e-01
4.376708309461968538e-01
4.320221968368104792e-01
4.266926696514998785e-01
4.283515902698640798e-01
4.324924568105686928e-01
4.311694188748446677e-01
4.307600192201633815e-01
4.316668018053357314e-01
4.363213315475814036e-01
4.355903087753113523e-01
4.213811539475353363e-01
4.285181711661963933e-01
4.216497155325805712e-01
4.248295759251348169e-01
4.303419926572357168e-01
4.240195114563545253e-01
4.118074338943999435e-01
3.983574028432103065e-01
4.041965781268599400e-01
4.058005361446294090e-01
4.307089389150959846e-01
4.357477531202130772e-01
4.311626728809653253e-01
4.186232751250229533e-01
4.232907961429778210e-01
4.216935158006316908e-01
4.193505659802891361e-01
4.392704561246215667e-01
4.338935133258440824e-01
4.304385989869250473e-01
4.279182034809546620e-01
4.415052319239961554e-01
4.358230597442276366e-01
4.281198685189187003e-01
4.298935737982292893e-01
4.344545865929182460e-01
4.320850476096844694e-01
4.494737054246322749e-01
4.522293759130401325e-01
4.383962504645311231e-01
4.345598741728465275e-01
4.332258255569123029e-01
4.478169105717138554e-01
4.471494787261357517e-01
4.473479772874917049e-01
4.431065950641366324e-01
4.435611151908758210e-01
4.404180582115800324e-01
4.416774251556438990e-01
4.419678864645771310e-01
4.409727074679825609e-01
4.398363433581875537e-01
4.404885714130927221e-01
4.407479383269928830e-01
4.387272776043545930e-01
4.361145721411168186e-01
4.395726707382731635e-01
4.375839853279397951e-01
4.352893349717061322e-01
4.289098963327885317e-01
4.267494844477117133e-01
4.306923000048732963e-01
4.300705813214082407e-01
4.283938994140249479e-01
4.302741845722238834e-01
4.307872956704462131e-01
4.266154736720331742e-01
4.322438384617893758e-01
4.320685356155116730e-01
4.304252868780166774e-01
4.293560666019420324e-01
4.323689149497291773e-01
4.346833860275109429e-01
4.227581123155225162e-01
4.087601555004821696e-01
4.037133293667782841e-01
3.997390982039280560e-01
3.918558905469567977e-01
3.874931186547112549e-01
3.867979142471320020e-01
3.875218516317134876e-01
3.976375525613727868e-01
3.983400286081179020e-01
4.035920713299243068e-01
3.983757735922699439e-01
4.049802163093415563e-01
4.037737841873817457e-01
4.095785881101826065e-01
4.076043788434501325e-01
4.044035209258987074e-01
4.203205110040209025e-01
4.185904497992969375e-01
4.168089423201611909e-01
4.316751756701551201e-01
4.330872868025800182e-01
4.351050026902077428e-01
4.324933183814838045e-01
4.349519951233777881e-01
4.399692814007897246e-01
4.300418231465255037e-01
4.342789849538956637e-01
4.357539916915844636e-01
4.416867644226614154e-01
4.650695772216948409e-01
4.486625081805353243e-01
4.467717144772738735e-01
4.472311787926782634e-01
4.460476604424725711e-01
4.411081842363058225e-01
4.392279801457013022e-01
4.388615720684242438e-01
4.360710887945096204e-01
4.360509382410382440e-01
4.399937854495233336e-01
4.349813512101312063e-01
4.396509556773317007e-01
4.362943270507264604e-01
4.350530229109720315e-01
4.363794898141352685e-01
4.321631315216607483e-01
4.409946063168644348e-01
4.393090093911555805e-01
4.366151703929824768e-01
4.349869906332631819e-01
4.287606822169315324e-01
4.361872657537150255e-01
4.439765498696236490e-01
4.458625438075883851e-01
4.183043351417768951e-01
4.197929610087915986e-01
4.144802741369986721e-01
4.131559597319091615e-01
4.537438401772171392e-01
4.422933173671229068e-01
4.379405545232595287e-01
4.288558717694209710e-01
4.239866955933596637e-01
4.225159075860299707e-01
4.187666848998424229e-01
4.180966642623969443e-01
4.149287081817791267e-01
4.222109135350573528e-01
4.164472902169473745e-01
4.147374946808902729e-01
4.123208995482992578e-01
4.142865646397071444e-01
4.112945095592753786e-01
4.070432991665768885e-01
4.083009815819168553e-01
4.064955625212026136e-01
4.240162191678681358e-01
4.436300041253379844e-01
4.455794340956797384e-01
4.439494595711457325e-01
4.411379412138709544e-01
4.413243440463491818e-01
4.432948235516805946e-01
4.466882292686622513e-01
4.494312143581983277e-01
4.526045269386764769e-01
4.369740857202534801e-01
4.423033118867298885e-01
4.473330879800876403e-01
4.491762351863098357e-01
4.488946892469229955e-01
4.358852200736270111e-01
4.448387737335373071e-01
4.383564693790318323e-01
4.527390180560482147e-01
4.689564034772318868e-01
4.670016330702615459e-01
4.666740015265802288e-01
4.670361036000437727e-01
4.585117067397260771e-01
4.614722305674194835e-01
4.615110343295239503e-01
4.563793492379670802e-01
4.634530181379205027e-01
4.521772961468922825e-01
4.487646991438328792e-01
4.514641685223582668e-01
4.491939413943272230e-01
4.471417678024232067e-01
4.476552250852660064e-01
4.427135486184389235e-01
4.455617679080052795e-01
4.430214889599277117e-01
4.348242011877375690e-01
4.389050762299247510e-01
4.306200560164655800e-01
4.411572099030058869e-01
4.344988476992468485e-01
4.300265009876608202e-01
4.327181805033983863e-01
4.288641002929333146e-01
4.272231883075376935e-01
4.301386607157185460e-01
4.299957298219738711e-01
4.232785336614111049e-01
4.216568208522689654e-01
4.277231922705315714e-01
4.228351987679330737e-01
4.209888195869466165e-01
4.264370140607519066e-01
4.369793683715831323e-01
4.637864272681450628e-01
4.631267517957655122e-01
4.641959679015187912e-01
4.685333828104792375e-01
4.542972202278215410e-01
4.518145659122922986e-01
4.604851481032038452e-01
4.630144843494451989e-01
4.606849598634351062e-01
4.582094621181919125e-01
4.564800829030846718e-01
4.564534051395818803e-01
4.576321439913744182e-01
4.537086043245035505e-01
4.633510930697736785e-01
4.571684034423530441e-01
4.627964742616392790e-01
4.524591000755586179e-01
4.598903818375483787e-01
4.595425442101173097e-01
4.591611912634873671e-01
4.486016640004160672e-01
4.441916687056277624e-01
4.506704919675151300e-01
4.538697378433146357e-01
4.500908250567626223e-01
4.491279789812280265e-01
4.630292124447512592e-01
4.390678831684063366e-01
4.476720686316942310e-01
4.404342253559025977e-01
4.366371054696627230e-01
4.328899779180976348e-01
4.361633998624158681e-01
4.419803291066561890e-01
4.655809871648629583e-01
4.267122006432081949e-01
4.339373448961129087e-01
4.359114007542506664e-01
4.392586701134383320e-01
4.457534116140233760e-01
4.357279613681855346e-01
4.385127346597431641e-01
4.425801809525863884e-01
4.378948841578404472e-01
4.283332018323406376e-01
4.228511716114570773e-01
4.167038820032372692e-01
4.105928001728428312e-01
4.154597779460791340e-01
4.150584942512263176e-01
4.055084042073447970e-01
4.160834064040095370e-01
4.158298361145004174e-01
4.248769214796785376e-01
4.210156258307963251e-01
4.255422764843275196e-01
4.207690346388006652e-01
4.228267447245173116e-01
4.222559763806007505e-01
4.149329082182220407e-01
4.174128128332187382e-01
4.155426299110779320e-01
4.126089039809632819e-01
4.079940157970795567e-01
4.275418502689712907e-01
4.373752066506929048e-01
4.335323347834140195e-01
4.294426794661665436e-01
4.296304682569473399e-01
4.259541691449300060e-01
4.272068172205149561e-01
4.163587576105395316e-01
4.087411690882430393e-01
4.114811767385924135e-01
4.049856856216698109e-01
4.100233628938779740e-01
4.075647686375154510e-01
4.130021265735171476e-01
4.140915340405156297e-01
4.144616151829521589e-01
4.033585527731532450e-01
4.121920666197831373e-01
4.218108495311311823e-01
4.445683748475718344e-01
4.445745444105126398e-01
4.632702864727423209e-01
4.665953536939199120e-01
4.838051646073159295e-01
4.906588271654188649e-01
5.003550331067838641e-01
5.036800536398902128e-01
5.093294287771483742e-01
5.092049356337474686e-01
5.059911450548689738e-01
4.947518198201885653e-01
5.033659404228221224e-01
4.857597438657527134e-01
5.073855014360026949e-01
4.871090527336548459e-01
5.034411888744531050e-01
4.805239185409326819e-01
4.828457923961502196e-01
4.823404172907492793e-01
4.822776479832248109e-01
4.770553503827729136e-01
4.727328934963537788e-01
4.711506852300163528e-01
4.719645041188507140e-01
4.996671306048805494e-01
4.784539058353212138e-01
4.721826946064385799e-01
4.795890925825933016e-01
4.682581390572008173e-01
4.721582527856432177e-01
4.712165753127134371e-01
4.610942568030319544e-01
4.623522081275580065e-01
4.641312260144191959e-01
4.570819249792813510e-01
4.610851480778541678e-01
4.645463461462707722e-01
4.471022347050180867e-01
4.532246131375542442e-01
4.579128000329723003e-01
4.508227516173928251e-01
4.670336912713078936e-01
4.567647719628197822e-01
4.476279617185791038e-01
4.553006074012564408e-01
4.384449531650278509e-01
4.281016014043951268e-01
4.209654904710616319e-01
4.194982895340203521e-01
4.252801808269053851e-01
4.276954705664555156e-01
4.240090291242368803e-01
4.217915003464683954e-01
4.257154988819694674e-01
4.232655798394737712e-01
4.262094460744693114e-01
4.230693326422821365e-01
4.297706197509501003e-01
4.273885616454577985e-01
4.317915556077916994e-01
4.256203501726742999e-01
4.288860123305242023e-01
4.255647741639561055e-01
4.245681473974775022e-01
4.229088070665270593e-01
4.149423706412598278e-01
4.148096544818674070e-01
4.160323531304023770e-01
4.153724034710456481e-01
4.142110546535622273e-01
4.143436445834807746e-01
4.115197170657140524e-01
4.121570818292527583e-01
4.103943617634305263e-01
4.103898832469213831e-01
4.054992895500653671e-01
4.098582314047455322e-01
4.056178016910458872e-01
4.086034803639647661e-01
4.155907855844327425e-01
4.069690457299856567e-01
4.038517583268901867e-01
4.042166391726578767e-01
4.040417587098720786e-01
4.295796607005419321e-01
4.259942173006211474e-01
4.231176016903844261e-01
4.271342226139769327e-01
4.361375905262166452e-01
4.397718098662344866e-01
4.515995262710783553e-01
4.595014313442106757e-01
4.533108600194184490e-01
4.573284083266023758e-01
4.539048788068014151e-01
4.516713789638862053e-01
4.584544759240644085e-01
4.452414514023211312e-01
4.463402829387684845e-01
4.504070066820935470e-01
4.398754274839995482e-01
4.412080884450345630e-01
4.338762959461430757e-01
4.467850080418261927e-01
4.513859645994660053e-01
4.531946996880739098e-01
4.407728249319415870e-01
4.441401387408739354e-01
4.595029757128551995e-01
4.759669098080981375e-01
4.731624607654447145e-01
4.863715278635241668e-01
5.023481584740998596e-01
4.936220872802511428e-01
4.976583591830404107e-01
5.320791661075152668e-01
5.163809303612425516e-01
5.128512655205345050e-01
5.102601664417765193e-01
4.798005458908980447e-01
4.837634139964937519e-01
4.774951828798988940e-01
4.843353107346583530e-01
4.802014793966348782e-01
4.792690138562045177e-01
4.758010921313159391e-01
4.759875572180841674e-01
4.858220509436128598e-01
4.577309695234116349e-01
4.515121754736036719e-01
4.604879465648432646e-01
4.829159935829839823e-01
4.721535160337096970e-01
4.658468052609466836e-01
4.701854373828151523e-01
4.553947767187181972e-01
4.530572736612376583e-01
5.019189352129168613e-01
5.112435730951432333e-01
4.699086345719546420e-01
4.460716720470607188e-01
4.465824436725635005e-01
4.478235435714078561e-01
4.831713985418516488e-01
4.524933582554243605e-01
4.616648298068757317e-01
4.515117263746377674e-01
4.297913001102562913e-01
4.489707122849667664e-01
4.333294487822532681e-01
4.308185068012068131e-01
4.380724809894129268e-01
4.407539412339189222e-01
4.371157997194263234e-01
4.322099124215815769e-01
4.715776319671998174e-01
4.519923320544682599e-01
4.224950527009888046e-01
4.223728244689093358e-01
4.132839672785534324e-01
4.148484420429756070e-01
4.159320600712130833e-01
4.127781489891301225e-01
4.155118762999251425e-01
4.190572207182133857e-01
4.247993680219180890e-01
4.405941239005727317e-01
4.505383924782539462e-01
4.599654391493210870e-01
4.719951981151903064e-01
5.351879562989640959e-01
5.275896418598269300e-01
5.488214547872201088e-01
5.632927678912285074e-01
5.427245673478289234e-01
5.498187668877911882e-01
5.840730509990863517e-01
5.931551824436506193e-01
5.520739858175756076e-01
5.541919989093760934e-01
5.631846481535862647e-01
5.562673276832784675e-01
5.516087135371681160e-01
5.603222674419233718e-01
5.524774587965396444e-01
5.512772257242568585e-01
5.506720482546413331e-01
5.546575776268792835e-01
5.534334557170321744e-01
5.539968685984636432e-01
5.396358510129113384e-01
5.334047252478496537e-01
5.385991925646433920e-01
5.315554356870745289e-01
5.308245431385795188e-01
5.263285614444050964e-01
5.278225300229166805e-01
5.260263878044817432e-01
5.247568259870747376e-01
5.190860068814077133e-01
5.107136644513929902e-01
5.107844605102398461e-01
5.093095468282260452e-01
4.990762694902176611e-01
5.030704881045533483e-01
5.019213811572891260e-01
5.055272885802990501e-01
4.861032966881908557e-01
4.886085799854136269e-01
4.939512113993609344e-01
4.842209301332747184e-01
4.937294889086129568e-01
5.063310432900838265e-01
5.025694207618435216e-01
5.080798978073723937e-01
5.010565969937852415e-01
5.012238657264510566e-01
5.045340681990420073e-01
4.995679830795218823e-01
4.924872929836066060e-01
4.900413226148250811e-01
4.885832837186987465e-01
4.869915888875827603e-01
4.804448360793537320e-01
4.856900386316099771e-01
4.745725070825870806e-01
4.811446822910067089e-01
4.823952310017953771e-01
4.688464307667281616e-01
4.816946289820208671e-01
4.829259847359773650e-01
4.822522441253273562e-01
4.844473917154557552e-01
4.722532477445015031e-01
4.707567821653840245e-01
4.676513584661771139e-01
4.670469337436786716e-01
4.714398025788566482e-01
4.641485330873406090e-01
4.545302177708449021e-01
4.840060764005039706e-01
4.458374823331581194e-01
4.639456879855074489e-01
4.523514090896242346e-01
4.455862822601796003e-01
4.473196658597984876e-01
4.539294105871881646e-01
4.337196457675872030e-01
4.318369881026045132e-01
4.282130402719402373e-01
4.226404982614162531e-01
4.423596395266107262e-01
4.502821515485734283e-01
4.396811207383065634e-01
4.619471251918841337e-01
4.600187526863555587e-01
4.446463979547125023e-01
4.526114836475796932e-01
4.479688495915650215e-01
4.465925401949891738e-01
4.456211543471776393e-01
4.513817275490782932e-01
4.483948456598362275e-01
4.572864743197791459e-01
4.625312464262488210e-01
4.570403556952314372e-01
4.513727219481071806e-01
4.576838674547756280e-01
4.548783268874941332e-01
4.591348079604526955e-01
4.707465716198063754e-01
4.657294081967625066e-01
4.629826008816124161e-01
4.684581265690674345e-01
4.496866296263882790e-01
4.536725707404976049e-01
4.647450100350327684e-01
4.564008391389813846e-01
4.678874332829812688e-01
4.562080194190397675e-01
4.483852354139358787e-01
4.393984975580401686e-01
4.478185229790799249e-01
4.355721906170114677e-01
4.260510046727719047e-01
4.320972410225554228e-01
4.327438061121746116e-01
4.391865748264678904e-01
4.291922034005424269e-01
4.296555123790131714e-01
4.171935111311560473e-01
4.169465367093878050e-01
4.185832475091540994e-01
4.160915954660623362e-01
4.242899780991099545e-01
4.248574871538159936e-01
4.228497888691825080e-01
4.176578569617326320e-01
4.112708020148440613e-01
4.258256178724050267e-01
4.247941932813439347e-01
4.342740567526564566e-01
4.350241991171922562e-01
4.290328533415209700e-01
4.171994642605268422e-01
4.592736587430252815e-01
4.683253381013243732e-01
4.350487358885714029e-01
4.639843173218307637e-01
4.372074072867340178e-01
4.415375461166028970e-01
4.396543277539770589e-01
4.398909237079927648e-01
4.415060512386671521e-01
4.456173944805834064e-01
4.418186295411904441e-01
4.451154526405129985e-01
4.416855082522005427e-01
4.387634032617290791e-01
4.434920520170390068e-01
4.413183049316520279e-01
4.378220452287574505e-01
4.393771980469449168e-01
4.280290961992593846e-01
4.274204825593241885e-01
4.322079071757392033e-01
4.275813717687477755e-01
4.261164168267150831e-01
4.249478977166517568e-01
4.988904903004226510e-01
4.240065207861001273e-01
4.237262852312735917e-01
4.304778313624575414e-01
4.550507516580285516e-01
4.659652895495852154e-01
4.760203640959312366e-01
4.672881434936831391e-01
4.717164920006072792e-01
4.641088635478705093e-01
4.478290500881348946e-01
4.468704845650341428e-01
4.680746528366431791e-01
4.571816277210311030e-01
4.557072859637936735e-01
4.499110899269491703e-01
4.532638359836149711e-01
4.508521670650493807e-01
4.436250854128135912e-01
4.486396498417877243e-01
4.540763190125274296e-01
4.542248709888112024e-01
4.617547506293415704e-01
4.561185758076813368e-01
4.731707140813877221e-01
4.551730633100483647e-01
4.504167489869039809e-01
4.812385571400862871e-01
4.609923949143911459e-01
4.742529790537594048e-01
4.448865146035280715e-01
4.517304960623499399e-01
4.688304034543874232e-01
4.505671680367075438e-01
4.438222156800515905e-01
4.366324878593383918e-01
4.477920858960739992e-01
4.340910006436853319e-01
4.375299743418369358e-01
4.325463851576509811e-01
4.325761885347311209e-01
4.340164777925211159e-01
4.310341573081200028e-01
4.330078479706138128e-01
4.300551095270729318e-01
4.288762385503817054e-01
4.239018170686144615e-01
4.255264157990291674e-01
4.247942473185985501e-01
4.218447664820864640e-01
4.261842894479018762e-01
4.256027765988636413e-01
4.434755062333184950e-01
4.379252277312028485e-01
4.359283076531355605e-01
4.362306405317628033e-01
4.425712770689015363e-01
4.384459247204635091e-01
4.458452414938404162e-01
4.348614148464102214e-01
4.435186776764736272e-01
4.452808632205592643e-01
4.447360284603835701e-01
4.401060423678980205e-01
4.436401263415535312e-01
4.384005713381713965e-01
4.469341791717619250e-01
4.441887107259634426e-01
4.447480627036967671e-01
4.312607154682394084e-01
4.259664568353465630e-01
4.197678535476503381e-01
4.282530616552743252e-01
4.291721075846058886e-01
4.330495300683085413e-01
4.312642581589785640e-01
4.234099157963961413e-01
4.222012663681727895e-01
4.228588081763013928e-01
4.247980677713409925e-01
4.260869444539958639e-01
4.254616550831229471e-01
4.359963410223794411e-01
4.237884062906721594e-01
4.267483438282694275e-01
4.255050676043919400e-01
4.219141866974364108e-01
4.262452249490171208e-01
4.383020902537428376e-01
4.387467008862327988e-01
4.476944917639932298e-01
4.416617358678851524e-01
4.370493431112070226e-01
4.388183276087990192e-01
4.286586447148930668e-01
4.302041537156934270e-01
4.648820192121001504e-01
4.561230303096504568e-01
4.597569603220137968e-01
4.665843873862112190e-01
4.699046723929585223e-01
4.818533363466122044e-01
4.492551151491114281e-01
4.487868790533949825e-01
4.496689477352229236e-01
4.520666889165759761e-01
4.488791428868409428e-01
4.468313373223716800e-01
4.485731661221225575e-01
4.511735129325140647e-01
4.521462535620340839e-01
4.506324562973804682e-01
4.463871057857387026e-01
4.469763023176625549e-01
4.513387510760606958e-01
4.468397105626891186e-01
4.503113257588937657e-01
4.415599411465149227e-01
4.520829693395832516e-01
4.342613105663368223e-01
4.270448805690176819e-01
4.285386944797340281e-01
4.331528855460005656e-01
4.265467500640561793e-01
4.239132285757463703e-01
4.260558541266352139e-01
4.312568806143091682e-01
4.280004684072266641e-01
4.241603331686465972e-01
4.192196047648786839e-01
4.120316731178182978e-01
4.110088543721356347e-01
4.392875212115030514e-01
4.348414930101951459e-01
4.205373204602697590e-01
4.236426138740628788e-01
4.181264442992354557e-01
4.183432231660035305e-01
4.319254727830726392e-01
4.235893694184842406e-01
4.228653964761353024e-01
4.227105225058295779e-01
4.232623882957318173e-01
4.207665269520559082e-01
4.239119523897570407e-01
4.252870472116111467e-01
4.354427174754212371e-01
4.290407269476800844e-01
4.294715990903856806e-01
4.282873648440818082e-01
4.251961591898306136e-01
4.286116538371985696e-01
4.286719015096869811e-01
4.277248697835212554e-01
4.189393499328273318e-01
4.436588778867073257e-01
4.220609487449053510e-01
4.146344992904535953e-01
4.281552501492990048e-01
4.241160404635357928e-01
4.299049364024598585e-01
4.324175661965928841e-01
4.372611227995312211e-01
4.376403588590304650e-01
4.369823931862626409e-01
4.396644176789953895e-01
4.432241304789613645e-01
4.471186876419548928e-01
4.676909980869098926e-01
4.451260002261131499e-01
4.437595225140162358e-01
4.448543332544348528e-01
4.576185103546838162e-01
4.434889375149924096e-01
