3.480066304294980872e-01
3.441904157154384580e-01
3.498956265711318236e-01
3.373729734695944393e-01
3.383394989020868104e-01
3.417672696661747112e-01
3.248044889631919729e-01
2.998082758603928255e-01
3.422266374392599064e-01
4.276224038274560879e-01
3.914078949556190068e-01
3.549596594500422642e-01
3.581507138712443084e-01
3.553223194123872331e-01
3.480094265966933165e-01
3.146100976927105330e-01
3.193020952560736148e-01
3.071631038547229520e-01
3.095436906170935254e-01
2.996909816782542535e-01
3.011003447704223568e-01
3.019865609694685205e-01
2.985695256695696798e-01
2.952217450849356495e-01
2.915430322972203392e-01
2.939242627374920591e-01
3.015015502531093183e-01
3.032187705916793430e-01
2.994128360670021971e-01
2.959628494284630706e-01
2.935298799364071676e-01
2.894885186953713441e-01
3.077319755937280021e-01
3.206133691125965801e-01
3.067615678037864946e-01
3.398078407918516120e-01
3.599658253220739956e-01
3.814811906292465138e-01
3.309197522874123276e-01
7.135969611324206596e-01
3.593050987783038552e-01
3.456542480438568044e-01
3.602604167623821851e-01
3.545536554161799470e-01
3.540754130239202047e-01
3.505909827674721924e-01
3.542352908427442437e-01
3.808768599608995942e-01
3.757334012542039026e-01
3.591670003676163958e-01
3.560633048273559864e-01
3.542536175708983492e-01
4.038690026568624858e-01
3.772100414093609855e-01
3.907776163122920754e-01
3.890301079501346515e-01
3.974749751860882641e-01
3.678192845248121068e-01
3.660242036376926134e-01
3.641909226169651181e-01
3.644597429920768961e-01
3.625415305814934652e-01
3.574379279881600979e-01
3.481699564761763788e-01
3.476084613641806653e-01
3.473370044486608355e-01
3.493744784699504002e-01
3.930223621939583634e-01
4.259682431571817363e-01
4.245495770509984945e-01
4.180392011229175364e-01
4.067739768363765607e-01
9.569970959178539793e-01
6.781425942525798334e-01
4.115862734826166713e-01
4.129843327751117066e-01
3.963083255022101792e-01
3.940080111473704960e-01
3.897009034323309917e-01
4.035961759343316135e-01
3.996652062927589233e-01
5.336782063380406393e-01
5.554080103879335262e-01
5.415659724291742583e-01
5.407297615135066016e-01
5.452088419911141903e-01
5.463101889904906638e-01
5.443781461481091988e-01
5.392415506024113014e-01
5.330659409839570984e-01
5.203623488239030870e-01
5.275038546236705539e-01
5.252398491884440190e-01
5.390339325945954219e-01
5.203530551279251792e-01
5.284360453010736869e-01
5.022737680702777929e-01
5.188333214718103825e-01
4.938649102590606521e-01
5.043805960668374944e-01
4.969710527106842579e-01
4.748142605283616202e-01
4.679265894849632401e-01
4.753427559767181010e-01
4.639440271911129954e-01
4.708007794794896728e-01
4.703287710034201319e-01
4.593032433736152220e-01
4.575937071452365057e-01
4.592217728056500747e-01
4.757951601695060706e-01
4.788741478348809144e-01
4.711923570028545560e-01
4.674164325040313095e-01
4.643779703257087110e-01
4.599392478846592303e-01
4.568665345672895950e-01
4.788672258852053054e-01
4.810751948823959734e-01
4.832838666185202969e-01
4.832588629801393698e-01
4.784208675284202239e-01
4.791915969975616418e-01
4.737823551676718092e-01
4.681988913469373181e-01
4.676688174694403899e-01
4.625027468891386162e-01
4.597718174985852002e-01
4.650558639751164458e-01
4.713295978656095730e-01
5.192875818363106299e-01
5.090415185905502460e-01
4.996611010465308866e-01
4.968818925123681396e-01
4.819721862591276329e-01
4.823990674030804726e-01
4.831246854406319180e-01
4.801538458469625237e-01
4.806796032334074154e-01
4.867754462985958708e-01
4.704267737065419563e-01
4.522086905214770525e-01
4.500170859282339730e-01
4.509808621416269148e-01
4.634649172468792711e-01
4.496460574611877981e-01
4.471046415181354483e-01
4.583366933506419216e-01
4.828867887132784475e-01
4.790503157961680802e-01
4.773016840795270554e-01
4.729784289633164329e-01
5.857171984991901281e-01
5.633862866085588283e-01
7.303916301524862043e-01
8.439965728037506221e-01
7.293576741924057139e-01
6.641423107564706774e-01
5.603933929698697858e-01
5.611304454588343926e-01
5.613274643919872187e-01
5.658057607805725420e-01
5.578183529038668320e-01
5.700391776381648068e-01
5.468953335284938433e-01
5.561464088795857741e-01
5.676991260026409414e-01
5.678482416127823562e-01
5.705003613383552441e-01
5.698259271999834841e-01
5.576807529996772317e-01
5.499987544882732893e-01
5.052971914424099209e-01
4.915183354483241285e-01
5.036970606978831144e-01
4.923665080563789931e-01
4.891208005873223796e-01
4.918854650718480492e-01
4.886455323581847532e-01
4.908003726567790048e-01
4.858281279439143896e-01
4.811425844480914371e-01
4.822179248323306133e-01
5.313254890806672348e-01
5.298030220565284054e-01
5.196478080051516457e-01
5.169571451693515396e-01
5.104980164674024490e-01
5.189814560311716285e-01
5.197165139736503736e-01
5.079081641204872266e-01
5.028491606722860219e-01
5.004703862145010174e-01
4.995587642999191891e-01
5.080615132561502323e-01
5.169387578749611301e-01
5.166969943755097550e-01
4.839353653398159594e-01
4.846154943841614049e-01
4.808168692877354822e-01
4.760343825759441039e-01
4.748036003227070756e-01
4.727833467928108657e-01
4.661029970495056407e-01
4.681164917874015563e-01
4.506655347091409469e-01
4.230975184563906533e-01
4.212616989862264516e-01
4.109215602205655848e-01
4.107736294384694009e-01
4.085043594097126918e-01
4.053145055604739921e-01
4.036418662218893005e-01
4.044716426113765806e-01
4.049972242001784184e-01
4.014303178364515001e-01
3.975547025645722043e-01
3.903777750279645575e-01
3.923689400297604712e-01
3.876295046282950407e-01
3.865814818369884831e-01
3.859098153358521133e-01
3.790335875275674393e-01
3.765187131766848938e-01
3.761269787841589052e-01
3.740103202686920758e-01
3.733385365798614353e-01
3.618715756482080992e-01
3.486132183531983619e-01
3.495838937406748337e-01
3.504633805037364325e-01
3.360033062198030662e-01
3.256791135134999848e-01
3.247840334848627331e-01
3.248125429072801218e-01
3.208324894683425854e-01
3.296418926308367636e-01
4.136850167222653751e-01
6.010795449511905364e-01
5.940790586759490122e-01
6.261874595319418813e-01
6.292030912012274158e-01
6.754374141067834847e-01
6.733397078215073162e-01
6.500063843294239252e-01
6.485027579329639691e-01
6.624867666402016742e-01
6.226069575952541957e-01
6.271069897682824967e-01
6.179803352010582174e-01
6.166530309082134398e-01
6.157893498554247724e-01
6.215136513838276366e-01
6.207446454995543261e-01
6.254507491546186237e-01
6.252165099411571836e-01
6.170928823874698432e-01
6.245955893826631300e-01
6.120147006577566495e-01
5.914528218312070651e-01
6.151933409046158596e-01
5.919906321749359712e-01
6.132748789388756672e-01
5.875649682753915082e-01
6.122084206348737956e-01
5.686974844527492579e-01
5.704120908419744174e-01
5.703349174591628712e-01
5.701630864618300043e-01
5.639206418617684902e-01
5.646878374712318571e-01
5.644663418330829741e-01
5.661820294051880254e-01
5.642847501191321502e-01
4.954884888002505927e-01
4.860949177885347527e-01
4.855512541010814087e-01
4.837099118235232975e-01
5.472235106212159916e-01
5.450819380946059223e-01
5.505791174845322544e-01
5.593199109402267055e-01
5.437407460297178918e-01
5.312711700628605094e-01
5.304128909100200850e-01
5.299345714710376187e-01
5.294953635398655933e-01
5.272978937826134915e-01
4.922192536368155680e-01
4.922385122638682775e-01
4.880571292215512558e-01
4.736086937383083284e-01
4.739140712047749115e-01
4.734101479915734934e-01
4.748063445803592519e-01
4.653796911435655881e-01
4.613775471326033717e-01
4.601973342610159445e-01
4.624248313506923447e-01
4.610925763347596407e-01
4.616326383344614981e-01
4.609275363663713487e-01
4.402938213734468031e-01
4.412514364195816441e-01
4.404985505581601180e-01
4.407677150837430169e-01
4.413666158715838783e-01
4.055072937859014459e-01
4.046626125665536144e-01
4.015357454778030188e-01
4.026069188760527662e-01
4.033386910189508123e-01
3.894751005796280308e-01
3.892515440760150880e-01
3.927731530246233449e-01
3.897174599903666103e-01
3.756754913966531828e-01
3.554144090615382057e-01
3.553104374730197135e-01
3.553572518288616866e-01
3.608980549569095198e-01
3.538094004892314848e-01
3.440146922716184608e-01
3.399232809491196106e-01
3.378752530486968109e-01
4.185398477956044916e-01
4.596630853570491393e-01
4.491236495260605976e-01
4.461299179798696168e-01
4.130152475128866518e-01
4.140084655850452267e-01
4.137023701516021057e-01
4.132933184785553826e-01
4.141094365224171625e-01
4.157735734603928979e-01
4.177355972257596473e-01
4.179820135869415365e-01
4.167731913815622136e-01
4.155016942963895565e-01
4.913087738264056425e-01
4.923746584684109417e-01
4.936580368800536633e-01
4.927919276455439701e-01
4.646560718933767653e-01
4.665172739541046942e-01
4.582451446375234161e-01
4.236493598549793682e-01
4.212306111942606401e-01
4.225028064084081492e-01
4.220956692570203006e-01
4.234417275178276041e-01
4.232264456156327181e-01
4.455684793856616865e-01
4.436383878550217430e-01
4.407302483911535451e-01
4.438861883598346769e-01
4.464954544511656742e-01
4.453739672638198921e-01
4.404817136345591799e-01
4.415990717577013558e-01
4.385590312320006290e-01
4.357390368699426975e-01
4.379235952557183342e-01
4.417433229963846353e-01
4.275712233613231383e-01
4.141681261524255420e-01
4.116817582370579376e-01
4.118188884081018797e-01
4.102228234775218141e-01
4.093736500075377260e-01
4.094444666169927971e-01
4.090596281086785746e-01
4.090334293112721231e-01
4.088499407708460764e-01
4.102059283935814982e-01
3.937640922533031662e-01
3.920984435548159341e-01
3.920354633945738465e-01
3.943035408617807103e-01
3.947705508624613224e-01
3.949776282867762944e-01
3.954694291640924453e-01
3.717323108910859375e-01
3.705582831253017573e-01
3.742712107472944139e-01
3.670752217182551291e-01
3.851509306172177238e-01
4.441377677672692648e-01
6.437822221137237122e-01
6.372682945778858077e-01
6.273456588093875297e-01
6.252977247525436377e-01
6.159595360706247025e-01
6.132122618534875391e-01
5.670070733968797239e-01
5.654719283735846203e-01
5.660452098779762409e-01
5.660901846999747411e-01
5.696572227403173816e-01
5.693883162744992621e-01
5.670465525747009350e-01
5.666743024010150176e-01
5.660795689303297351e-01
5.646984360312650164e-01
5.870303204118691998e-01
5.781854174658369594e-01
5.801504821910884457e-01
5.983289859674165712e-01
6.102763543927617329e-01
6.377322072905629025e-01
6.846695138880736220e-01
6.811820977671982913e-01
6.752455010607235630e-01
6.803750343228668340e-01
6.843744962821725064e-01
6.845120400926227866e-01
6.755937697995129110e-01
6.829992094261407853e-01
6.825126291553929025e-01
6.813156286906210113e-01
6.829190729640194357e-01
6.352890824797186031e-01
6.322487319550935680e-01
6.361897680356962681e-01
6.392349121341498464e-01
6.377501965548064700e-01
6.357231673195342658e-01
6.336091095717005794e-01
6.333122684160445992e-01
6.093297955561685075e-01
6.057161843778161581e-01
5.932248319076453003e-01
5.773151448278026621e-01
5.795691967863626504e-01
5.815037531888502809e-01
5.816929350464469239e-01
5.822661819900871727e-01
5.707431130080059534e-01
5.707601679596676636e-01
6.196554159379248361e-01
5.708270968042368221e-01
5.620116134832227051e-01
5.608872465322896073e-01
4.926166262951581776e-01
4.905018072715665589e-01
4.888967645951802221e-01
4.897784462824310570e-01
4.890718546048528625e-01
4.892122188221149082e-01
4.292054345293484507e-01
4.280306173733828823e-01
4.306862546845084405e-01
4.285248510866870308e-01
4.241583010940027654e-01
4.244926826908995698e-01
4.276841401155692668e-01
4.274518931198906246e-01
4.277807000962348116e-01
4.264362401621222265e-01
4.275522245808559552e-01
4.247063206149477854e-01
4.070085498054716311e-01
4.039291242018360761e-01
3.996578332627680474e-01
3.947028429646980419e-01
3.947908634236368397e-01
3.951171656795547937e-01
3.957194793220402129e-01
3.963628816085721929e-01
3.949043356591074305e-01
3.946991377621655861e-01
3.953115660473028314e-01
3.947844388489864520e-01
3.941474175975820393e-01
3.934362300028185766e-01
3.893220490855883731e-01
3.586525844979713273e-01
3.554782370599305907e-01
3.558333744422977341e-01
3.538106114020815873e-01
3.457505074182546378e-01
3.456321462029918745e-01
3.477728038107950059e-01
3.392827005194580803e-01
3.366576183198481398e-01
3.361970925605944904e-01
4.043343305644745422e-01
4.779841302226837674e-01
5.797876060321091041e-01
5.764443845319462412e-01
5.763599230065166168e-01
5.725504338490279288e-01
5.726591378733347781e-01
6.058234712386523224e-01
6.544248716308286307e-01
6.539056268499422453e-01
6.541033845617421072e-01
6.579911953934486357e-01
6.319324829678156785e-01
6.080053950581839617e-01
6.020761956192148823e-01
6.076270671085056696e-01
6.083029952067349200e-01
6.045942127054282356e-01
6.082239772771720343e-01
6.085864352629190011e-01
6.023316322920010402e-01
6.083522277065301909e-01
6.062395442054837602e-01
5.633263876608878284e-01
5.631207800110438200e-01
5.670622894647696643e-01
5.670452696269470128e-01
5.624815309504472838e-01
5.659467724819975398e-01
5.447042530221717360e-01
5.431972423233488723e-01
5.435184581538312631e-01
5.438056156003825414e-01
5.437152838326806403e-01
5.435824026250907215e-01
4.986469863136540615e-01
5.042038547861860120e-01
5.029719285400444662e-01
5.022823731958561133e-01
4.983108479346992081e-01
5.017612213984669056e-01
4.975248566256754712e-01
5.007061968614763270e-01
5.003186162868726861e-01
4.968198569011277876e-01
4.965389789520595620e-01
4.886548733267770950e-01
4.881356010581970883e-01
4.874999401142278144e-01
4.583420001356200979e-01
4.590850179494083139e-01
4.536749778359502328e-01
4.507080030615450150e-01
4.263655992861492550e-01
4.269804464430962954e-01
4.241793143908494379e-01
4.218966281373828786e-01
4.213295884479101860e-01
4.212011730824782862e-01
4.211923331373953472e-01
4.202585745403674133e-01
3.776254239924847766e-01
3.764137959894905960e-01
3.764947347137053146e-01
3.759124949423290341e-01
3.749534515822621206e-01
3.728159532453031999e-01
3.726785767956634077e-01
3.704346134213341024e-01
3.699705103947324436e-01
3.692686825130384598e-01
3.681756484970224452e-01
3.661638917187641229e-01
4.263586656485024440e-01
4.251889241743917469e-01
4.248993104015972855e-01
4.180871188013842721e-01
4.179692746522340463e-01
4.170964675632267138e-01
4.161645327831324792e-01
4.264987160734222682e-01
4.183122167586429407e-01
4.203245513899221408e-01
4.497173456948874715e-01
4.580145010788754245e-01
5.726151862391850589e-01
6.532911656805365785e-01
6.602177252997608603e-01
6.591595502850983168e-01
6.592744377487049778e-01
6.600714789081376654e-01
6.569912739862838746e-01
7.013038643234501546e-01
7.030662435532584187e-01
7.005459939307653316e-01
7.001635299853454786e-01
6.524618184864434678e-01
6.550005469914229606e-01
7.122930670545202236e-01
7.113953703207902546e-01
6.733606406473082728e-01
6.624942106828328736e-01
6.619134255478975604e-01
6.615896977812474322e-01
6.527855860633516860e-01
6.468568552412683470e-01
6.451085238648903708e-01
6.470882844499388220e-01
6.474439461804992746e-01
6.474744335548573426e-01
6.484302966691172232e-01
6.212352097310670507e-01
5.688655480874644788e-01
5.667864048108117725e-01
5.668945396410085547e-01
5.693291861310660895e-01
5.697472472487582484e-01
5.396514062698312131e-01
5.388087769722117448e-01
5.395197986936119960e-01
5.394239561901298385e-01
5.365072323514642472e-01
5.194554613726123371e-01
5.198414972589996408e-01
5.179470953162383928e-01
5.191097059565141780e-01
5.094160585775004968e-01
5.087253608500030833e-01
5.098452595124887132e-01
5.085358711824629063e-01
5.051754406999147129e-01
5.065567908701404942e-01
4.478501536072231337e-01
4.468662813555759339e-01
4.448339759518107339e-01
4.445631595167654493e-01
4.203383813562797666e-01
4.152580776664240858e-01
4.158315085378904707e-01
4.052510453418459169e-01
4.068867771234921937e-01
4.112788914420690278e-01
4.094924072497209688e-01
4.053845980226674639e-01
4.047768557215427609e-01
4.052004893645065886e-01
4.049893948436980029e-01
4.049772723317008882e-01
4.047222279539174350e-01
3.702736297809088306e-01
3.697626095208965680e-01
3.687941394969075359e-01
3.762532221199985649e-01
3.746268523638242587e-01
3.786835283547990150e-01
3.720142739121581887e-01
3.693359054014073717e-01
3.603435002723819336e-01
3.597368712203531937e-01
3.597177916569607725e-01
3.597723367186081433e-01
3.592041211390051281e-01
3.504215799479338256e-01
3.465435226788119993e-01
3.468885222856911144e-01
3.460248190151500314e-01
3.456860328748216915e-01
3.211769026692649076e-01
3.196992699246437031e-01
4.016269982577073683e-01
4.015712353087471653e-01
4.814564880961119675e-01
6.919417651845037875e-01
7.538859172629444050e-01
8.229247023031163177e-01
8.627426713563538518e-01
9.696070708120985149e-01
9.690405575232829971e-01
9.688911848695240803e-01
8.967821265461453084e-01
9.687854067754866350e-01
9.327815189886732306e-01
8.841108882246374590e-01
8.962851457940905764e-01
8.962238147195925597e-01
8.962894556232975374e-01
8.962612795648492447e-01
8.845747345333871969e-01
8.951107853301469852e-01
8.835869232338051660e-01
8.943334824739254119e-01
8.230625461871230453e-01
7.960414639297430650e-01
8.228510474093830851e-01
8.033116529637687186e-01
8.418142094197531566e-01
8.243188109857803036e-01
8.226338434148541268e-01
7.513230638341141798e-01
7.547914628543150872e-01
8.389373624327653989e-01
8.420255066515228703e-01
8.217225208862850572e-01
7.340492543250697333e-01
7.080181043653439588e-01
7.018509370381224022e-01
6.934208877118639425e-01
6.381188531345679538e-01
4.805625257766585334e-01
4.778961440794649018e-01
4.811523475112677306e-01
4.266663107184628934e-01
4.285249494912870549e-01
4.277141039034677017e-01
4.259686454281655932e-01
4.243633205584303458e-01
4.238547102678061340e-01
4.233325013511298196e-01
4.227693639500886835e-01
4.465953542544783827e-01
4.844284175411058269e-01
4.833405960859630257e-01
4.831610859533609359e-01
4.828710055799735335e-01
4.913078385902873157e-01
4.888181629524258609e-01
4.851728458537100108e-01
4.668044060788658633e-01
4.682253987284895613e-01
4.661055037539728607e-01
4.989594157097055338e-01
4.974678394179281593e-01
4.824723588666306462e-01
4.859910421213173293e-01
4.862232418440837201e-01
4.809219312733911122e-01
4.670781982809062427e-01
4.392140697004015548e-01
4.392897606377554331e-01
4.379319991243847410e-01
4.366803130682345158e-01
4.394504096351787292e-01
4.389881912217022397e-01
4.382387441994610167e-01
4.141090337668127397e-01
4.139288382831270430e-01
4.138096237272528843e-01
4.139663462543526906e-01
4.028214185536750924e-01
4.029818286455179588e-01
4.024512215600517528e-01
3.661424599710825234e-01
3.657443266737030463e-01
3.606085057735767263e-01
3.624391629621057653e-01
3.515182539245934046e-01
3.303884388688641538e-01
3.275604165877811780e-01
3.281907737077953136e-01
3.279875831492019556e-01
3.283514307362925266e-01
3.243490107525395238e-01
3.121456263622139904e-01
3.125309136997043158e-01
3.017993159907448320e-01
3.016163546658620631e-01
3.020443533049782525e-01
3.006835408619477623e-01
3.020186826344799513e-01
3.020624494512350600e-01
3.014774785960865344e-01
3.016052701709601713e-01
3.022670215820100204e-01
3.022310257223881358e-01
3.022070857439674851e-01
2.933185479290540965e-01
2.934506877119465451e-01
2.935906134859317396e-01
2.939835994449643275e-01
2.941789192801869124e-01
2.936087506961768678e-01
2.941782439048709064e-01
2.858460808905873840e-01
2.836445206592720369e-01
2.858364800412634965e-01
2.874502149074871227e-01
3.214289553573891345e-01
3.335678055554242571e-01
3.309481887171151770e-01
3.271987000112764887e-01
3.263905577021515847e-01
3.311298086624635539e-01
3.422509257663910454e-01
3.544917374550774491e-01
3.989975969098198405e-01
4.708266717060274331e-01
5.810205551909045640e-01
6.216848721109343723e-01
6.251515975340822262e-01
6.198757271361530208e-01
6.245148451732426276e-01
6.282457969481313187e-01
6.515835620388470417e-01
6.919767140582777643e-01
6.939713258738786639e-01
7.001717010896895133e-01
8.136559783053313177e-01
8.595083719701852587e-01
8.867587699582557548e-01
8.671355240005309550e-01
8.866203048751182259e-01
8.664681211681742878e-01
8.777419098134993103e-01
8.763686704300513997e-01
8.420748437770253503e-01
8.405418823655732563e-01
8.397478642375604263e-01
8.386254902307929138e-01
8.332729904905034068e-01
8.372341429552995207e-01
8.388033360937892091e-01
8.360322247867896239e-01
8.474702862289434924e-01
8.357343869052576979e-01
7.788758443660712683e-01
7.868697638585289145e-01
7.859564756848027578e-01
7.859599608235549040e-01
7.782578426277307893e-01
7.780912540738065264e-01
6.970545928317267714e-01
6.970633642914043637e-01
6.970275059276751506e-01
6.968295955765898553e-01
6.963879813076016001e-01
6.730652176472747827e-01
6.732766222256192368e-01
6.740069150252514518e-01
6.769290492917349189e-01
6.518527801259710319e-01
6.530186603685285140e-01
6.496981248006861165e-01
6.355456774325972669e-01
6.345524185275878137e-01
6.207492964458430906e-01
6.206299278067480829e-01
6.201092756372820203e-01
6.194801067042239318e-01
6.182897110770657623e-01
6.170908144604954071e-01
6.164160702769977407e-01
5.909342175514586959e-01
5.910363861128919982e-01
5.758605488329489042e-01
5.733829268426962056e-01
5.030036417345102873e-01
4.941991322167246237e-01
4.952497820820344621e-01
4.941146558528678456e-01
4.931096457938170530e-01
4.933716363551460815e-01
4.933380927796689464e-01
4.925066200987392451e-01
4.924750039793394651e-01
4.923360961991813389e-01
4.923906050094326581e-01
4.920611053495925202e-01
4.917666929547617749e-01
4.925605978941025032e-01
4.768289527063232502e-01
4.536558397791248254e-01
4.534018468003996327e-01
4.535549516869041842e-01
4.534444523741862909e-01
4.538633554007324156e-01
4.450271411755575834e-01
4.454003825959069185e-01
4.449116573236862604e-01
4.452013365172757253e-01
4.205526177892650042e-01
4.204451900994102820e-01
4.560208398254670392e-01
4.553877412110381995e-01
4.899686877388875761e-01
5.099900512649716555e-01
5.466678285502324375e-01
6.018192833758249094e-01
5.945139093868366809e-01
5.943022468893193189e-01
6.017014837490572976e-01
6.014591450663007155e-01
6.013636606436600918e-01
6.019484604123873650e-01
5.940316390124382728e-01
6.015781321353311784e-01
6.017105585425479575e-01
5.854139513326998001e-01
5.465130812109905145e-01
5.463953549493634210e-01
5.464326072459724237e-01
5.460205710575214422e-01
5.461556078524474334e-01
5.462905226608160136e-01
5.466416120637238585e-01
5.465264501134022845e-01
5.082498586642273386e-01
5.083019474366421431e-01
5.082542751040310947e-01
5.084727846788391625e-01
5.082725242401378019e-01
5.079792092380240875e-01
4.861361238038393040e-01
4.851238021592017002e-01
4.501657815692404752e-01
4.502351114185680903e-01
4.511473751159832402e-01
4.505066581496753875e-01
4.470992940062781251e-01
4.134067937192984488e-01
4.344953978388305105e-01
4.344194590130950329e-01
4.897716804553306491e-01
5.046086112625494113e-01
5.427318378778718255e-01
6.723990614182437930e-01
6.742454266838567856e-01
6.737165513964235020e-01
7.282751784525148819e-01
7.501716371591837795e-01
7.502475375675157210e-01
7.502749808236959250e-01
7.503814262570022153e-01
7.501217386292036160e-01
7.385334759902556501e-01
7.262558706215460624e-01
7.262224196395902220e-01
7.261740232268396600e-01
7.261699147754385741e-01
7.261481976900164836e-01
7.159010186556609145e-01
7.170107129110735444e-01
7.275124586659185155e-01
8.509714727027125614e-01
7.689346714679542449e-01
8.014088927724778433e-01
6.747929462637709541e-01
6.737349844387530151e-01
6.737629705965826332e-01
6.738672951157952395e-01
6.493132856867688263e-01
6.487286458658345634e-01
6.493026720676012831e-01
6.500437865206967203e-01
6.496820487649752618e-01
6.488925422953140121e-01
6.483695634407488084e-01
6.493369662308102752e-01
6.494707858210754248e-01
6.458202565794617378e-01
6.484766440368103790e-01
6.474994592834896201e-01
7.135832036969408376e-01
7.123947944133179888e-01
7.239715550253196241e-01
7.343416777820923613e-01
7.284626919553446323e-01
7.331607926426009225e-01
7.327541806530027957e-01
7.323327019331301591e-01
7.318133582080624810e-01
7.319595036187643844e-01
7.321151273909091151e-01
7.322917414638892009e-01
7.270006969765226978e-01
7.330037077536121215e-01
7.212741644874314240e-01
7.250418438039285540e-01
7.076854630943734126e-01
7.151195744926953646e-01
7.155016975653827327e-01
7.158371606996373204e-01
7.088980011907713985e-01
7.105156437818421766e-01
7.042858648034351354e-01
6.665317406571572567e-01
6.689674587399724315e-01
6.642831130500778114e-01
6.643476725550141460e-01
6.647336073477037033e-01
6.606590893715913460e-01
6.607426180953855921e-01
6.650813301125584331e-01
6.607044421177239446e-01
6.578751361263602826e-01
6.519151706761070475e-01
6.476598722665708463e-01
6.464512641373855173e-01
6.464855925095689404e-01
6.451100210749675101e-01
6.437063120968732344e-01
6.385835386179434803e-01
6.381570704365457924e-01
6.362103087339502361e-01
6.081295049040754686e-01
6.027600481132034949e-01
6.072797297559766605e-01
6.124856393608566485e-01
5.926432369086380714e-01
5.916822526090023127e-01
5.844228686647581217e-01
6.276636135655871973e-01
6.517382595180709615e-01
6.612076378495147511e-01
6.575823957726775193e-01
6.577041951593156632e-01
6.563641823823018751e-01
6.548936991783931294e-01
6.549629594439081437e-01
6.571445403057446510e-01
6.508044558299207472e-01
6.496019255591387598e-01
6.557204763119105495e-01
6.550822581206293682e-01
6.554509514114006397e-01
6.484731177054982032e-01
6.487081212002042685e-01
6.422413022289522599e-01
6.374082452177114444e-01
6.309146430278068651e-01
6.237516489004398812e-01
6.236870737270114873e-01
6.258819667594361924e-01
6.235587050449412638e-01
6.258195027407170707e-01
6.257779705534667336e-01
6.065973955714902832e-01
5.905365923720271581e-01
5.784212573997724594e-01
5.752619430800756106e-01
5.750928858678671096e-01
5.816885693495053022e-01
5.787095811300342341e-01
5.598685178765563375e-01
5.595505136837960469e-01
5.592006098467201536e-01
5.470497357389937365e-01
5.401506714677400955e-01
5.397382689133675138e-01
5.409371001406957369e-01
6.510021302449167102e-01
6.529659904431582840e-01
6.675884569211093522e-01
6.876745974954466822e-01
6.988563907592008073e-01
7.006398517932092007e-01
7.003685994598244369e-01
7.002313322846550614e-01
7.001512003251587624e-01
7.000439401800614414e-01
6.999079517168548259e-01
7.000414669438626003e-01
7.000567507461917804e-01
7.000571132096025107e-01
6.978048912943008997e-01
6.977417676098984778e-01
6.977028419716623242e-01
6.976961547580871059e-01
6.976035987561095553e-01
6.975197694301947804e-01
6.975962385811980138e-01
6.975259023737249153e-01
6.854256634385728075e-01
6.854098101477859029e-01
6.853601811789915565e-01
6.830349142696728881e-01
6.853402852259944389e-01
6.853012311868003081e-01
6.829050247606660573e-01
6.641283088424015935e-01
6.610717162279663439e-01
6.645114521514688954e-01
6.613082457021253191e-01
6.579510120026877962e-01
6.492625642363296645e-01
6.488343937475793410e-01
6.485510665170093336e-01
6.455511017485218161e-01
6.171959825126733801e-01
5.727692225016637328e-01
5.387243130499067556e-01
5.243118412065792544e-01
5.420906131299165764e-01
5.418440203481982298e-01
5.769843528830762569e-01
6.141303905015087494e-01
6.129404949405216074e-01
6.128991224171591590e-01
6.140366710283570173e-01
6.127688179138034430e-01
6.142640965622391258e-01
6.144716207807923158e-01
6.145702033361328809e-01
6.174157553358852191e-01
6.096920207244240775e-01
6.101440056244860077e-01
6.226864610865306959e-01
6.284071289641326441e-01
6.353090273279443645e-01
7.108159419115438471e-01
6.573746351922057363e-01
8.630153706050813778e-01
7.915438948251063422e-01
6.721117051927544273e-01
7.118562755262507480e-01
5.758589749969131866e-01
5.762757384972976293e-01
5.764736454352819006e-01
5.786819880531717253e-01
5.775753551909954542e-01
5.776304792088462481e-01
5.774916104305786169e-01
6.142938871787120281e-01
6.424739872843149291e-01
6.454448466621738323e-01
6.751087632263730320e-01
7.682079603069134066e-01
7.654443411357501059e-01
7.664908787228063014e-01
7.668662762810130040e-01
7.672068813141084132e-01
7.677094225596026167e-01
7.682914600376422598e-01
7.691815699146333785e-01
7.679947700937029831e-01
7.690371589363974580e-01
7.699275230765730837e-01
7.709849883590783604e-01
7.708755921581578185e-01
7.713307211823644538e-01
7.713477030394280121e-01
7.721152789646792414e-01
7.713199031451151155e-01
7.034821771865951145e-01
6.734525041893377750e-01
7.154579074638328651e-01
1.018676887884994997e+00
8.706530457142360735e-01
8.241602422367939607e-01
8.237627958316453558e-01
8.234676153752180650e-01
8.238200650666451796e-01
7.939811618071808130e-01
8.065751119421843418e-01
8.073986664230577981e-01
8.059017101221132018e-01
8.028370362530686810e-01
7.392120281827478934e-01
7.391292564066241910e-01
7.390494521844159781e-01
7.389219995401433705e-01
6.679784647865179004e-01
6.473656423905168600e-01
6.473370552250230503e-01
7.847796580073029826e-01
7.840652588615698582e-01
7.828743270245660524e-01
7.830362526636143183e-01
7.824892668612584146e-01
7.812563934902281293e-01
7.818671785821922349e-01
7.812828965839340167e-01
7.772580308883079159e-01
7.789087234717173569e-01
7.810428032055035663e-01
7.799988606362281418e-01
7.803338443659654233e-01
7.819355678064882076e-01
7.810367507526303488e-01
7.820303626012358178e-01
7.821443125364394566e-01
7.823405714524854782e-01
7.405496017943642428e-01
7.024534531819359717e-01
6.484005568138674347e-01
6.449265880283834296e-01
6.449610387714118653e-01
6.450065293479319006e-01
6.450436924716478337e-01
6.449836585745513107e-01
6.450645794197757965e-01
6.440175669418893856e-01
6.389612654083945964e-01
6.340581991681122354e-01
6.342258866876404610e-01
6.344923061321573465e-01
6.347349368596519881e-01
6.342328258805721708e-01
6.277634821732707149e-01
6.288354251943237827e-01
6.283104138538234684e-01
6.297355199238706680e-01
6.128309416263619802e-01
5.665532739912149118e-01
5.336191760639216186e-01
5.332512691291769746e-01
5.334988995427795144e-01
5.333701526452695463e-01
5.236917727988041893e-01
5.069164138840294154e-01
4.965837109464487642e-01
4.869759076774287099e-01
5.101969562003439984e-01
5.103400350548564779e-01
5.876567503456784358e-01
5.871485279074835084e-01
6.474482463846386038e-01
7.051030315256321401e-01
7.206073521825729911e-01
7.944876688987140279e-01
8.187883140921426994e-01
8.251797050456102234e-01
8.280933330155293426e-01
8.157091947664534271e-01
8.124463308851033183e-01
8.156504542450342399e-01
8.149664616633700565e-01
7.908623686391149654e-01
7.910221545596591852e-01
7.908565009247600086e-01
7.897529599939731026e-01
7.897877336985877905e-01
7.903532056642240677e-01
7.902023327351297421e-01
7.901037217031431359e-01
7.795438606186231301e-01
7.783527303042059309e-01
7.888192237986957345e-01
7.192999067342938924e-01
7.231538328223661161e-01
7.231970993599770026e-01
7.234152707952481443e-01
7.234225330236708773e-01
7.233299631322432921e-01
7.013706768530884039e-01
7.013895126641942479e-01
6.998666849460715156e-01
7.016915502769180968e-01
7.015874164936811708e-01
6.512950474151733005e-01
6.345689071838055417e-01
5.838687852070649775e-01
5.841949774693949715e-01
5.807515206505445837e-01
6.025334888307477543e-01
6.245253426821778531e-01
6.233574001821065025e-01
6.902870805163283663e-01
6.899964793361050841e-01
7.073129273809748430e-01
7.071832929363592868e-01
7.088121920387588926e-01
7.070051405993064142e-01
6.990749660782447084e-01
6.988498107611854637e-01
6.997312262172401542e-01
6.905676379305952794e-01
6.908599551788331405e-01
6.909179393548872117e-01
6.899767992820908802e-01
6.895857241362686185e-01
6.906129105706410032e-01
6.904436129136999334e-01
6.893552346843282441e-01
6.901595714777162272e-01
6.796818389799310633e-01
6.796942003690717993e-01
6.801397091351121249e-01
6.800147888596490553e-01
6.797420306133552526e-01
6.809783566495943852e-01
6.786869436438964787e-01
6.216247271494250715e-01
6.229969651747563342e-01
7.076889323624648842e-01
9.699523749818177443e-01
9.953741552401755843e-01
9.866782132706537478e-01
9.980853025625944230e-01
1.013571578803813322e+00
1.012398403962710747e+00
1.006081547228219630e+00
1.010119410331934864e+00
1.003345125690028761e+00
1.008154589413679192e+00
9.926139728593601497e-01
9.916327058058133082e-01
9.859747003631740281e-01
9.892575978352327049e-01
9.837260966799235007e-01
9.869485194775934334e-01
1.035833372960871968e+00
9.984927754201465833e-01
1.003977542177086679e+00
9.995717427978573211e-01
1.001936481712585980e+00
1.026448096965301371e+00
1.030286648154864482e+00
1.027648660024860439e+00
1.029643792687370274e+00
1.029462787795822232e+00
1.029379842780935084e+00
1.029470388469419184e+00
1.028532100777495684e+00
1.030973741506795216e+00
1.031503810359517770e+00
1.029889245690779331e+00
1.015323900344887065e+00
1.028404266792817268e+00
1.028432830228140249e+00
1.028271203120849853e+00
1.028060752819429435e+00
1.015372241668895059e+00
1.028312555520501048e+00
1.028055713906258495e+00
1.003234463574984359e+00
1.002002480144404961e+00
1.000694955804978914e+00
1.000042890502164994e+00
9.994097774401373702e-01
9.988623824932946205e-01
9.956540566628455657e-01
9.954263532372379375e-01
9.979707730282487699e-01
9.949765748091030648e-01
9.975034841469125890e-01
9.919369614367977706e-01
9.930384323210373898e-01
9.878713234686593569e-01
9.953360541171138998e-01
9.907095873834379507e-01
9.921313315418127665e-01
9.826315265831586654e-01
9.641706986780046451e-01
9.631299155329660078e-01
9.565928529110905298e-01
9.595964513032362309e-01
9.589362720509709836e-01
9.552342381067772115e-01
9.582422855059193889e-01
9.584413135739376921e-01
9.514736318472472032e-01
9.519065158520980674e-01
9.519193154962908299e-01
9.298648858582465593e-01
9.189972675516480116e-01
9.191380257634498285e-01
9.154761823474480975e-01
9.155607932107131530e-01
9.156865017501830684e-01
9.097839764366744131e-01
9.022134292450435522e-01
8.783558850542837471e-01
8.783321916223157944e-01
8.262689704869583540e-01
8.179475663176428712e-01
8.262746699067987644e-01
7.873813464432494191e-01
7.920019720949149633e-01
7.897793997108621955e-01
7.654785406761256406e-01
7.533152572260933821e-01
7.228687102119079055e-01
7.007290423392693590e-01
7.005771707492085554e-01
7.021892121361685835e-01
6.802850503923270065e-01
6.729513063993191047e-01
6.729131847540885669e-01
6.494714174355177283e-01
7.942613917345338059e-01
8.280885854340594987e-01
9.143445044791549403e-01
9.339402464606694210e-01
9.719785733168997410e-01
9.744609295213287892e-01
1.064820902209913323e+00
1.066532589584690438e+00
1.073193526040808976e+00
1.070548102833762449e+00
1.072367149282443588e+00
1.073045399795289123e+00
1.073532833135938391e+00
1.071844738696977606e+00
1.074561290966807414e+00
1.070586830633214470e+00
1.070839238797838711e+00
1.067674261622366672e+00
1.066935985170093915e+00
1.066707028800803148e+00
1.067821649131625028e+00
1.067828080676784364e+00
1.066879875968330449e+00
1.067188260654932108e+00
1.067754035613152741e+00
1.066399178242795731e+00
1.063811031974783106e+00
1.063831646099422601e+00
1.066320053968055515e+00
1.059398353471649790e+00
1.061657819077584941e+00
1.058740676691674487e+00
1.058350715773087813e+00
5.518193197437721409e+00
1.880554607399251399e+00
1.072599473867024367e+00
1.068875115403856713e+00
1.068734061043905115e+00
1.068454270001252482e+00
1.061080759982221622e+00
1.068080926403567554e+00
1.052587096214649076e+00
1.052841930769022882e+00
1.047477379991793800e+00
1.052947215286995863e+00
1.034593056988807769e+00
9.794189166313937989e-01
9.767507104033096299e-01
9.752601163125664829e-01
9.737622459370738337e-01
9.736760560559974964e-01
9.528487330644332953e-01
9.464386165130863615e-01
9.366308544960226801e-01
9.016954561457654060e-01
9.049841469677671890e-01
9.015546678206800557e-01
9.010918239230604199e-01
9.028408213044599728e-01
9.017931329613404490e-01
8.994669712275483731e-01
8.994832524310296673e-01
9.018919663240564377e-01
8.994938294796555045e-01
8.943680944528613619e-01
8.940161731901643538e-01
8.956721620106679049e-01
8.963492209021897139e-01
8.730860725781526277e-01
8.641788356314241693e-01
8.635236347936228185e-01
8.627069183790539997e-01
8.623988650030123271e-01
8.615636231878024409e-01
8.569036715547972971e-01
8.432142736207607348e-01
8.425178340313499437e-01
8.395289612434371218e-01
8.385232421697550453e-01
8.327052858239488708e-01
8.194267113612999642e-01
8.196559114664923040e-01
8.198013455689049378e-01
8.163827919263296762e-01
8.166441460975037980e-01
8.111398146191101111e-01
7.414206593155587832e-01
7.392798335052706005e-01
7.396481670448624701e-01
7.392220680729842952e-01
8.830558345508987550e-01
8.717309341699068792e-01
8.595486847780702266e-01
8.522840094836563463e-01
8.425408463145557247e-01
8.424051994012067279e-01
8.322000830810738492e-01
8.403744343461054811e-01
8.432400246494100582e-01
9.006255788444663679e-01
9.664361924218979327e-01
1.136983894340059642e+00
1.135362905579651471e+00
1.135358412289900309e+00
1.137000083902649727e+00
1.136977489535682340e+00
1.135419427596664477e+00
1.137133462754130520e+00
1.128067487984015127e+00
1.040951277914295980e+00
9.673752023184257753e-01
9.671995110683203611e-01
9.679526421692542515e-01
9.676846517534596348e-01
9.673715437234883252e-01
9.670934097487545733e-01
9.663577559602969380e-01
9.661304871497812252e-01
9.642362557248237431e-01
8.979928709149368471e-01
8.979014092277219916e-01
8.978425742736653170e-01
8.978564204463106435e-01
8.921989059079821205e-01
8.529607155358484016e-01
8.414827887777406312e-01
8.409303344226208843e-01
8.398197195205872045e-01
8.400544491857007134e-01
8.395766401463964357e-01
8.306301473781034783e-01
8.305085345327229973e-01
8.298863180386862881e-01
8.256204238645719062e-01
8.186704700899177789e-01
8.176068401612729408e-01
8.177176221709367976e-01
7.895057887537205721e-01
7.894988483284626213e-01
7.881583017055047158e-01
7.879435725701577908e-01
7.889558671077512297e-01
7.871896750300869661e-01
7.880009993926194722e-01
7.861539961440654478e-01
7.875877136363357289e-01
7.877745513632415930e-01
7.880327640253050880e-01
7.929743501958799179e-01
7.800900529708039155e-01
7.833985583373966888e-01
7.742933023061732145e-01
7.667777909164031902e-01
7.665558761278767896e-01
7.649687037413704926e-01
7.650923989113624923e-01
7.653006526374619423e-01
7.654465576271594074e-01
7.652421768550570214e-01
7.651335419077822664e-01
7.641313226123517266e-01
7.647793183667902506e-01
7.649434525636584770e-01
7.636834180561488106e-01
7.620843322694330624e-01
7.602783577960157135e-01
7.603098495765118203e-01
7.601924831162218954e-01
7.462794481086930665e-01
7.444761639018917521e-01
7.507765083359674296e-01
7.536607448562577805e-01
7.532365928988458137e-01
7.533117962567658088e-01
7.802073582821240638e-01
7.704412982247567099e-01
7.795128584134810579e-01
7.782651264748545739e-01
7.824072302131226397e-01
8.041480696602482103e-01
8.036805007633170961e-01
8.041707120062220326e-01
8.043208818809424177e-01
8.038585100483982560e-01
8.039782323854337553e-01
8.047143582224316471e-01
8.044947558286379419e-01
7.829460346382587366e-01
7.836370016027986996e-01
8.177022276490777397e-01
8.161970015666257794e-01
8.306148492256738569e-01
8.326326596066300212e-01
8.333411863275681508e-01
8.135932450751686140e-01
8.126695555048891739e-01
8.136410528298904099e-01
8.116643242606526032e-01
8.118907335220280075e-01
8.119295844869978129e-01
8.119974535416824013e-01
8.019524253678961268e-01
8.020615598434769344e-01
8.033101213655993167e-01
8.032630033046026519e-01
8.038382153089516091e-01
8.041270275518117572e-01
8.038918516715543028e-01
8.039504509414510114e-01
7.872794952174119176e-01
7.859789128208565234e-01
7.856476424072038611e-01
7.855925457599606254e-01
7.801537461956271624e-01
7.795324573559796466e-01
7.794920744043718486e-01
7.786746572614857698e-01
7.756945840009674686e-01
7.762534978838677713e-01
7.750062423023991176e-01
7.735817367032082892e-01
7.739194593332004990e-01
7.607119143144558393e-01
7.604609253381643397e-01
7.604174538318906329e-01
7.606926509114438906e-01
7.596148960434261355e-01
7.592972810785368898e-01
7.512401412067656326e-01
7.488378536568106592e-01
7.423415201025844734e-01
7.374943189016367473e-01
7.166951246848345392e-01
7.164944929409021723e-01
7.107866655778168896e-01
7.260653561623195973e-01
7.257256607924247316e-01
7.236983975222160970e-01
7.236379828690459037e-01
7.227102136975548374e-01
7.208606258346642592e-01
7.211300226162701277e-01
7.201591776686707691e-01
7.193109001508989353e-01
7.183543022996680127e-01
7.165989829290499991e-01
7.102982509548971812e-01
7.042452442896528497e-01
6.937229160530877792e-01
6.936831711642874598e-01
6.932663242555627825e-01
6.926496175874145012e-01
7.417202281058933311e-01
7.786524533050287467e-01
8.119547149125843077e-01
8.137349432433045315e-01
8.206758920163728099e-01
8.536703284824761484e-01
8.531887659637354959e-01
8.521960179383729628e-01
8.525180154377678399e-01
8.515518602792704339e-01
8.514166430918794770e-01
8.182493202790205311e-01
8.178670906178345801e-01
8.135019391574389580e-01
8.173586999216283511e-01
8.130143705262089515e-01
8.168166737736877181e-01
8.166617128249982205e-01
8.167140140389649305e-01
8.126530081461912358e-01
8.125780645683278181e-01
8.081580613063098495e-01
8.080465139388283147e-01
8.097968878996820719e-01
8.102604683862164592e-01
8.107259885736067817e-01
8.075829949897022075e-01
8.023340814436491497e-01
8.026215757950856400e-01
8.003129614005484171e-01
8.006222343041302647e-01
8.008645936772480489e-01
8.007543634720465375e-01
8.007339807166823364e-01
7.850607782240551780e-01
7.835243726159097921e-01
7.819339437014296568e-01
7.837879887476802976e-01
7.800539920998604826e-01
7.803543435143686091e-01
7.805572167163241648e-01
7.790052488644432227e-01
7.775559922651705813e-01
7.728729420781801362e-01
7.924424604804115591e-01
8.121040492039299785e-01
8.508899344448694890e-01
8.597075383639045665e-01
8.597997563092475426e-01
8.681116719251360525e-01
8.671439058938116284e-01
8.676404124214289748e-01
8.943100978334123097e-01
8.992594016625381492e-01
9.010516624240034744e-01
9.010525145491941057e-01
9.009866356499030005e-01
9.009054449011726362e-01
9.009402913396464818e-01
8.943948091399159805e-01
8.945919067816079373e-01
8.947343623181996941e-01
8.941401440404042056e-01
8.949528549088144880e-01
8.951214722719158523e-01
8.945172070241563800e-01
8.939062318021319120e-01
8.663653825497587002e-01
8.667920915429424555e-01
8.668055038796449452e-01
8.669564955936563955e-01
8.669522732507153329e-01
8.671521005163214113e-01
8.669642994309694206e-01
8.669474274730606389e-01
8.673304969467514614e-01
8.678532296100949228e-01
8.681845039986808565e-01
8.673050319040889189e-01
8.652018135536416743e-01
8.653764897505408227e-01
8.653089800465652015e-01
8.620603928063510502e-01
8.615494632655685825e-01
8.701225101793929051e-01
8.884327392579348670e-01
8.874626847182477407e-01
8.874078340485240801e-01
8.715173602755742488e-01
8.947509319781198345e-01
8.943290613439558445e-01
8.875356008786884354e-01
8.872097386839581379e-01
8.863595356607525400e-01
8.928869930477542072e-01
9.096012688448462669e-01
9.141886583538114674e-01
9.108303694248035542e-01
9.103076142179249430e-01
9.006909396593005823e-01
9.053071750608330248e-01
8.925582377718909166e-01
8.927585930506739542e-01
8.911305618618444724e-01
8.911165300250046828e-01
8.910921495466229691e-01
8.909042624464106330e-01
8.909989389657475556e-01
8.912799227328760399e-01
8.915773608906676362e-01
8.915633399641438306e-01
8.918055391092237771e-01
8.915472652054371450e-01
8.861385548860765127e-01
8.788152983341179780e-01
8.854621126011205101e-01
8.855270635972978255e-01
8.882719221226853534e-01
8.702989849980132808e-01
8.649576935660585608e-01
8.653910267243426491e-01
8.652601106327095781e-01
8.644510841580418381e-01
8.642036686475581542e-01
8.639512963362895315e-01
8.632890676948044018e-01
8.624251974558777567e-01
8.596648193121924075e-01
8.602577758201848113e-01
8.599952686591119111e-01
8.571095222315886497e-01
8.576108034633025401e-01
8.562205079627805970e-01
8.549142206240349928e-01
8.539918523048092291e-01
8.528632907394142482e-01
8.479917331536138692e-01
8.432453535483195317e-01
8.430913462610016840e-01
8.362227786237784732e-01
8.076934119428531567e-01
8.079990729171057096e-01
8.060877489300115606e-01
8.046899283218507115e-01
7.925570024398084223e-01
7.928484495345218264e-01
7.924238018272100614e-01
7.918080777766658418e-01
7.924074862327674662e-01
7.922348004510901820e-01
7.922193449235387375e-01
7.921888456743946261e-01
7.920985182857342988e-01
7.919578813235992332e-01
7.877829783472124481e-01
7.868001576613081749e-01
7.867742520341755030e-01
7.873890195255619506e-01
7.866134778643394387e-01
7.742617046922091184e-01
7.743257941722904159e-01
7.738883568359293808e-01
7.742606066096999751e-01
7.743685835535054629e-01
7.738530786402206818e-01
7.669686695340556248e-01
7.691853067099727603e-01
7.690129292487128954e-01
7.636906700942167614e-01
7.632768485168138772e-01
7.632859155111257898e-01
7.628952142434020089e-01
7.611884176675220992e-01
7.617464045152185781e-01
7.578829428049909112e-01
7.566219129369520235e-01
7.573868172194003767e-01
7.502220770827968677e-01
7.500854655665823989e-01
7.493311785272041003e-01
7.494807796447899850e-01
7.494534605727456444e-01
7.462739104893636455e-01
7.467609617823225410e-01
7.338646060701190521e-01
7.341165496302899385e-01
7.283628382817353142e-01
6.634882579626046883e-01
6.228705676473725861e-01
6.230283405665691943e-01
6.230994153781368450e-01
6.229769326602161428e-01
6.229453309608268263e-01
6.230505434800954756e-01
6.229893129591472789e-01
6.229992071461079028e-01
6.161410937281031064e-01
6.166337337467654445e-01
6.166623239815057778e-01
6.166839188193636856e-01
6.169662259036079455e-01
6.168816531592842267e-01
6.169335399275410747e-01
6.080642976676926548e-01
6.080890254840256581e-01
6.083060484490740993e-01
6.084037337062189188e-01
6.081552427223565482e-01
5.927442365499859811e-01
5.927373029941911398e-01
5.926953878311671531e-01
5.623766032373069823e-01
5.624769836574609050e-01
5.624633399702743120e-01
5.625857102896086870e-01
5.630604481193939304e-01
5.489679371841698075e-01
5.489532175553659687e-01
5.489364704144717999e-01
5.482976576966231974e-01
5.402117845478673352e-01
5.399802003850060483e-01
6.168453438694159185e-01
6.384573527236343526e-01
6.708252758085504475e-01
6.715611128103439187e-01
6.711632687979355305e-01
6.707678934223237910e-01
6.699439000613434114e-01
6.700998286971775464e-01
6.696423302724003879e-01
6.693044293081765739e-01
6.961702266668337025e-01
7.036552122588770608e-01
7.035157679530427144e-01
7.030423893114001732e-01
7.030817854781954424e-01
7.027390060801118610e-01
7.027645694083175520e-01
6.944165737624210522e-01
6.941704831080981464e-01
6.937807409513505608e-01
6.936439852355485991e-01
6.933987917511372778e-01
6.921114219325157357e-01
6.929002860566305655e-01
6.926610075962935653e-01
6.923846748286731634e-01
6.919310769550416351e-01
6.649059248163317060e-01
6.643007516770086385e-01
6.643975711505322179e-01
6.640469964266036973e-01
6.642072390577238306e-01
6.544096173015471196e-01
6.543348289500177106e-01
6.542441339880821216e-01
6.542764523199922078e-01
6.542034694634782932e-01
6.542768622237649101e-01
6.545168258479262535e-01
6.549422209178915599e-01
6.553663568953271845e-01
6.481820889635179217e-01
6.480520102139289973e-01
6.483442935882262059e-01
6.480069642219388193e-01
6.422206703521824434e-01
6.419993074519199094e-01
6.418091570474652174e-01
6.345596879105889210e-01
6.349761244786813474e-01
6.319593957691388431e-01
6.295287149810681049e-01
6.291301507665771897e-01
6.270387215355834876e-01
6.267770448442229192e-01
6.270173029537693399e-01
6.268088847199450031e-01
6.270664460000450191e-01
6.267672565473497714e-01
6.270660290244495227e-01
6.132767795885045725e-01
6.138918686309944306e-01
5.896713534581329297e-01
5.899143168884120048e-01
5.896450857889528052e-01
5.899627812673836624e-01
6.459472607543984557e-01
9.053919350834447322e-01
9.053264269775067596e-01
9.836403186666151655e-01
9.773924135621145926e-01
9.821383832421146654e-01
9.773447276875129042e-01
9.771362644236974981e-01
9.209173907028659345e-01
9.254161700511125410e-01
9.281416486524647347e-01
9.422567931052038270e-01
9.419406030845943745e-01
9.437111851975021892e-01
9.365372370979222483e-01
9.811698425389447920e-01
1.005706874255748229e+00
1.043140764713105018e+00
1.042364197296090422e+00
1.042921993582831997e+00
1.041161871159472563e+00
1.040943639828975753e+00
1.041287642878821362e+00
1.002480831260219141e+00
1.003880247703890838e+00
1.003823101227616643e+00
1.003834788764256691e+00
1.003829125112874809e+00
1.003883055278438352e+00
1.003940942447142604e+00
1.003841365380657491e+00
1.003813816552622473e+00
9.776227128075816175e-01
9.776640044237521199e-01
9.757603601183226782e-01
9.759794285712973805e-01
9.760125331198750143e-01
9.727692490871977515e-01
9.717275664715188110e-01
9.741444337610626336e-01
9.387767447099339968e-01
9.391213158744441403e-01
9.407801628672026739e-01
9.408135478385277750e-01
9.392402883860099250e-01
9.235904490423599844e-01
9.236416600818773137e-01
9.233486469801678309e-01
9.204457840567535909e-01
9.204418739682896922e-01
9.199965424273667258e-01
9.143750425227467060e-01
9.144687519826455446e-01
9.142191350933102090e-01
8.985849336637576901e-01
8.980851569337019447e-01
8.905841707135356833e-01
8.902460806484193689e-01
8.797159900353027639e-01
8.687820081467433342e-01
8.700685609909837304e-01
8.700977372271745391e-01
8.419664160630307981e-01
8.420093910502981505e-01
8.418846521630782842e-01
8.407831992726420012e-01
8.395918903709707060e-01
8.380373027138224851e-01
8.335237938660539081e-01
8.346570599080183062e-01
8.299787967754249651e-01
8.300845239051635183e-01
8.235700148508179330e-01
8.236560450454832871e-01
8.233941211722275444e-01
8.234301340769463184e-01
8.050943011059720211e-01
7.434844938986576723e-01
7.411615807606493078e-01
7.410162043275180244e-01
7.407771555209540226e-01
7.214569732273171665e-01
7.153257325483296514e-01
6.857549438927933450e-01
6.856328813464335203e-01
6.804138895350578808e-01
6.816203743222772893e-01
6.594902372656596956e-01
6.249411738601410304e-01
6.246885524234484510e-01
6.245095699406063572e-01
5.987405267760375072e-01
5.984989173963138898e-01
5.982909034019645578e-01
5.978847913987047624e-01
6.052537407893301413e-01
6.209407658349700432e-01
6.206826110372009042e-01
6.198984185590198370e-01
6.374829608520625746e-01
6.372823728607760474e-01
6.377300312921222458e-01
6.376756581805209656e-01
6.376495154205247262e-01
6.377499701638191798e-01
6.272529898663190551e-01
6.266971306641599959e-01
6.269749489184885949e-01
6.268875429074299843e-01
6.274378322162811328e-01
6.273999837569420590e-01
6.274973537114789668e-01
6.275685600986687929e-01
6.277662674874440185e-01
6.276868379110849272e-01
6.269384159093975839e-01
6.234489246680620100e-01
6.208990127641147438e-01
6.207414619877492656e-01
6.205298600989317404e-01
6.204773704205290841e-01
6.198805250206408379e-01
6.206381779403769006e-01
6.049637430044005892e-01
6.049640710321345649e-01
6.050719762896142884e-01
6.048849635523310120e-01
5.974405098868211805e-01
5.968382316982393521e-01
5.973096465964758961e-01
5.967703718206944785e-01
5.906082850295626407e-01
5.903037755397231301e-01
5.901897100869244461e-01
5.903183782182648276e-01
5.878751792374667939e-01
5.795076008726953720e-01
5.793217108518413649e-01
5.794946033792809370e-01
5.784784045893789362e-01
5.791681798934256165e-01
5.721768691039001986e-01
5.642353941671702788e-01
5.641277586178898851e-01
5.378232628577247487e-01
5.266814429176605028e-01
5.267156207544660962e-01
5.113542285770826812e-01
4.974711284456949101e-01
4.858419307794097919e-01
4.834770430561871613e-01
4.839997517856609033e-01
4.645034627250284043e-01
4.484951824638884199e-01
4.486866078190903107e-01
4.483450192943854162e-01
4.486950468479395937e-01
4.482006855774178788e-01
4.486193799383411673e-01
4.381700909151106105e-01
3.932096510479589080e-01
3.915858146004895790e-01
3.915825281400870939e-01
3.913646224149015529e-01
3.911557505053891992e-01
3.836581132701065711e-01
3.574011212188424325e-01
3.576657088960977782e-01
3.566820029494433553e-01
3.575284988199793901e-01
3.495513256754055886e-01
3.495484657997782185e-01
3.495367181436542237e-01
3.503412772564684086e-01
3.452374724175409360e-01
3.446007397578241260e-01
3.447879007577030475e-01
3.362984833405036622e-01
3.362684371258070071e-01
3.315774593436113804e-01
3.310795506148855316e-01
3.190688859193434590e-01
3.189643208740223224e-01
3.748914085685696174e-01
4.109631619881823350e-01
3.910164223437406772e-01
4.108451595092743602e-01
5.076103627965534715e-01
5.329990109223835537e-01
5.324940821933065171e-01
5.322807026093395733e-01
5.313675519945069148e-01
5.312184139413175243e-01
5.308645832605723980e-01
5.305499084172969892e-01
5.301643842152049535e-01
5.294068237997689996e-01
5.037957078357192531e-01
5.035616575892722935e-01
5.033053984037078044e-01
5.032668922378847887e-01
5.028035079001775820e-01
5.028256249513022302e-01
5.025740412636001686e-01
5.021479402980820739e-01
5.019820466959702410e-01
4.487863318345956531e-01
4.269493220813170842e-01
4.269156714159366706e-01
4.267572824521170816e-01
4.265402085975689705e-01
4.264291285958423106e-01
4.259851003175029738e-01
4.261183866075290982e-01
4.259749923837692354e-01
4.271221462971175331e-01
5.275434236410529998e-01
5.282381388788495169e-01
5.741266817214960572e-01
5.502329408361433805e-01
5.014977825612847440e-01
5.411778496318004894e-01
5.385058865086395086e-01
5.496421793319725690e-01
5.783834455568344080e-01
6.798633398924077698e-01
8.994541075619508774e-01
6.814791174599653667e-01
6.806726212090460360e-01
6.815077923038084240e-01
6.815484367807349564e-01
6.815629038734859479e-01
6.815922981263058400e-01
6.139571865848056920e-01
6.138075628324937139e-01
6.137700559687333524e-01
6.137427061854319188e-01
6.137529742999984217e-01
6.136882320011863845e-01
6.142151475964677809e-01
6.142202183702591967e-01
6.068476700908651544e-01
5.725187984233132132e-01
5.461244228777878407e-01
5.460735309075054333e-01
5.463295916108191763e-01
5.460260936319871750e-01
5.462475168416525140e-01
5.313197654676584669e-01
5.057070310002083069e-01
5.058506434507341609e-01
4.571288687122158634e-01
4.571911421229527539e-01
4.571050751319871153e-01
4.570953061550556695e-01
4.293890686081098251e-01
4.291850545561631258e-01
4.288289278002503924e-01
4.281162285434041426e-01
4.282418498194254242e-01
4.090628434521654255e-01
4.080040738121457622e-01
4.079733805767868371e-01
3.954395409115240567e-01
3.953293051696542548e-01
3.908678570221596482e-01
3.876321987427387983e-01
3.834035343596677303e-01
3.776598349144587585e-01
3.676497429850452692e-01
3.674371785950927838e-01
3.455773971724031002e-01
3.385363397375604766e-01
3.394751854132027624e-01
3.386446152443943203e-01
3.374941990077443554e-01
3.375688967749738700e-01
3.383458092514498583e-01
3.392086720633795682e-01
3.392453259410218580e-01
3.384762099329826635e-01
3.393755331740144765e-01
3.317186559936635692e-01
3.244215543268437751e-01
3.207184672326685027e-01
3.211951085345250423e-01
3.211816367226089097e-01
3.211301641813223418e-01
3.211304776554725904e-01
3.211481201537104702e-01
3.211884736196364276e-01
3.152205764478061001e-01
3.153157067969811211e-01
3.151187176124194966e-01
3.655657693634793426e-01
3.919052790903191363e-01
3.920168223811156261e-01
3.918499862058789085e-01
3.919171485922330334e-01
3.922365452545413800e-01
3.921979201894665312e-01
3.922224655459481402e-01
3.919763404975309951e-01
4.141420444896968256e-01
5.755222081157660430e-01
6.231757963742952100e-01
6.228287850228000355e-01
6.225762441310176420e-01
6.223137143389342318e-01
6.219287218267264272e-01
6.216343536750077448e-01
6.216357233550910966e-01
5.741409031280504394e-01
5.743394311070013636e-01
5.740994934449871190e-01
5.743888420109903858e-01
5.743585275929883327e-01
5.742029649666202662e-01
5.745311952940844735e-01
5.745542813176068853e-01
5.745956727119558849e-01
5.672565167352104920e-01
4.918537382838228389e-01
4.920243189914513815e-01
4.913367970718478528e-01
4.919126724634562686e-01
4.912415610387925180e-01
4.911997759145086961e-01
4.911498112096429058e-01
4.911528115664250405e-01
4.514364209955215035e-01
4.138084018198268099e-01
4.140813745779552968e-01
4.137699096156343681e-01
3.948983069530263013e-01
3.921619543483703674e-01
3.919009670182221350e-01
3.899782411247969538e-01
3.899432433506284101e-01
3.896721433312680394e-01
3.896579567767130547e-01
3.897706943093748322e-01
3.900100130471322313e-01
3.895765604242273361e-01
3.895653672379945642e-01
3.894834527399886892e-01
3.895198502802310614e-01
4.911604409376941205e-01
4.913196016368094887e-01
4.907488346529870760e-01
4.911440548314393029e-01
4.138863774130007167e-01
4.395842640930693879e-01
4.896345873567020113e-01
4.896664678239694424e-01
4.896285930126315078e-01
4.893862797896106342e-01
4.893136268876577821e-01
4.895388932317513708e-01
4.889345374481094408e-01
4.890328298906591042e-01
4.890192985994998853e-01
4.890771254526671274e-01
4.890393999554306648e-01
4.389682043910365095e-01
4.388983872827333377e-01
4.393007816602723103e-01
4.387774881668460858e-01
4.387111533487901283e-01
4.391495295772572804e-01
4.390908998848578326e-01
4.390219020593896238e-01
4.128131563312464336e-01
3.917626943501419934e-01
3.879232574536540801e-01
3.878827021482514903e-01
3.874771347589182624e-01
3.814838485563168957e-01
3.814443888305205643e-01
3.810883318690173605e-01
3.807856467601681283e-01
3.805998853155196371e-01
3.798233451482695422e-01
3.804073037434807514e-01
3.797550053527652958e-01
3.802624432311628166e-01
3.799356427888923582e-01
3.798933760474419441e-01
3.803181122286468652e-01
4.166453530771432878e-01
4.168289623072791716e-01
4.162683662863064238e-01
4.161170021594337021e-01
3.867316343556003733e-01
3.865138178370146615e-01
3.800547659083469143e-01
4.381354361802136665e-01
5.960041128125844745e-01
5.954890995994469582e-01
5.949281423270247338e-01
7.169694347657483702e-01
6.993611643258458299e-01
6.990321785544499900e-01
6.985532794003864732e-01
6.982068300387577198e-01
6.217015740028355442e-01
5.928865073732613178e-01
5.918325165151265832e-01
5.906731692051832017e-01
5.909907482037077830e-01
5.905330614019337343e-01
5.901152528325138702e-01
5.905221704105771963e-01
5.915182990398473173e-01
5.907702564492119945e-01
5.888498676609331683e-01
5.883409700928905472e-01
5.882240034489799596e-01
5.879629146577776133e-01
5.902520517886665763e-01
5.880624582215886464e-01
5.881143970094969697e-01
5.851969176704390208e-01
5.846446160084479704e-01
5.841699998885697687e-01
6.428045894061100718e-01
6.875132769207057404e-01
6.770212603106348093e-01
5.980275807636830088e-01
5.918133757256038852e-01
5.905596188841639727e-01
5.909854038602357917e-01
5.911806721403235487e-01
5.911706503478373342e-01
5.911755528410829186e-01
5.909453007484501974e-01
5.908043221217751384e-01
5.910767001899891460e-01
5.907362963827498259e-01
5.902942462097902077e-01
5.897465045516953053e-01
5.897608247339187759e-01
5.869958382874228553e-01
5.866722574135554424e-01
5.859286568050817712e-01
5.807488108384530889e-01
5.804822025401944474e-01
5.801639245836643921e-01
5.793772547835210895e-01
5.789845106093060023e-01
6.062841319128802198e-01
5.934673869748898767e-01
5.938868067106314319e-01
5.941448858284180679e-01
5.942278609493996111e-01
5.949988510796225816e-01
5.952510850795580399e-01
5.955437843207057602e-01
5.798055397319660242e-01
5.797384720487059884e-01
5.760575791302983140e-01
5.752393542605773735e-01
5.718536593144964986e-01
5.709605618070281441e-01
5.707744148948172835e-01
5.681321997005163160e-01
5.679108293398484886e-01
9.732637362596203712e-01
7.864838296163599862e-01
1.533307106877984660e+00
1.008229975558907476e+00
9.679106409130910915e-01
1.170963503505625836e+00
8.822000833620831095e-01
8.829732155632457058e-01
7.674417590313440396e-01
7.661796691335129861e-01
7.660621531298534848e-01
7.661253836836579012e-01
7.661091713538018544e-01
7.662532356740177075e-01
7.659223196982027915e-01
7.663936904802149952e-01
7.664238029872927349e-01
7.662088714980559434e-01
7.265724613712047919e-01
6.787904560988640146e-01
6.442299533016149216e-01
6.227363405954114972e-01
6.222659381280752910e-01
6.204917887526617548e-01
6.203064969590669220e-01
6.197530823478354378e-01
5.923093962583514394e-01
5.720726847917405600e-01
5.713329852198704151e-01
5.681389953240320034e-01
5.678278540714826184e-01
5.678848721195315363e-01
5.676176399071792833e-01
5.670973093614373184e-01
5.665965697548044355e-01
5.674946838290613194e-01
5.677266755008982813e-01
5.676375063929526288e-01
5.657998391715306497e-01
5.639988705235543520e-01
5.640602828056594520e-01
5.549848571837991962e-01
5.458538144545497239e-01
5.460964563930503779e-01
5.398617111869418173e-01
5.397695313375621140e-01
5.397658904629289989e-01
5.398810120823113179e-01
5.405784161598646831e-01
5.299670912405647361e-01
5.295940073000822146e-01
5.295492258380865014e-01
5.294577342045652113e-01
5.117558802912502980e-01
5.075036951807863073e-01
5.072889108080802512e-01
5.071572258668555211e-01
4.958935377802000666e-01
4.958383302933673797e-01
4.826215826542151754e-01
4.824431693795899756e-01
4.816499674905361794e-01
4.793756203001147131e-01
4.707261403852819326e-01
4.614831882038871180e-01
4.575464002154189247e-01
4.582418312665129112e-01
4.581290462838727429e-01
4.451226567807420320e-01
4.458411302306936608e-01
4.264976703786427792e-01
4.266088603652369304e-01
4.241208268108606627e-01
4.082977209168117128e-01
4.024718139264588102e-01
3.985791924510737050e-01
3.907444015955117700e-01
3.908165437232422046e-01
4.080307584076769967e-01
4.082385275624287879e-01
4.084645376810238648e-01
4.081758313068477029e-01
4.088034723210166033e-01
4.091982223437534705e-01
4.084319401138991612e-01
4.082752751709993744e-01
4.082991056582283007e-01
4.085139353395835782e-01
4.722994851862696297e-01
5.097212663175492153e-01
5.993394571907026958e-01
5.991665831279886500e-01
5.987817742896284212e-01
5.981971996785364620e-01
5.981864681008485229e-01
5.978972848789756434e-01
5.984071242682035274e-01
5.735198640536812720e-01
5.655077108573141054e-01
5.516972253128137327e-01
5.521977175515322411e-01
5.514301729827042475e-01
5.534613137787647297e-01
5.510552365565511979e-01
5.511469404245989967e-01
5.515499604374054510e-01
5.521726509286416507e-01
5.521701285633427991e-01
5.523340558958110824e-01
5.522452222398331889e-01
5.306886038785476600e-01
5.096964326167527926e-01
5.100160292200703882e-01
5.098964449504144181e-01
5.099825263636782458e-01
5.099686844780098038e-01
5.080040270067455177e-01
4.660947127835861070e-01
4.661420024094581338e-01
4.662166685671223498e-01
4.662418799808986658e-01
4.661992982576374511e-01
4.662855352419422172e-01
4.466464462591321349e-01
4.125811656606574451e-01
4.124182908189298891e-01
4.029202441859072170e-01
3.936593061517911218e-01
3.937971251278535867e-01
3.938752470586233123e-01
3.939182531708939061e-01
3.940367871793017951e-01
3.940458363814348108e-01
3.941383565453264737e-01
3.850331303531075999e-01
3.848170966352597588e-01
3.816048135806821562e-01
3.814551837667808920e-01
3.814700095983560857e-01
3.810609086850901828e-01
3.807954419806266477e-01
3.387814389897763068e-01
3.386938041487190243e-01
3.387364340449710576e-01
3.388704667862900699e-01
3.382433670627510436e-01
3.385340112786727751e-01
3.383855360563855497e-01
3.383310233460798955e-01
3.384715030252384849e-01
3.380925589980442458e-01
3.380583488875092968e-01
3.383275116892043854e-01
3.052032806432279921e-01
2.969395876193491324e-01
2.969440451959983740e-01
2.913926870634553357e-01
2.837585423510713412e-01
2.837947912461356581e-01
2.835475322222086314e-01
2.838971588232649390e-01
2.826879198945699834e-01
2.823455993576042822e-01
2.822617516564068785e-01
2.823623959756278445e-01
2.749898338525715302e-01
2.732359224285475507e-01
2.646566487065390438e-01
2.648472822029970253e-01
2.650515569518875347e-01
2.651245403035838999e-01
3.395173235244278720e-01
4.562132470731439238e-01
5.815103511872998787e-01
6.778687755521484171e-01
6.793360223856774738e-01
6.793212027716475365e-01
6.792919370725241102e-01
6.794649915669335183e-01
6.792551887801352439e-01
5.979445177042330695e-01
5.811492373826718794e-01
5.812411562708503787e-01
5.812460237361990467e-01
5.807622417850804020e-01
5.812169631835555350e-01
5.819972076458147514e-01
5.812142063334183595e-01
5.816600778834820629e-01
5.816257980640241465e-01
5.096421275674307694e-01
4.558736149744074262e-01
4.561611024574230844e-01
4.564166124916957390e-01
4.561482038498740343e-01
4.562111521509655265e-01
4.562729978809215714e-01
4.466653694101310190e-01
4.469812808371480539e-01
4.470615864519592031e-01
4.772598151534709343e-01
4.770112622997976781e-01
4.768162617206127551e-01
4.767843895005973165e-01
4.767113147719239663e-01
4.759031282587684042e-01
4.861760717421085842e-01
4.855686459121510423e-01
4.857986695620440942e-01
4.857296712924070725e-01
4.760014600128682494e-01
4.756180444788568051e-01
4.752954725005607006e-01
4.748059425868713102e-01
4.748546081204947367e-01
4.752497837169511463e-01
4.868332160279026377e-01
4.869453633140143900e-01
4.867354972423033055e-01
4.865434293085574291e-01
4.865110585172526259e-01
4.942008244265750361e-01
4.939000229518916707e-01
4.939753953733429515e-01
4.941489177831829838e-01
4.942564447438315689e-01
4.942633261808360157e-01
4.941840733586325141e-01
4.942824588232085925e-01
4.942592241093591854e-01
4.942591697387905270e-01
4.857261009880982083e-01
4.863732256827096867e-01
4.858473854107587808e-01
4.866798759500647886e-01
4.862667630482566672e-01
4.767058726589634698e-01
4.768836629719145348e-01
4.765077521416878348e-01
4.564380337473222804e-01
4.563136571999358293e-01
4.560546030128619366e-01
4.555983145095000020e-01
4.560509972888022179e-01
4.556153591394452862e-01
4.554881982880378821e-01
4.557950391528130529e-01
4.451933945703579476e-01
4.078841703200167257e-01
4.079439980782437747e-01
4.073518847319644864e-01
4.072521522804293248e-01
4.068263225024427165e-01
4.069004187438831632e-01
4.042843955206051332e-01
4.042088246935957585e-01
4.034939787586327986e-01
3.966675604773177710e-01
3.968149562207636261e-01
3.920728437548555156e-01
3.920703084540546057e-01
3.438581532039914901e-01
3.973617024614284343e-01
4.666325288758068623e-01
4.657871253474654694e-01
4.653253059933845637e-01
4.653741607163522920e-01
4.652835381717498331e-01
4.653178328440014111e-01
4.656152906657496926e-01
4.658535212299301786e-01
4.658598702933683944e-01
4.654279667854428482e-01
4.658715890874516319e-01
4.658076784998094744e-01
4.657997093888275320e-01
4.531303147643985785e-01
4.529492051007336650e-01
4.227548381985674064e-01
4.224835527851386052e-01
4.512425912736590106e-01
5.225549870248562545e-01
5.310086143710555096e-01
5.207751923356009893e-01
5.205653967716504793e-01
5.208821557837263194e-01
5.206211868724607283e-01
5.206797220793029091e-01
5.205836254373653604e-01
5.203560664562330018e-01
5.206546048232663093e-01
5.207600939095270443e-01
5.207743113670072477e-01
5.205723713798152685e-01
4.933489272243712920e-01
4.902186874772559988e-01
4.671396733451707028e-01
4.669641748278544058e-01
4.666586115897758957e-01
4.665718331720744017e-01
4.518116599293404700e-01
4.477253938402542266e-01
4.488622462001976565e-01
4.486056984873543207e-01
4.495919901041190991e-01
4.488005415535560871e-01
4.491967195814431379e-01
4.249046774565208850e-01
4.249911096489454865e-01
4.251132020991675864e-01
4.252357161397574692e-01
4.257327908167083397e-01
4.255024158829240344e-01
4.254707028887763642e-01
4.255526966318028403e-01
4.252694076287339420e-01
4.252815299796498527e-01
4.225087537679265148e-01
4.233520372054913050e-01
4.232939613071601270e-01
4.232335023023349185e-01
4.232063053893050375e-01
4.232474662784483366e-01
4.233230274105119761e-01
4.233731272712073501e-01
4.235130162465581272e-01
4.235201044270540116e-01
4.202375498305205848e-01
4.185554890587234733e-01
4.479477938062409459e-01
5.075098481126266714e-01
5.073367763632363747e-01
5.069097758008340726e-01
5.070065054346113431e-01
5.067754328777634987e-01
5.144392758775512275e-01
6.030035057933800235e-01
6.035711342987732930e-01
6.036337899763091208e-01
6.037159511982885807e-01
6.034657647555048410e-01
5.299909170144340154e-01
5.164825009755666940e-01
5.139441027915898630e-01
5.142364781262565021e-01
5.142886701342996858e-01
5.143123667489679640e-01
5.640891773209664173e-01
6.041342929842151710e-01
6.039786399477807821e-01
6.039873684210680382e-01
6.040152995061821573e-01
6.039612612024665150e-01
6.040750624974863259e-01
6.040148794549188294e-01
6.039514949899442708e-01
5.640871269647131925e-01
5.641419171849237912e-01
5.641950733620741953e-01
5.644410843504292785e-01
5.637592500940168394e-01
5.636307138061158462e-01
5.639629986797892736e-01
5.634569850617020537e-01
5.639371230123486622e-01
5.279319643895739045e-01
5.109826576655396302e-01
5.114670961206736477e-01
5.107593105404382161e-01
5.111792152376213316e-01
5.031665744931249629e-01
5.028404130152774876e-01
5.026393388615548741e-01
5.023709326838305955e-01
5.022232968231142847e-01
5.019796569406547171e-01
5.019348138166510598e-01
5.015448307671102057e-01
5.009666502720784287e-01
5.008618828953708135e-01
5.011360613980841983e-01
4.793337990955754968e-01
4.790114584134782527e-01
5.626666861498752503e-01
5.812436082241271285e-01
5.812335905816146120e-01
5.809746205726624702e-01
5.807569146033486618e-01
5.803465078133612787e-01
5.800500264200443290e-01
6.840241749995835674e-01
6.837691376066239446e-01
6.839000693600257863e-01
6.839374687002088837e-01
6.839488818342837062e-01
6.839219644482120719e-01
6.247212187539737949e-01
5.986511788301087655e-01
5.984733851604253640e-01
5.791657328333101873e-01
5.792176771753326792e-01
5.791100146743373145e-01
5.790632472306709300e-01
5.789213539661419716e-01
5.789298505599194122e-01
5.788397095693353922e-01
5.611147297268211931e-01
5.569719665891902372e-01
6.034337615023112056e-01
6.030304212323180924e-01
6.027813507024190054e-01
6.029977452157160300e-01
6.026658945760279273e-01
6.019884783659384953e-01
5.920395189492213550e-01
5.775699246266050579e-01
5.772129435721150559e-01
5.775535991571036920e-01
5.777721322378671642e-01
5.614092124618068613e-01
6.059899691572498970e-01
5.991595496086477013e-01
5.992040943458362134e-01
5.990796804838578460e-01
5.991650500875241869e-01
5.991466254493491572e-01
5.992195511156305221e-01
5.991198318429761249e-01
5.988578851386838764e-01
5.763569628413414137e-01
5.759298962212052730e-01
5.761047206187642766e-01
5.689124978747682748e-01
5.681939141960492545e-01
5.689178657294711172e-01
5.690125321730261643e-01
5.690281818632546562e-01
5.690658492122060430e-01
5.686361844442434643e-01
5.682452082400296645e-01
5.689198825598951181e-01
5.689518295172982798e-01
5.682295621701566324e-01
5.688722574804351284e-01
5.560810858788123312e-01
5.559765183807415800e-01
5.058086862818264029e-01
5.055573704092859444e-01
5.454503189376421757e-01
5.950526812171800239e-01
5.948339117329322079e-01
5.891273993514354324e-01
5.887784827163479173e-01
5.880397060918279850e-01
5.879745909187654718e-01
6.364788997216207500e-01
6.403320905308457212e-01
6.400518910121761884e-01
6.398322437307208954e-01
6.393984980402026563e-01
6.393226242324024922e-01
6.338144485072925161e-01
6.332605242061033479e-01
6.333075475639176055e-01
6.324585492307069901e-01
6.325477468212501453e-01
6.411770045182475508e-01
6.600516183644057344e-01
7.275856418298607409e-01
7.356193127586663216e-01
7.354607522825630239e-01
7.352544317374879457e-01
7.404945957146960023e-01
8.160123335638280739e-01
8.480956322581840734e-01
8.492116648562297865e-01
8.486388019627582047e-01
8.487296793737524325e-01
8.490909135270916508e-01
8.488171694775294984e-01
8.175314801018974675e-01
8.177018962171940242e-01
8.175994467077314365e-01
8.180035653593387135e-01
8.179698105719541701e-01
8.184508077430625583e-01
8.173475778556692495e-01
8.170762570708248740e-01
8.173272064747160170e-01
7.393536548669457087e-01
7.393348361692583248e-01
7.390146835305764217e-01
7.388401091034377810e-01
7.395465638825445831e-01
7.389821182965821134e-01
7.356212886998416689e-01
7.339420043861729637e-01
7.339393716050922611e-01
7.354483713056412242e-01
7.353379712500235366e-01
7.239943667413553108e-01
7.234470845316613996e-01
7.240142589253761862e-01
7.239517908787368450e-01
7.157613311258301803e-01
7.155919253692721860e-01
7.154102910283228756e-01
7.146045648802553663e-01
6.754444696095079914e-01
6.740756747616816202e-01
6.753575533533839881e-01
6.748157450689227232e-01
6.760041635312918906e-01
6.539891810721460974e-01
6.540920685670617019e-01
6.337952538724518359e-01
6.295762736942215332e-01
6.241805256307374483e-01
6.243978035528704451e-01
6.145039995949429512e-01
6.145312494755683641e-01
5.790136158939741540e-01
5.721687627116609498e-01
5.656737403426759236e-01
5.656473759414797353e-01
5.655447125721609902e-01
5.655806954107555073e-01
5.655327148819984107e-01
5.655067821798666072e-01
5.653908172641165519e-01
5.653804971414319036e-01
5.605073981604818956e-01
5.466742400733956009e-01
5.427896310186172135e-01
5.427133977511090501e-01
5.425965820884430801e-01
5.425585989175375490e-01
5.425332099953769083e-01
5.424588640438486875e-01
5.287080101434985524e-01
5.079262488061149217e-01
5.079212790604492600e-01
5.080710526925368287e-01
5.078837045450079746e-01
4.823673230146287572e-01
4.801571321798931979e-01
4.804153296887097024e-01
4.806215649222554953e-01
4.760722415323866974e-01
4.760955349774325662e-01
4.762086729923806772e-01
4.762289105431815606e-01
4.764553263524990423e-01
5.632760543548296361e-01
6.700221577428031594e-01
6.690292122551512177e-01
7.172719391070162542e-01
7.265523656424219823e-01
8.298116592531115110e-01
8.293194191246059388e-01
8.285112621676605782e-01
8.298483189185419384e-01
8.299665346164889490e-01
8.299321592739050679e-01
8.291729596359876941e-01
7.288976493851514471e-01
7.261066213846560924e-01
7.259012116734329112e-01
7.259842791266102324e-01
7.259682351051597315e-01
7.260656161537624165e-01
7.258266046988477438e-01
7.261816816771661243e-01
7.260499741473884772e-01
7.259307617049204353e-01
7.152107342654350219e-01
7.158197305630560336e-01
7.152404667040492825e-01
7.160792874316542767e-01
7.161283259153893299e-01
7.161333056710627032e-01
6.671052566470553336e-01
6.667051160881038996e-01
6.661420449631469953e-01
6.672315812290223747e-01
6.682721716232773446e-01
6.587378069498291966e-01
6.588788315305245114e-01
6.584905596638047642e-01
6.583824705499279339e-01
5.783238618040680290e-01
5.408208934130921408e-01
5.067452512347850879e-01
4.792307440409918629e-01
4.824542656421391129e-01
4.820626579661042577e-01
4.820504563577732715e-01
4.819555476426266027e-01
4.817393054366162497e-01
4.814998910718194525e-01
4.822674266933132392e-01
5.911022791664408693e-01
5.903090704422413459e-01
5.895318701970164721e-01
5.889379326677449678e-01
5.880774231751603187e-01
5.879412733235767075e-01
5.884036240543764062e-01
5.068173874474170004e-01
5.051784087053673433e-01
5.047346639946775904e-01
5.048101091322745315e-01
5.063603258625781756e-01
5.050118365030205059e-01
5.043510291853732230e-01
5.032881655143328636e-01
5.026169624050448315e-01
5.590208482832856873e-01
5.813502143255111498e-01
5.804994257328963680e-01
5.801187783644892182e-01
5.795429284138444714e-01
5.789891921067340519e-01
5.784661133762898366e-01
5.771439982718234996e-01
5.508845098398692519e-01
5.498609896671545760e-01
5.484711841123791620e-01
5.469560131436757011e-01
5.612629022866729711e-01
5.716070094975547189e-01
5.714427576266584152e-01
5.711927861241592463e-01
5.708409764183864921e-01
5.855007730081240869e-01
6.028103605442991508e-01
6.440287722500280809e-01
7.304549421838054668e-01
8.463895841416744226e-01
8.456414457955406805e-01
8.452966325296580319e-01
8.669785336075721549e-01
9.187087109686487008e-01
9.187999191056234194e-01
9.183779196007708645e-01
9.183238242655220596e-01
9.190890266390002727e-01
9.191115022912144106e-01
8.656786529214608450e-01
8.652366541611221651e-01
8.657985128833839417e-01
8.652930685623922979e-01
8.655084617775981037e-01
8.633704993799198313e-01
8.640833662954338079e-01
8.638861592456421601e-01
8.638357110377896664e-01
8.430469436404357531e-01
8.426989787882006588e-01
8.430116087582852913e-01
8.432777606054487896e-01
8.430791394145347173e-01
8.428631019080228270e-01
8.414533885470235619e-01
8.416040518527843073e-01
8.416997995585159265e-01
8.406000169187020088e-01
8.414004646783606045e-01
8.413403760237133655e-01
8.026899864384402505e-01
8.024161661618571806e-01
8.026550261457358060e-01
8.024795084422182700e-01
7.970049643572706399e-01
7.968987503796546301e-01
7.954856423329742521e-01
7.964001013253452221e-01
7.957293791623403223e-01
7.379289827258668222e-01
7.201869000195189052e-01
7.200167468745888311e-01
7.160317868405992048e-01
7.151099708901165197e-01
7.150875732975683352e-01
7.155874487968286735e-01
6.337132738619750683e-01
6.336747939290049425e-01
6.036613392414043044e-01
6.036163376968435301e-01
6.029808197627289923e-01
5.906135024757720453e-01
5.902522012488906622e-01
5.856024078940510469e-01
5.846083772426176051e-01
5.842941603443770893e-01
5.837118975130785037e-01
5.720861453744199299e-01
5.587557744743117949e-01
5.578379434528919489e-01
5.550799860356813165e-01
5.506247539343487318e-01
5.507343308764789391e-01
5.507221530332009340e-01
5.506688436040172441e-01
5.507197912370136450e-01
5.507532088365493239e-01
5.473566154102615933e-01
5.456712144715347712e-01
5.373861438201187335e-01
5.380074803280378015e-01
5.379721696581751811e-01
5.379103860227073541e-01
5.340870346181644246e-01
5.253031141569848295e-01
5.250629773624937435e-01
5.248907035942332877e-01
5.247722339905969147e-01
5.228896549806896221e-01
5.160220466782644566e-01
5.136371854434695905e-01
5.101883608954586036e-01
5.196324285640716578e-01
5.529767697650304070e-01
6.026212042961229809e-01
6.540135757365405089e-01
6.542192545683633842e-01
6.551556215015704732e-01
6.551495463010886811e-01
6.551463821404439614e-01
6.551475670368149817e-01
6.549683332753361009e-01
6.550975071440195974e-01
6.556135703456246189e-01
6.557285001310980688e-01
6.556400549842029690e-01
6.547729557028840741e-01
6.547623181996147235e-01
6.549403406108221803e-01
6.545684623646933487e-01
6.546115711573581297e-01
6.546662447293275511e-01
6.546081256065916509e-01
6.545646488644984995e-01
6.545141707625991012e-01
6.540527141383865040e-01
6.539894567462676278e-01
6.542305385928185446e-01
6.542091588565078775e-01
6.541775342106760371e-01
6.541310249566015811e-01
6.024720848310674004e-01
6.024557446339972033e-01
6.024881968835774648e-01
6.025020100664058020e-01
6.024951588922404788e-01
5.505571496910200979e-01
5.431573031175797039e-01
5.219659679430854737e-01
5.186089586945131780e-01
5.185702564187508745e-01
5.183490043664460423e-01
5.268228385892951282e-01
5.269469069848163878e-01
5.981275271883806921e-01
5.977620387881197317e-01
6.377159137574570646e-01
6.374434029367270771e-01
6.365159336119414757e-01
6.525515489261124458e-01
6.522268612108661490e-01
6.518635312231212398e-01
6.370094645866545280e-01
6.369460662648338545e-01
6.369302392535766133e-01
6.377743480881565841e-01
6.378251064678575055e-01
6.377911565230537372e-01
6.371102447464120910e-01
6.369114239400177624e-01
6.368654195120164729e-01
6.370678303642601792e-01
6.008931149192966448e-01
6.011975320932865241e-01
6.013481125185092813e-01
6.014385454536596010e-01
6.015469231093173441e-01
6.010229763329454356e-01
6.013705147035350862e-01
6.014186598781305904e-01
6.008193186735987235e-01
5.975246765203920951e-01
5.975144783289976225e-01
5.975283074474369016e-01
5.975891036755562880e-01
5.976407056485598668e-01
5.955436915618292915e-01
5.960417259994942318e-01
5.959045435379907163e-01
5.959876904966059374e-01
6.372567489280984709e-01
6.802850930260960771e-01
7.284686526290551356e-01
7.459859843613676489e-01
7.458345480932218052e-01
7.772442008212614439e-01
7.770347716137947502e-01
7.771939893086015072e-01
7.769398614979832196e-01
7.770501243660050683e-01
7.877495904960077899e-01
7.884012081621857293e-01
7.883952464980034103e-01
7.884036286961855211e-01
7.835148863592928947e-01
7.834165957585474960e-01
7.833094975246263081e-01
7.832410748053715288e-01
7.837594429245758887e-01
7.831274328806965279e-01
7.830539630014518027e-01
7.838536216415661340e-01
7.834270257130739878e-01
7.845473175476034289e-01
7.836991064556465547e-01
7.762323577473915215e-01
7.767117359459352333e-01
7.762487541165445926e-01
7.760577512831208224e-01
7.756029668219789341e-01
7.756897258416539653e-01
7.446417362524020422e-01
7.451036542580854460e-01
7.443665369417514777e-01
7.441751245113241708e-01
7.359559220484986897e-01
7.360059231006861324e-01
7.361630573004610545e-01
7.362132868159212418e-01
7.361410676071530323e-01
7.332368200723804463e-01
7.331949968527154970e-01
7.332531649851307121e-01
7.331204879166031141e-01
7.324304137859753983e-01
7.315690588276688722e-01
7.316017640111975862e-01
7.243235257602327337e-01
7.241705019690461986e-01
7.135776663610939874e-01
7.133385169838242224e-01
7.142807657874669092e-01
7.141635241832394732e-01
7.509257889930691654e-01
7.414786444449800173e-01
7.414438733639748813e-01
7.331718512311838909e-01
7.331815022540429938e-01
7.318281154176592418e-01
7.318400765040244949e-01
7.306486718028089022e-01
7.315545100676743573e-01
7.234538010348808834e-01
7.139763807881557289e-01
7.138890771612690367e-01
7.141893751829823112e-01
7.141008071312080485e-01
7.141060901116282889e-01
7.139998712543869086e-01
7.140551406532996692e-01
7.132747274488826505e-01
7.127058714356226954e-01
7.065083317974166777e-01
7.065377790350122478e-01
7.002875182572212420e-01
6.999147472468881803e-01
7.002572251466540054e-01
7.002988273834164223e-01
6.999382672563247976e-01
6.775392467549681275e-01
6.773291209262575219e-01
6.775892244440127055e-01
6.776828703756023753e-01
6.744351338329060974e-01
6.883898761170046399e-01
6.881869037628226549e-01
7.072646321049328444e-01
7.070421183384621999e-01
7.068975496634082312e-01
7.090760400427408294e-01
7.093652042543973080e-01
7.093187111473846507e-01
7.082264430097199304e-01
7.058651614863928891e-01
7.062515458910328947e-01
7.069059501902397180e-01
7.062887379510117691e-01
7.069547965248095256e-01
7.070008321090228698e-01
7.071947871258128515e-01
7.077624720376417544e-01
7.069885551448809036e-01
7.063407056195188938e-01
7.014142394939033576e-01
7.019731736449540405e-01
7.019574944598786503e-01
7.019871684483239838e-01
7.019472165712744571e-01
7.019233161891657025e-01
7.020363187999185683e-01
6.993472719432183293e-01
6.993819171765265352e-01
6.876579685726387225e-01
6.879842676472938123e-01
6.880355397630295577e-01
6.880412171250329667e-01
6.785321270185080689e-01
6.783856414627917886e-01
6.781562964226053314e-01
6.779403787840373452e-01
6.776101888544205920e-01
6.766048595907260266e-01
6.692056971549231736e-01
6.644634561323073951e-01
6.644259586754178715e-01
6.640662302478653745e-01
6.496766431697813537e-01
6.436099655247076168e-01
6.436979732962819778e-01
6.434009964623054190e-01
6.433978392926931189e-01
6.545771569489278185e-01
6.544464094375359586e-01
6.542150367124093258e-01
6.542202930730685040e-01
6.541335843377790171e-01
6.854943476219593768e-01
6.858425388900035724e-01
6.859840193563280231e-01
6.856127371103785118e-01
6.856180086802685647e-01
6.856841838551350765e-01
6.856878286076979467e-01
6.855758196320325126e-01
6.855549553544322272e-01
6.855461580051093184e-01
6.855562781737821743e-01
6.857192849230328013e-01
6.857296342129798328e-01
6.858459556674685320e-01
6.769109113156697166e-01
6.753501843785958414e-01
6.635582152106237475e-01
6.545679599519661496e-01
6.544723115650770140e-01
6.541746626011999410e-01
6.541966872119610032e-01
6.543013682304552603e-01
6.542759064439822581e-01
6.425323940765764741e-01
6.371850806567972425e-01
6.372335277106718765e-01
6.386307733715326229e-01
6.387124837433600932e-01
6.387273520190333009e-01
6.238927463806002160e-01
6.200580832374897877e-01
6.202425686903801916e-01
6.199872428442216865e-01
6.199129861864843827e-01
5.937501672708491718e-01
5.843866328283685574e-01
5.843355489248012180e-01
