8.617636932657025683e-01
8.041077847522930533e-01
7.605702917714767253e-01
7.375120935084644724e-01
7.469112101676184112e-01
7.809112068860432077e-01
7.489201835467894641e-01
7.384717828464897327e-01
6.797552203901747747e-01
6.783138255195115818e-01
6.871636110100413086e-01
6.825904656288672712e-01
6.813517728510571914e-01
6.608243344658115692e-01
8.169097749873706071e-01
7.852467704895648160e-01
8.131279541845305436e-01
8.262691730574895921e-01
8.009878003490426002e-01
7.596545183125279488e-01
7.154985391248903648e-01
7.313448859583063788e-01
7.126796541868675172e-01
6.990000694888189869e-01
6.647692418363472244e-01
8.444261848937820725e-01
8.300153617974284082e-01
8.206957276272923707e-01
8.168014748537397729e-01
8.361632653504853518e-01
8.165706705365683993e-01
8.295662234769711763e-01
8.272810871021175627e-01
8.129807245355916701e-01
8.174172233803131959e-01
8.196547954051830454e-01
8.553193894683123188e-01
8.451611271091661326e-01
8.297243292373661649e-01
8.032496335301713142e-01
7.337272454768074548e-01
7.826903340944295628e-01
8.175273329653507393e-01
7.877188323458853558e-01
8.027606587662687865e-01
7.442391073097611720e-01
7.022676003956362933e-01
7.161518030770799292e-01
7.110795834029909335e-01
7.064147095479964555e-01
7.044671250838890897e-01
7.015125149960801387e-01
7.142001270428789406e-01
7.079944689798540747e-01
7.053993167596965819e-01
6.951367928027146759e-01
7.331471694084781277e-01
6.848701662871021778e-01
6.782612634938393059e-01
6.851597732993832679e-01
6.633349831923409656e-01
6.696511863075771398e-01
6.554916082486463846e-01
6.526438011902241376e-01
6.538614422012003491e-01
6.354153728159980252e-01
6.426642764423130538e-01
6.840612313882257212e-01
6.937777167215792851e-01
6.893170369822576582e-01
6.981134605465710852e-01
7.006221432972763452e-01
6.924703745367113417e-01
6.969507682760751610e-01
7.033260664407094964e-01
6.762578528307244818e-01
6.850804991917085474e-01
6.896059060457029322e-01
7.205807163403968874e-01
6.830874312807568849e-01
6.745546589760236245e-01
7.118715865174491952e-01
6.981864235444092959e-01
7.109633603989116146e-01
7.024586757628384914e-01
7.041763061281703928e-01
7.113052270733883908e-01
7.026383262769634319e-01
7.161600554675203734e-01
6.885831560193070855e-01
6.914570864581310872e-01
6.678549093357188937e-01
6.679744055274432490e-01
6.852256861469825377e-01
6.815549320085793061e-01
6.772420213931189537e-01
7.021191596964433401e-01
6.406530300365473884e-01
6.402820286766998104e-01
6.348247126711282773e-01
5.986828727223468816e-01
5.796795288273141056e-01
5.826289154516635094e-01
5.674938325475126222e-01
6.068564994362057874e-01
5.930972416532017677e-01
6.051521587228850807e-01
5.450477195545622155e-01
6.610840709160579198e-01
6.588687859042483552e-01
6.548031086161093528e-01
6.667958627780674608e-01
6.487311570717809728e-01
6.922846066461013637e-01
7.460313464762760027e-01
6.473665278194095096e-01
6.428493516910284145e-01
6.516049633308693689e-01
6.607309116841484364e-01
8.190450101707484887e-01
8.016153823697764746e-01
7.986061732942315583e-01
7.080022204973448474e-01
7.127096658595712952e-01
6.937785851601470100e-01
6.984516874982233947e-01
6.808389264958132348e-01
6.846906522342844914e-01
6.753836125753284181e-01
6.988373341251110649e-01
7.631480842210203175e-01
6.880921603700567157e-01
6.952630584619607923e-01
6.770277988510026157e-01
6.678997574221703371e-01
7.677916993760314224e-01
7.403568858079481174e-01
7.264765418220403559e-01
7.376011928865573442e-01
7.399772408550944203e-01
7.441684064060036796e-01
7.207737343004269048e-01
7.114043541198997733e-01
7.017355215784055744e-01
6.875239304104490135e-01
6.870275627790046746e-01
6.818901368756921100e-01
6.871062754720521637e-01
6.804042172449273895e-01
7.513119600814149868e-01
7.522070480454008390e-01
7.503445311242132876e-01
7.462945694871946367e-01
7.651385386391470478e-01
7.745584571577830424e-01
7.477186982614418831e-01
7.654572628530315059e-01
7.643669380738477015e-01
7.564573461899962714e-01
7.524195792242428515e-01
7.514561186616005584e-01
7.640692444048418075e-01
7.537772134527429557e-01
7.444634685365475457e-01
7.627911913261594679e-01
8.370857492526904142e-01
7.686734955486584919e-01
7.280330071249094814e-01
7.177714658198020015e-01
7.928649200784670947e-01
7.855574739333383016e-01
7.690096613394786784e-01
7.516277561578887934e-01
7.588439111072394772e-01
7.550425216240758131e-01
7.443146389388608508e-01
7.871929268044187689e-01
7.713636939779745516e-01
7.421461896435037620e-01
7.570666497806544104e-01
7.337869369067138159e-01
7.246270183583580771e-01
7.412210933540345215e-01
7.243017342090155575e-01
7.385484417870393781e-01
7.909116703073191257e-01
7.310344540413082903e-01
7.492345994632263473e-01
7.487894709218994027e-01
7.421681033270695060e-01
7.356828646497022284e-01
7.166792323294773892e-01
7.368831069109982312e-01
7.395556938291636406e-01
7.212332373836395361e-01
7.327197267751285326e-01
7.228282785101133312e-01
7.207048841153365082e-01
7.033778573453344229e-01
7.138632463243292925e-01
6.918189623450254899e-01
6.876575680962305759e-01
6.687855754352722837e-01
5.833631320738721371e-01
5.925393951340134358e-01
6.908632947509275590e-01
6.687570402667788461e-01
6.729519917400011986e-01
6.657959642828998881e-01
6.698554182049911709e-01
6.566347557579316208e-01
6.560662988740908474e-01
6.577144262627321325e-01
6.682511219475747444e-01
6.452316387502952111e-01
6.453210325203689868e-01
6.342318088398277709e-01
6.272752563946489834e-01
6.323262131095834793e-01
6.636628300375760903e-01
5.956872022720403059e-01
6.810725352592867932e-01
6.777241508664639813e-01
6.566933913628093533e-01
6.501685208720656695e-01
7.082335945686312195e-01
6.539289622041724037e-01
6.399262660365847566e-01
6.489243344998049112e-01
6.434984915744836886e-01
6.446108250721718225e-01
6.598204410956850507e-01
6.675568310629261815e-01
6.569076269731420892e-01
6.383240836258881057e-01
6.813104390219523188e-01
6.431885754351613915e-01
6.518259574278815194e-01
6.468885800127548436e-01
6.611724958734309654e-01
6.471838543826917700e-01
6.491306179700933043e-01
6.440410415905740704e-01
6.379260905229411360e-01
6.422207125732011246e-01
7.075816293481871355e-01
6.385203464334906487e-01
6.470325923486860420e-01
6.330963182210052054e-01
6.411996094195162588e-01
6.356694117684020817e-01
6.313746100250325899e-01
6.257341271892542522e-01
6.052349268279723082e-01
6.137477335370286058e-01
6.241281110511692765e-01
6.135260667412748559e-01
6.296369743950320785e-01
5.876250188731042545e-01
5.859011943853840165e-01
5.985307394046148755e-01
5.969130768045690649e-01
5.805536929046531958e-01
5.722194623528655821e-01
5.734524249659592732e-01
5.659564364048300655e-01
5.794783772366588481e-01
5.776772726505988720e-01
5.912579532453066111e-01
5.802779468364561710e-01
6.078821455925375039e-01
6.158213289440026550e-01
6.130123179594731964e-01
6.236461858505937261e-01
6.073833505415462408e-01
6.265450150418095943e-01
5.841057714076196561e-01
5.854675267143236717e-01
5.839029930942734037e-01
6.092511134004302553e-01
5.956133920261681425e-01
5.899844159192565440e-01
5.942579250009244474e-01
9.247696029985088551e-01
5.984191156074608609e-01
6.040017257266925288e-01
5.915959704913653638e-01
6.943848124950745548e-01
5.817569509557297680e-01
5.867994620211709478e-01
5.894935856870777702e-01
5.390582451223994154e-01
5.150920770023001971e-01
5.224330975970730151e-01
5.190249725540456716e-01
5.176715099553618193e-01
5.197089179242495582e-01
6.139834795324184968e-01
6.038392632810363203e-01
5.786948963514857436e-01
6.601901379026646755e-01
6.595480869294143567e-01
6.698772604092128047e-01
6.579093708347052427e-01
6.697602207254100826e-01
6.556523484397243084e-01
8.297896640669355506e-01
8.385089469918592942e-01
8.298310727209602389e-01
8.438147646020722759e-01
6.990606463503370449e-01
6.603717623005103121e-01
6.649892785407639506e-01
6.902796739837926410e-01
6.700713364173648268e-01
6.852707257381361883e-01
7.106115231341417759e-01
6.712934414106951353e-01
6.637074550937174244e-01
6.309020584735716142e-01
6.448836192747404716e-01
6.363530088971223186e-01
5.898715123905772240e-01
6.168638294127134492e-01
6.156919210559811395e-01
6.062888273117171822e-01
6.098718155977919109e-01
6.196975497516379328e-01
6.141415457374554965e-01
6.111450718115146730e-01
6.158241471096150832e-01
6.230931578974718832e-01
6.139159331372412431e-01
6.183986520317016344e-01
6.142125171300732989e-01
5.961440992614410739e-01
5.734034333728827981e-01
5.413819918388156349e-01
5.446986023383627584e-01
5.482399263637638409e-01
5.385400695170838858e-01
6.723123550632642553e-01
6.498109263354910903e-01
6.222289191152732268e-01
6.269779730210571778e-01
6.120988143010275273e-01
6.151687222273226618e-01
6.134444285741940117e-01
6.152855804232115755e-01
5.987614664164618850e-01
5.460879171029132673e-01
5.492122660367352305e-01
5.510961834838801199e-01
5.403228548484939608e-01
5.488087243292832929e-01
5.020418631408936072e-01
7.460391433685109597e-01
7.969564473411263616e-01
7.705793662728032123e-01
7.737161726801947692e-01
6.753488686911177652e-01
6.191517158634298745e-01
6.042715297250240702e-01
6.108314377979681131e-01
6.025112307330563466e-01
6.117627482881109469e-01
7.180850317061403532e-01
5.979785572073511579e-01
6.490716936108984481e-01
5.938856216963117607e-01
6.024939374688222937e-01
5.959783178641829826e-01
6.375666979259564382e-01
6.058909597845905104e-01
5.996181602579007119e-01
5.960392654763417841e-01
5.948220958408089176e-01
5.820444085074527596e-01
5.926542862523325184e-01
7.910409175467867371e-01
7.745882041088092418e-01
7.358279319515254047e-01
6.007455039871558711e-01
6.100492467428058063e-01
6.193996029083990162e-01
6.011029523114880257e-01
6.005813820980190343e-01
6.546025235481538473e-01
2.311315146686744981e+00
6.936945359642502362e-01
6.898309780396156832e-01
6.845571939118006988e-01
6.986774926684928833e-01
7.103680036135997522e-01
6.997859582336406481e-01
6.924826913756427782e-01
2.251910016978075468e+00
6.010554611641929501e-01
5.962041987829512779e-01
5.972242667253884196e-01
5.927159050203880675e-01
5.813318875320628853e-01
5.800371348192527865e-01
5.762070783112236416e-01
5.651948029702272835e-01
5.636814895359065769e-01
5.695948263631545050e-01
7.301319995611093017e-01
7.459160751762194952e-01
7.224802667339020879e-01
7.295899651607775649e-01
7.148081932944631012e-01
7.778328979377052699e-01
6.374736417242552466e-01
8.197037419113940571e-01
6.174536486701780458e-01
6.176144734378631318e-01
6.265675685315817978e-01
6.283701147882827520e-01
6.167503594556449364e-01
6.867187261609317694e-01
6.802515907394565131e-01
6.662822984877759813e-01
7.111325675667459212e-01
7.359602820419073321e-01
7.186799157387401271e-01
7.184049676383225114e-01
7.011549994603384350e-01
7.144473698894278080e-01
7.197317676748302695e-01
7.017817534031022264e-01
6.912449411244957487e-01
6.959659363921915087e-01
6.957232812242548636e-01
6.814887777414838643e-01
6.838212068990189296e-01
7.174174907130458356e-01
7.050367757752302733e-01
6.739163270633503622e-01
6.559746072834110597e-01
6.200217100375692292e-01
6.263481453891938111e-01
6.343996962502510550e-01
6.308852728803108212e-01
6.169191326334024783e-01
6.189394845925605404e-01
6.897461423039235040e-01
6.995791611811721378e-01
6.999507291328580516e-01
6.807940968683283689e-01
6.707025107705590905e-01
6.837990691846793645e-01
6.803107085592970948e-01
6.756887459600764423e-01
6.315698457159044654e-01
6.272102057924973106e-01
6.262253037135100397e-01
6.257665745125006174e-01
6.953242276119908638e-01
6.268314449911467356e-01
6.291417746351671836e-01
6.337433406199186603e-01
6.260650870247359556e-01
6.425344773029917356e-01
6.441188317404082930e-01
6.253945773403797315e-01
6.235346009747315676e-01
7.141496560262777793e-01
7.298109827326142440e-01
7.120975980829942209e-01
7.002282998052784535e-01
6.541253871152203914e-01
6.522615870935070115e-01
6.485381157200723612e-01
6.350162034214200668e-01
6.483344371547894447e-01
6.389246821369021223e-01
6.300618409602857239e-01
6.208482063007831897e-01
6.378817025795113782e-01
6.284970358427065529e-01
6.097225561329395749e-01
6.098257936485926844e-01
6.016431478700255964e-01
7.035431021708458132e-01
7.041282671421705830e-01
6.938683345852010298e-01
7.170248854072005518e-01
7.273384184662272656e-01
6.489252526944329080e-01
6.545051127066118246e-01
6.328092847817736732e-01
6.181123216197000891e-01
6.300797453741214804e-01
6.090739492731607196e-01
6.110270729617225394e-01
6.983185769060791248e-01
6.929973547561822933e-01
6.897667449011017915e-01
6.858753870353291315e-01
8.068826851003311207e-01
8.160358015654549657e-01
8.026847961316075919e-01
8.016811724916548254e-01
8.025679221402988173e-01
7.468931568087145978e-01
7.517758322842178487e-01
8.074978369560689151e-01
7.740691132080207426e-01
7.178354900928216598e-01
6.890500032037196743e-01
6.919778680096045909e-01
6.830193768961136946e-01
6.959318725605280198e-01
6.943591145929239872e-01
6.411220238772994406e-01
6.983276973533742993e-01
7.001874937983290081e-01
6.961044663806765787e-01
6.895682939824059332e-01
7.075249817398471253e-01
6.913045203155111507e-01
6.987007473350492770e-01
6.973249110060106837e-01
7.226673104008907167e-01
8.050041260638056695e-01
8.180988295835733837e-01
7.445494465465074541e-01
7.490426434038646164e-01
7.165385707967637519e-01
7.111042239563479805e-01
7.238350821144583502e-01
7.119904345466300244e-01
7.037313346724825003e-01
7.308923765250543436e-01
7.626472701358691930e-01
7.041340412624674805e-01
6.963600976419044297e-01
6.975232999268098366e-01
6.908050660935043386e-01
6.941233963342317015e-01
6.928091246488926602e-01
8.617702653113578082e-01
7.464051093756267630e-01
7.294845802795694167e-01
7.399831464747201881e-01
8.747748499478701367e-01
7.136710221400663912e-01
7.127890361997072377e-01
7.197770458239332036e-01
7.205318944391734259e-01
7.249170383589761402e-01
7.202805978047827073e-01
6.925857757263892411e-01
6.918459212109194789e-01
6.948998723308923431e-01
7.009836457143320265e-01
6.880184462227519893e-01
6.802837462898806420e-01
7.253496764626340410e-01
7.237812484771937172e-01
6.835169772074535244e-01
6.902246750206069148e-01
6.713306876791383937e-01
6.655805957547898943e-01
6.835132597915378749e-01
6.714274607600955180e-01
6.715460858499886498e-01
7.292760206291053482e-01
7.747207284578365716e-01
7.666687833550667186e-01
7.865967175999258876e-01
7.740707070580984395e-01
7.841357823293828577e-01
7.662296878676497780e-01
7.809071194291697937e-01
7.768728125497877945e-01
7.736263379593705247e-01
7.586092002160240710e-01
8.203514257243310626e-01
7.589073883826676914e-01
7.559508567069477269e-01
7.307927261547563225e-01
7.105568708549633294e-01
7.331452127795156093e-01
6.925039024683252720e-01
6.914657737192595466e-01
6.821997836049333852e-01
6.673151539019576139e-01
7.594481142760626247e-01
7.966331310122668485e-01
7.605133957862291183e-01
7.725586719019024162e-01
7.683000305655497408e-01
7.926040666663611844e-01
7.954474990978770421e-01
7.932720447202159519e-01
8.028803792160922326e-01
7.666199217136435706e-01
7.599018359272194933e-01
7.742885961218461954e-01
7.719254521047352879e-01
7.734967412263770159e-01
7.796262971486831450e-01
8.339364450252733096e-01
8.569075374589658622e-01
7.765455497293741738e-01
7.628358877699129570e-01
7.468470448216016910e-01
7.633243026293146105e-01
8.223813446248184889e-01
8.039147377212055856e-01
8.100209898419460375e-01
7.965998611232179005e-01
7.944029786756564571e-01
7.909273454758228850e-01
7.602472711342553868e-01
7.568462013757604190e-01
7.709668170896541994e-01
8.206171939150477268e-01
7.690194355443273899e-01
7.737449138890850620e-01
7.732839641719523316e-01
7.525781531698341187e-01
7.430707699915974906e-01
7.543125346894543615e-01
7.545917302109921287e-01
7.457615078204160586e-01
7.414462532711353360e-01
8.518146010931891832e-01
8.449700548074277062e-01
8.345800996576746567e-01
8.271356970783150242e-01
7.913771767579717009e-01
7.562673717716039690e-01
7.597036617923431656e-01
1.031033350976847673e+00
7.719867841829287647e-01
7.635737877897459391e-01
7.833340257904713999e-01
7.656888171598239534e-01
7.682327651795033407e-01
7.731841687183458323e-01
9.426789836434057435e-01
8.554124566322927059e-01
8.567010805351645830e-01
8.474708004880082690e-01
8.479990157869734535e-01
8.277872938920872725e-01
8.507929816257231437e-01
7.698430505653197642e-01
7.656702910403149209e-01
7.633618519333202901e-01
7.751188495692310498e-01
7.669346173804656441e-01
7.806202233988353001e-01
7.935194489601483658e-01
7.618614112787267523e-01
7.976454548857725424e-01
7.561314323831621609e-01
7.241576012683345054e-01
7.319304104496011654e-01
7.234653014020129280e-01
7.255722241417525975e-01
7.209009253102791615e-01
7.294611958165584387e-01
7.346035966459997235e-01
7.228554321261853044e-01
7.259217159466031521e-01
7.033065091192486351e-01
7.194147874988363611e-01
7.128787863032602923e-01
7.419692463701592633e-01
6.950599608423930764e-01
6.888329463582781864e-01
6.889124261886970801e-01
7.254665688768286991e-01
6.889022208436019756e-01
6.805429245795291404e-01
6.814625705311262438e-01
6.835400325676114219e-01
7.201179631315156593e-01
7.045296083721049873e-01
7.006580336358581018e-01
7.057696783291063092e-01
7.060352368568832970e-01
7.138463120411133733e-01
7.058938423486139646e-01
7.152199309637069513e-01
7.016094427135524114e-01
7.008813233072840321e-01
7.028816319061601536e-01
6.718024727232390081e-01
6.779443661800238496e-01
6.724270022352620835e-01
6.394722490517328328e-01
6.370669729258522374e-01
6.454480824887371959e-01
6.298207894637786186e-01
6.279020346399818431e-01
6.484452425771030093e-01
6.383365436997987530e-01
6.478634599270611805e-01
6.477647456047129770e-01
6.419045946254215984e-01
6.500556732392328563e-01
6.410851575005372949e-01
6.398967269632364063e-01
6.429912166433524590e-01
6.373234266834605366e-01
6.399457356388571494e-01
6.534384699345536784e-01
6.346702725885897678e-01
6.824945816494432105e-01
6.649518788372353884e-01
6.401342819278055263e-01
6.469515635436836609e-01
7.079590563442492712e-01
6.444627737953286806e-01
6.453315348178475519e-01
6.317114404360327784e-01
6.356058140952476343e-01
6.430773933884431637e-01
6.395061322994084474e-01
6.401036067157839238e-01
6.502329439719775062e-01
7.992883693843269022e-01
7.968514035224922853e-01
7.764176965063952496e-01
7.746151174366505687e-01
6.959371295816263459e-01
6.925834813634016429e-01
6.539823674989698743e-01
7.196250480588545315e+02
6.343101260028308763e-01
6.346127245601055344e-01
6.411980090476405714e-01
6.411639465655912806e-01
6.477514298647351065e-01
6.570408281908890480e-01
6.310471473571438450e-01
6.166013661323888062e-01
6.246992807038008744e-01
6.079199588516934760e-01
6.158033421267944396e-01
6.143449428705100024e-01
6.148537762135882767e-01
6.088870969685812318e-01
7.125766175103895872e-01
7.480470612865366409e-01
7.112814996630401065e-01
7.121743292141988757e-01
6.816261869179045529e-01
6.834675685916269394e-01
6.773700123522239380e-01
6.731091711190122506e-01
7.279439367237466874e-01
6.947971475866736579e-01
7.146147124217385738e-01
8.870435600682499144e-01
8.994867216754973693e-01
8.857752582055330448e-01
9.129341232969021558e-01
9.531916963308358914e-01
9.481726384963889975e-01
8.923404487756615433e-01
9.045813542510712235e-01
8.675227069131783431e-01
8.371510457778198466e-01
7.675791238234602742e-01
6.817245415115907869e-01
7.007424635810498570e-01
6.865743929052871009e-01
6.709803273567221948e-01
6.946137109218289973e-01
6.883405195865067716e-01
7.087361561715929126e-01
6.976736737071256300e-01
6.917752213340532252e-01
6.856726831843397152e-01
7.075729859423348644e-01
7.078410090104628738e-01
6.947416261450711783e-01
7.136331359003511565e-01
7.555699845067919140e-01
7.061378579862334082e-01
7.058407519288287801e-01
6.959410329238669979e-01
7.685941008244298045e-01
7.791246766208170804e-01
8.172832985007442153e-01
7.393979497862409600e-01
8.394605367671457152e-01
7.468374006812690258e-01
7.541049862473238052e-01
7.525686443864529895e-01
7.550759777191646815e-01
7.614706040289344058e-01
7.651162756744261939e-01
1.767859268245390414e+00
7.020288541336251464e-01
7.007593126553840479e-01
6.995005237037458246e-01
7.167408551324261357e-01
7.076358985832317261e-01
6.962345332612349669e-01
6.945110564845600187e-01
7.308944912916937042e-01
6.580050141807968211e-01
6.567122351710501515e-01
7.696156157854169289e-01
7.824387278072426621e-01
7.763760783262168008e-01
7.359290532804433349e-01
7.416628891668413104e-01
7.511452639404019305e-01
7.585644584285979874e-01
7.120294498537868000e-01
7.087271584437895289e-01
7.005071040918419145e-01
6.893999686591032461e-01
6.684551912790863692e-01
6.637491520181345583e-01
6.421653607835082767e-01
6.520236461822512819e-01
8.914402834555121835e-01
8.888932482004927582e-01
8.100072209532510614e-01
7.793876517931731529e-01
7.985539571186091035e-01
7.998395726280838058e-01
7.587283390600059185e-01
7.263776643308406111e-01
6.688425337601142662e-01
6.653245569664664183e-01
6.467064849574192253e-01
8.104901254819188994e-01
8.128490468962624727e-01
8.169135386056803894e-01
8.107812975577414205e-01
8.478610840176878938e-01
8.270302215914177024e-01
8.367174268424829586e-01
8.199143672525781579e-01
8.094197333987088738e-01
7.437760827809810626e-01
6.887422290098149658e-01
6.447697959222211672e-01
6.418321952767688243e-01
6.508957602452959401e-01
6.382479915435828044e-01
6.233249653643541111e-01
6.289091434280278392e-01
6.132427004307481333e-01
6.008129361963600035e-01
5.667436420114762008e-01
5.686389301452394740e-01
5.459101529638542560e-01
5.438750836083314777e-01
5.769448961745963222e-01
5.808080570770920437e-01
5.824837402152817090e-01
5.801051823906848703e-01
5.772961167987048503e-01
5.880712729699543173e-01
5.757098335791703825e-01
5.909454505017286419e-01
8.782188217190656232e-01
7.630692521281574603e-01
6.588866412669114325e-01
6.491780999701133315e-01
6.127689709347834413e-01
6.097918919750583422e-01
6.207267713733448655e-01
6.983478570438483857e-01
6.795854222293652436e-01
6.857014982707640982e-01
7.219395186839440148e-01
6.757857889103746629e-01
6.727264506804776500e-01
6.947735152769173306e-01
6.669091391887647102e-01
7.346319689841275258e-01
7.383787512761297300e-01
7.298689684696506585e-01
7.365764809043209294e-01
7.521345430250614417e-01
6.824948512563565606e-01
6.661049957556679502e-01
6.739959283852225980e-01
8.104545706987109632e-01
6.630216184591400941e-01
6.487131490438913239e-01
6.582582138618247036e-01
6.572450438258061745e-01
7.256632845238524254e-01
7.118126795518884276e-01
7.087154765038771176e-01
7.096979607897814235e-01
1.859507968768989050e+00
7.073248319484481961e-01
7.928260274804418417e-01
7.737394255444844937e-01
7.931920869583991562e-01
7.897826958563194388e-01
8.234725642887527064e-01
7.885061994579555256e-01
7.907567606249442660e-01
7.946615319522779552e-01
7.956334495981722821e-01
7.935826008357139694e-01
7.807633863798907337e-01
7.893933391593709326e-01
7.907142373060875862e-01
7.799866090779231653e-01
7.840914658516344726e-01
7.858317626508596332e-01
7.725028047943089948e-01
7.676411130646006997e-01
8.163403201799862563e-01
8.016937604312269761e-01
7.991774727401490530e-01
8.077878830030776891e-01
7.983842263224489866e-01
8.281269776007902372e-01
8.188040727304420896e-01
8.556780146730920134e-01
8.336381799516000557e-01
8.396118053919123803e-01
8.192399596814772256e-01
8.168947970714941498e-01
8.237820110401222751e-01
8.174774863062156394e-01
8.126001797257749182e-01
8.132287223907126439e-01
7.999777281728112088e-01
8.104665412461459217e-01
8.157412145116264002e-01
8.019860834682417394e-01
7.774746596394217502e-01
7.731169403780885352e-01
7.174261369257798338e-01
7.416196888330097714e-01
7.406329768945196790e-01
7.363736213389615592e-01
7.373089082453032628e-01
6.903232226874953525e-01
7.076683067569127239e-01
6.579793423056952140e-01
6.452935334607854401e-01
6.478509951779207743e-01
6.453827311379559672e-01
6.556812915625055416e-01
6.056694019094075454e-01
6.056950906112776867e-01
6.568985498521598965e-01
6.440020849851757490e-01
6.581287543541636254e-01
6.592910315990603287e-01
6.686536554540910560e-01
6.830967362166353585e-01
7.690930585842508105e-01
7.662657454058127149e-01
7.760373809363937392e-01
7.695784075272382729e-01
7.862644695153705454e-01
7.836455235353965154e-01
7.725557461628300704e-01
7.723306074150508849e-01
7.730751433840137299e-01
8.427277669136420402e-01
7.702374318226699046e-01
7.781778785280505373e-01
7.704307430387258293e-01
7.762715727662936605e-01
7.653528915742439098e-01
7.663708862820293177e-01
7.510103470670674852e-01
7.183990209035377994e-01
8.122344879874972001e-01
8.154530133832594840e-01
8.184979271599249762e-01
8.029228141557460674e-01
7.896982307963613668e-01
8.516585976977530947e-01
8.452091341593913620e-01
8.311319476292795549e-01
8.518205783123217190e-01
8.536800689405273923e-01
8.650587023227468420e-01
8.640489983045755995e-01
9.132829763537526624e-01
8.799987765923658056e-01
8.760211447570867005e-01
8.971343240736819880e-01
8.692574138469179035e-01
8.745644518653578059e-01
8.749762871267683373e-01
8.726596074971703088e-01
8.770480998561108743e-01
8.840638990595737212e-01
8.577679695148788808e-01
8.603939969631384521e-01
8.630233224602666953e-01
8.626040577151395938e-01
8.601880272473726441e-01
8.610320106418158925e-01
8.569016885828335539e-01
8.742030546166287275e-01
8.632187966235513876e-01
8.678174282477072454e-01
8.604346476074530292e-01
8.618185876576283100e-01
8.611603828120875104e-01
8.846653319763214673e-01
9.054419902081934923e-01
8.674511222207376138e-01
8.779791953112074943e-01
8.497065850172321744e-01
8.568563390237446953e-01
8.749388050010737938e-01
8.502979256987710510e-01
8.459552817962099347e-01
8.881191281205327304e-01
8.812508863539820769e-01
9.202326137514659221e-01
8.903090176990634541e-01
8.975625953397381451e-01
8.880731715226268808e-01
8.856218389512062750e-01
8.812073089832767048e-01
8.657608507555560884e-01
8.544794580859235156e-01
8.595954722080227928e-01
8.549413494728991258e-01
8.561298184264696243e-01
8.654366823585163404e-01
8.381025977506489921e-01
8.543471450627456720e-01
7.795277529421773544e-01
7.582477874638433590e-01
7.626196911883631468e-01
7.572453417918471041e-01
7.692379695948848850e-01
7.553593276255485822e-01
8.888401753769312741e-01
9.007573550240920435e-01
8.861324000394417144e-01
8.885563313082942560e-01
8.780883691540183333e-01
9.328714477197043164e-01
8.579419951490762086e-01
8.569885196961706253e-01
8.705491202280611907e-01
7.634846952040572621e-01
7.653992194897170087e-01
7.614610589782006000e-01
7.558042979641756975e-01
7.575106704547652781e-01
7.616220427110085289e-01
7.460245802954467154e-01
7.924300379947363249e-01
8.288725985045937161e-01
7.979777799769649516e-01
7.961462814683153422e-01
8.143006350798025483e-01
8.315834316718474506e-01
7.943678747006285290e-01
8.042558919982046861e-01
7.521295486233261496e-01
7.686547928481550773e-01
8.828345715134213734e-01
8.938428932104870439e-01
8.557671698715376696e-01
8.146168069873929163e-01
8.130726674789383601e-01
8.277206409074726601e-01
8.203750486586934842e-01
8.291118108072321746e-01
8.199417089044228613e-01
1.173040081540909885e+00
8.052452315633570334e-01
7.809467926901265677e-01
7.686396702712395834e-01
7.539513919070391923e-01
7.023768876715987819e-01
7.068200342366878219e-01
8.935402805831593742e-01
8.838285250908176627e-01
8.783932272767898120e-01
8.811136448732934667e-01
8.858702954135817542e-01
8.280582866222149230e-01
8.479902691290575056e-01
8.344403581203969633e-01
8.227024248827665698e-01
9.358509590869474870e-01
9.336071552382152472e-01
9.299500928035330238e-01
9.181322801040906478e-01
9.274776559378078433e-01
9.759716069568815655e-01
8.947035768900022390e-01
9.271140324859166171e-01
8.937519076172083521e-01
8.977798111569857964e-01
8.711296022459458221e-01
8.518006781571172414e-01
8.239490505342267346e-01
7.248898193310866489e-01
7.344065148111014185e-01
7.359747714069858615e-01
7.466511462322777959e-01
7.272605391124840057e-01
7.731161779860096228e-01
7.311388119276485131e-01
7.387275862138170668e-01
7.550171589284444540e-01
7.694046202620761221e-01
8.004485339852984715e-01
7.469293466689449490e-01
7.951028825329787830e-01
7.642996887931263750e-01
7.584537996127971304e-01
7.571410375109611790e-01
7.228404054590780170e-01
7.248194266195880919e-01
7.386015048124369153e-01
7.236414714829690897e-01
7.605891646793061511e-01
7.287779917733882007e-01
7.211085600050409772e-01
8.297536555152633664e-01
7.693671797548446989e-01
7.608589255678462893e-01
7.778884909667629355e-01
7.451187747931281580e-01
7.789116240327578211e-01
7.939847480533571700e-01
7.715815018857478114e-01
7.591453090910614820e-01
7.640705208391890269e-01
7.556516001769127966e-01
8.123995686247753589e-01
7.915032162571774554e-01
7.588197387023694063e-01
7.609010708478133322e-01
7.673781259767642471e-01
7.569195534959601845e-01
7.475273570689159319e-01
7.526483742407186206e-01
7.602150097972641962e-01
7.435368871589369544e-01
8.102608658202187897e+00
7.462036189979650569e-01
6.854023032467003729e-01
7.001454589928010064e-01
6.729625824128522282e-01
6.541701728841974317e-01
6.614614572350137056e-01
6.501113494523109715e-01
6.528086864871228689e-01
6.623932356437846058e-01
6.518246404976202335e-01
6.388010759451792087e-01
6.373168455188296111e-01
6.289852245220238780e-01
6.349851369737442575e-01
6.457094259771773981e-01
6.439341528476317800e-01
6.416207611531429267e-01
7.580119654050689881e-01
7.425518623493786441e-01
7.404140065978407348e-01
7.446693617159235723e-01
7.121137649180471207e-01
7.144073268600049653e-01
6.692390893910975525e-01
6.811226511915127180e-01
6.509392904164698068e-01
6.765067670387097110e-01
6.799906113730899149e-01
6.950111751362312296e-01
6.707643812788587345e-01
6.686492587156416256e-01
6.365937962794974148e-01
7.459393495275666863e-01
7.498458665665990175e-01
7.452510048240411633e-01
7.457592550017210220e-01
7.461573308356794776e-01
7.494935810005286525e-01
6.793987889100722155e-01
6.881064565429733104e-01
6.768737396349965296e-01
8.362862689213907963e-01
8.301454955641869304e-01
8.310093234804092344e-01
8.288412628997885445e-01
8.129889195328684481e-01
7.987962843060902873e-01
7.297286529156359336e-01
7.226719242673388388e-01
7.385802669096812600e-01
7.321325633901802910e-01
7.221369634218028910e-01
7.292125701091097811e-01
6.903334842437791607e-01
7.278498800777672972e-01
7.088781370218508737e-01
7.412170605491070763e-01
7.115986610532039069e-01
6.938715400819768231e-01
6.981477097036007384e-01
6.967104494929696745e-01
6.961347975038126856e-01
7.205492449544942390e-01
6.975677603209555766e-01
1.223958860593276521e+00
7.091625768221786474e-01
7.104524985728410957e-01
7.287192827243303972e-01
7.251959579864426519e-01
7.220666409310473322e-01
7.192538601299107714e-01
7.087037089687110436e-01
7.773285373262326381e-01
7.477130563895498794e-01
7.377237334957361670e-01
8.411225900833578795e-01
8.460195328514640289e-01
8.485636655110108117e-01
8.376041457106319088e-01
8.476130002349361314e-01
8.452008787077363028e-01
8.277421977797820851e-01
8.680717819578873673e-01
8.254243701199698302e-01
8.422148270123364089e-01
8.451903510923569618e-01
8.185097007840200778e-01
7.843499960518888203e-01
7.433604248182503760e-01
7.420650377841889744e-01
7.497759950930463768e-01
7.388944479113251917e-01
7.386208124371933526e-01
7.027826036663751275e-01
7.033610361577540271e-01
7.086905721666388880e-01
7.059422400854803437e-01
6.832543964429563799e-01
6.968639952654297476e-01
6.740242866768111352e-01
7.259796468178274509e-01
7.060156729032326384e-01
7.179508896782278438e-01
7.046329694944872823e-01
7.081299229187310029e-01
7.126071242650293680e-01
7.086176758625786221e-01
7.131683307880708478e-01
7.184178471740290117e-01
7.135408567130632207e-01
7.094404543956739362e-01
6.954598484983947060e-01
7.315404662973321592e-01
7.003711954138298612e-01
6.900133462603328383e-01
7.338724055725128759e-01
7.621361473785178697e-01
7.292025165037169243e-01
7.247820301491471051e-01
7.418311860771836797e-01
7.222127795737867118e-01
7.281894470087836302e-01
7.171532561690074914e-01
7.776885101460164762e-01
7.146556654519147234e-01
7.130958181507535132e-01
7.110943227609652917e-01
7.120749424698973318e-01
7.185748584037738862e-01
7.012091598676069015e-01
7.022120082171217081e-01
7.121354848248488967e-01
7.110328490137627355e-01
6.960522549578150864e-01
6.776043901083329546e-01
6.899227767115619914e-01
6.780118926297807880e-01
6.839787573609837912e-01
7.779460244739533348e-01
7.573196126818078078e-01
7.151845672459145042e-01
7.180471749955658067e-01
7.263916402645114179e-01
7.294744167594268136e-01
7.356016702861503109e-01
9.367899425928288837e-01
7.030734673975441718e-01
7.167212789443567766e-01
6.721379558858959768e-01
6.747159349256279803e-01
6.686988984170527672e-01
6.694611286825666863e-01
6.781819363647154653e-01
7.635754364944021821e-01
7.282072454196435451e-01
7.318549078015955667e-01
7.434991146006220131e-01
7.186434023677199523e-01
7.280743993130376346e-01
7.316394105385372049e-01
7.610998744116908021e-01
7.349646042722804973e-01
6.878158209896672037e-01
6.733575591285577699e-01
6.916868209020470282e-01
6.881232562858986546e-01
6.578001973677768399e-01
6.493128691322734847e-01
6.487417150184163761e-01
6.685460120800701400e-01
6.585154419676113591e-01
6.580740946726946206e-01
6.587431493543445260e-01
6.788773643698581273e-01
6.643864670835109010e-01
6.442470214965312358e-01
6.226380756822077478e-01
6.146981358834113784e-01
6.309919006059481195e-01
6.199106707940460481e-01
6.144366462201962253e-01
6.254457607215678783e-01
6.232497200640452206e-01
6.330935308151564023e-01
6.404523963716998169e-01
6.331444099002199177e-01
6.174935945660112724e-01
6.118253986622279594e-01
6.059653833995366501e-01
6.065741642398829736e-01
6.047590144617671637e-01
6.034509290662328773e-01
6.056638827497327071e-01
5.988898831188669281e-01
6.033835861727209204e-01
5.953181976953370036e-01
5.892718731017482225e-01
5.363808792943933756e-01
5.186643831830415330e-01
5.203339624621339254e-01
5.377387078158990530e-01
5.564097445837469236e-01
5.181682359400852089e-01
5.212610455415402910e-01
5.233850540309646915e-01
5.250785029145338401e-01
5.146761832962658545e-01
6.420813474822812950e-01
6.337706050453114637e-01
6.151278052042870037e-01
6.193830887609813596e-01
6.382915625149270245e-01
7.897467324055083004e-01
7.692148247230348179e-01
7.665403120641440804e-01
7.955449911040014532e-01
8.164300497456422612e-01
7.294658522324855010e-01
7.113751114846980084e-01
6.742076064225666077e-01
6.797913612071248002e-01
6.648192511219020995e-01
6.666882710204726781e-01
6.717229704795034673e-01
6.638611089108783503e-01
6.644128147261685324e-01
6.882850263405934088e-01
2.821728157812454896e+00
6.714665736847476030e-01
6.803724069042836886e-01
6.794538571716307596e-01
6.389292137085718082e-01
8.024538640178737747e-01
8.181046272839754829e-01
1.003519756360520487e+00
8.117173637243082496e-01
7.705987900631031673e-01
6.863279643775106464e-01
6.776406025230152785e-01
6.882084874823285459e-01
6.848194947864989501e-01
6.964828527779804990e-01
6.825902865574668965e-01
6.570109931417890126e-01
6.847105484282589583e-01
6.729797579169310984e-01
6.717552946523369650e-01
6.883078811786267348e-01
6.838756437825062040e-01
6.932015955644877936e-01
6.843557611257000683e-01
6.759209503500687166e-01
6.663111281572204891e-01
6.595048910012938359e-01
6.491393359861841184e-01
6.557613176632919316e-01
6.897301854880961702e-01
6.181367997613960164e-01
5.948488481150779883e-01
6.045324553142858992e-01
5.867802091706124656e-01
7.780308373462148097e-01
7.040288883287590949e-01
7.085703767270253861e-01
6.624049577089369256e-01
6.627872070027731599e-01
7.868277166415050816e-01
7.851663588024305751e-01
7.921156525352778255e-01
7.986629302540908526e-01
7.938708401496615830e-01
7.985253154427315314e-01
8.494677909038363950e-01
8.287372004104114342e-01
7.989517208899845624e-01
8.152625135428233083e-01
6.938108294798583930e-01
6.732996549146137433e-01
6.725948072635544728e-01
6.630924689813696427e-01
6.795978608143335986e-01
6.311941572961403679e-01
6.298227815590498047e-01
6.183819832519480419e-01
6.236445828078418518e-01
7.709729664158180285e-01
5.824590603333746897e-01
5.640459756729294671e-01
5.437322209598963729e-01
5.465646709812872484e-01
5.596213876869211568e-01
5.416189921682631470e-01
5.510574078927494845e-01
5.316032880958563300e-01
5.180064048853736391e-01
5.262480800311380991e-01
7.820008494703988289e-01
7.640355555674475108e-01
7.363372397524247104e-01
7.545831008069127099e-01
7.306865353013574094e-01
7.241000185832350278e-01
7.158824622269969185e-01
7.447388501790404014e-01
7.216308157129820433e-01
7.151032410782897086e-01
7.147337567837722672e-01
7.595809685081260643e-01
7.149091161294752750e-01
7.368200097176451635e-01
7.080325497317545569e-01
7.075605989891764480e-01
7.069232430146162871e-01
7.059420643079448165e-01
7.255642925956762301e-01
7.209656346577377750e-01
7.161365534830212987e-01
7.194178171116227816e-01
7.057357198635979545e-01
7.190568455078003574e-01
7.837127743497767085e-01
7.009097892790950857e-01
6.787096646975671055e-01
7.280138456533959967e-01
7.277525865520548809e-01
9.039807230004299754e-01
8.929422693748454432e-01
8.919822453211341262e-01
9.110876284517187562e-01
8.959156333923197213e-01
8.889483593904561332e-01
8.657184400910008515e-01
8.479193115950852677e-01
8.754635220550340824e-01
8.542687297860541706e-01
8.656662648324641163e-01
8.903579603614727445e-01
8.556460309038889100e-01
8.599148109457972478e-01
8.757422446953638806e-01
8.569759973128960873e-01
8.504568111141310727e-01
8.027541739195458437e-01
7.464880593482274840e-01
7.560744881343356427e-01
7.705498522771372372e-01
7.389656767920042002e-01
7.400861325512767541e-01
7.318908162030864917e-01
7.306150230385233257e-01
7.390096334798336164e-01
7.508908792698569812e-01
7.508072751509313747e-01
7.402701463499543610e-01
7.450362301046511426e-01
7.133213248136942575e-01
7.103379542931054225e-01
6.796654480566484136e-01
6.828025798972545690e-01
6.575865798053501798e-01
6.618135990320980211e-01
6.572454970500041238e-01
6.588292708030560885e-01
6.411256609990201305e-01
6.615271692021598149e-01
6.449701128888681856e-01
6.443109213819969705e-01
6.037153805277735152e-01
6.055026118242606836e-01
5.807447076655923857e-01
5.986327788621281787e-01
5.844923361002420936e-01
5.686502052592916634e-01
5.659634789659954146e-01
5.708855694724157548e-01
6.193727724074244989e-01
6.040602099174537942e-01
6.113815059686226183e-01
6.060676821436122852e-01
6.086602312689394223e-01
6.072278688411442138e-01
6.027130744804506390e-01
6.020018932629719322e-01
5.958781861538093860e-01
5.770537129730906045e-01
5.563921639902901228e-01
5.611707463412434205e-01
5.495454355654836309e-01
5.437300221306471393e-01
5.346722506771287575e-01
5.353718391372671581e-01
5.463580884198554477e-01
5.323750616858147211e-01
5.166071332724986309e-01
5.143038782207492998e-01
5.312461929024462348e-01
4.857706106299443660e-01
6.001260973608431026e-01
6.109698136629924115e-01
5.911376685462482738e-01
5.937884953818594047e-01
5.999812710447305353e-01
5.652749605822310341e-01
5.657799288393350334e-01
5.535755369737953568e-01
5.528789123019307583e-01
5.394481063620621963e-01
5.349478324660709161e-01
5.155848121331205736e-01
6.184185528104588769e-01
5.028543273594929808e-01
4.991147701555380123e-01
5.074610059520455740e-01
5.004944688164555400e-01
5.077915477624934670e-01
4.989813003879733921e-01
5.067102911398174703e-01
5.145702776764742303e-01
4.909122200441529138e-01
4.737582849225723813e-01
4.651324628424124419e-01
4.672420035952477568e-01
4.726082161432431095e-01
5.209281926443745103e-01
5.211122981365170492e-01
5.263051358299847271e-01
5.335593201863608748e-01
5.699279455635419822e-01
5.473884701002411646e-01
5.425713390738661213e-01
5.302810664164668841e-01
5.369224947070343479e-01
5.328980266340206384e-01
5.385871233034300598e-01
5.328541806780734413e-01
5.320274769608395182e-01
5.347877805194147793e-01
6.152450112035282581e-01
6.108363819709550224e-01
6.197423212048929209e-01
6.415979820360022678e-01
6.483500802392627715e-01
6.511532148504880491e-01
6.469175482008454603e-01
7.006620462355725998e-01
6.654640424737361393e-01
6.471688746728532227e-01
6.641941947749248065e-01
6.333916277167174202e-01
6.816460789150600164e-01
6.243381951643938166e-01
6.184869902909508887e-01
7.592749861355020391e-01
7.328093463101522653e-01
7.299601109911819652e-01
6.771617921282078179e-01
6.461078092778247406e-01
6.448146423349528922e-01
6.885079158942617461e-01
6.417745450366302284e-01
6.480198292229053525e-01
6.488461543227527217e-01
6.370240726822286037e-01
6.779945574047492318e-01
6.320408759981039903e-01
6.843537838999320666e-01
6.298599661063964961e-01
6.291045929884695465e-01
6.333466579404272156e-01
6.218719537404240327e-01
6.490228234515291739e-01
6.246947737935282241e-01
6.134391689321346819e-01
6.249439871948938574e-01
6.324112834035658937e-01
5.996631581244589171e-01
6.082061200849161464e-01
5.942713174313427604e-01
5.905334772829943235e-01
5.959964458171765900e-01
5.993035702204628778e-01
5.994912951921614885e-01
5.954458865858691663e-01
6.064410404530664600e-01
5.995190769801039821e-01
6.172802221186310945e-01
6.434210820898812466e-01
6.368750833079120932e-01
6.258990389717666858e-01
6.205088162294316589e-01
6.061925948828219557e-01
6.053822546738876209e-01
6.147352769783598347e-01
6.667612020574207321e-01
6.740620495502058773e-01
6.708989258965240010e-01
6.555503347868973929e-01
6.540016683935719888e-01
6.657776066075251631e-01
6.772832277878703122e-01
6.742674019026876353e-01
6.099473903638042982e-01
6.186067957278509333e-01
6.915127965148942790e-01
6.915824746544683155e-01
7.162381064293593669e-01
9.738202900865760014e-01
6.749401118502722507e-01
6.605873794126190246e-01
6.515068900774390048e-01
6.349294640908649257e-01
6.367566738750238819e-01
6.359427478562440506e-01
6.403984422949277056e-01
6.408967153872624500e-01
6.432797708394212277e-01
6.496824014836636296e-01
6.386929081051240242e-01
6.464595407258971749e-01
6.445457637873321932e-01
6.439237824905738039e-01
6.500122004738915216e-01
6.363251095937056956e-01
6.320093359191507609e-01
6.284337538411968183e-01
6.207148983178180091e-01
6.369225764203417794e-01
7.007216762213099859e-01
7.457842831232992520e-01
6.690642902578247675e-01
6.627425480512155742e-01
6.716401214501821482e-01
6.527672222359665044e-01
6.441576731994205218e-01
6.492578595795553964e-01
6.516493877313502825e-01
7.072487578864784519e-01
7.033627999301745870e-01
7.253474471180629823e-01
7.921574454623814265e-01
8.137590812683852537e-01
7.841648284690189152e-01
7.832073654891003045e-01
7.820102136847180141e-01
7.350154309294799626e-01
7.270323685738766528e-01
7.196006294819514704e-01
7.218854745453293642e-01
7.585131197515886381e-01
7.117754281959010054e-01
7.226020667458807889e-01
8.364765515908727522e-01
7.207428649647708019e-01
6.982429505420346683e-01
8.022468903461307255e-01
8.171610659771950669e-01
8.026069730325794405e-01
7.998579932103182522e-01
8.010220370514712362e-01
7.884932210769634020e-01
8.103905411280966087e-01
7.241922694707194630e-01
7.101048331583610373e-01
7.008789199045802887e-01
8.451300027781906143e-01
8.330628177431023129e-01
8.642441001091698549e-01
1.268525068944765799e+00
8.713420406590235423e-01
8.718851608874090831e-01
7.825466312797071389e-01
7.841483065010912412e-01
7.995627539652908622e-01
7.906324346055566554e-01
7.516590968419633034e-01
7.999049172492335158e-01
7.652883739575252475e-01
7.408614830150039854e-01
8.056111464707070846e-01
7.315323165084433032e-01
8.430895191805835021e-01
8.615971569598057656e-01
8.609362952239887345e-01
8.566014720213472877e-01
8.549181367031631895e-01
8.595904632565842807e-01
8.630582985287017506e-01
7.515342887885191336e-01
7.425058623983741279e-01
7.406376956056597294e-01
7.488939999304262685e-01
7.360791451058674717e-01
7.416978770309194946e-01
7.448783664098241886e-01
7.459319269429131039e-01
7.384048209834673804e-01
7.177455486528180328e-01
6.887697288396132933e-01
6.671137285914986448e-01
6.869428005199239573e-01
6.817158092190765961e-01
6.843889642779035221e-01
6.815976240396924846e-01
6.902562848938427198e-01
6.753925463817861408e-01
6.838600788855290213e-01
6.710055979492403067e-01
6.687591050238638202e-01
6.872599870911886288e-01
6.662342928545603726e-01
6.781992893523501875e-01
6.736758938296157906e-01
6.708514156836354880e-01
6.551819903758644426e-01
6.352670770385979715e-01
6.298885836396530546e-01
6.125857259044664715e-01
7.304836444284873442e-01
7.199303230728875125e-01
7.362560578930492650e-01
7.263922850276544052e-01
7.278056432296911016e-01
7.316638736155305356e-01
7.447773236825914189e-01
7.337723495988005551e-01
7.262681532227820425e-01
7.364744280724329073e-01
7.345176548803274974e-01
7.414602218970355318e-01
7.342089694413411749e-01
7.157899388985563549e-01
7.032581652563874020e-01
6.859380081750627856e-01
6.719679657165458231e-01
6.746602993020305306e-01
6.681911827534300352e-01
6.678286374350792531e-01
6.264764634977735280e-01
6.125493453028213464e-01
6.238373830362182737e-01
6.099733836428853362e-01
6.248107997627847521e-01
6.096275471353291842e-01
6.042742663094047284e-01
6.214384794061501571e-01
5.974434189614388213e-01
5.580758035034085740e-01
6.239810780006389557e-01
6.158199186557690163e-01
6.167333338651416197e-01
6.235650192912824963e-01
6.170132363394951192e-01
6.206318561318037164e-01
6.903215868322272186e-01
6.111317772524409442e-01
6.061235164299669798e-01
6.069277899169729373e-01
6.118363130230446423e-01
5.557631899008591558e-01
5.430403962781549243e-01
5.517812770241089515e-01
6.686512059904998750e-01
6.251953709391805392e-01
6.174760906820087047e-01
5.987769148276238518e-01
6.189808485879579880e-01
6.357118662599230419e-01
6.164528655206533703e-01
6.159569282593365669e-01
6.179493778476451427e-01
6.114484993366733345e-01
6.141228849092087438e-01
6.198927625121893881e-01
6.187654047908056620e-01
6.150060043514826713e-01
6.115885655493022988e-01
5.807263707484227044e-01
5.896665780772223364e-01
5.808598794666426368e-01
5.824691849716099323e-01
5.903687409366080718e-01
5.875110799382818882e-01
6.516740008047875454e-01
6.478686651840421806e-01
6.480315773233863430e-01
6.300074169132876545e-01
6.084825833189673183e-01
6.304728137577844116e-01
6.276849455785940002e-01
6.353800423288624710e-01
6.202536396511975081e-01
5.996331086928252674e-01
5.818627277196087855e-01
5.757440051469494557e-01
5.842786157603466757e-01
5.810540531473358250e-01
5.685783877585811608e-01
5.707374437296393044e-01
5.855198642364838335e-01
5.614242693538633588e-01
5.669996222843141087e-01
5.607918367875621701e-01
5.829570112358147815e-01
5.557402075348207848e-01
5.528569008982363586e-01
5.506400858510640539e-01
5.405721909723546492e-01
5.452247940760491796e-01
5.457139102248758089e-01
5.455352811812720359e-01
5.691340318709108281e-01
5.701838156198422158e-01
6.860688695670078552e-01
5.807010844072426625e-01
5.746751985924364314e-01
5.582770984052063401e-01
5.722131061471298352e-01
5.596497674503722042e-01
5.517103701524622705e-01
5.624534679701355122e-01
5.597742753403590621e-01
5.510337655588936068e-01
5.502290916676439991e-01
5.314325773926298346e-01
5.202340885002024962e+00
5.318306258956722044e-01
5.483004036768345246e-01
5.445683108391818905e-01
5.608711192281775615e-01
5.758460791253769973e-01
5.713974122205911499e-01
5.818989409139592173e-01
6.172931751124648425e-01
6.171726336812860536e-01
6.104054745761177125e-01
6.660017879473866254e-01
7.004065015602096711e-01
6.607592368257562132e-01
6.609175037284129584e-01
6.000963480128512773e-01
5.823872909998012437e-01
5.722602385067230291e-01
5.815858873954865560e-01
5.725517713780918783e-01
5.719346560167339888e-01
5.759860674851842166e-01
6.625149020311063008e-01
6.646475919104722907e-01
6.472814560017878804e-01
6.493193891386193073e-01
6.542414967482824695e-01
8.447163894207434520e-01
6.612365028152338287e-01
6.653651290855999711e-01
6.490048979003333329e-01
6.712903518573123396e-01
6.569108158934958697e-01
6.775105725603403073e-01
6.741373206043681510e-01
6.841587676628888559e-01
7.057371611336129558e-01
7.064049580228386471e-01
7.811942422444984047e-01
6.940135889921353884e-01
6.871720423681856316e-01
6.907156647740465560e-01
6.869042401757612382e-01
6.867724576705734885e-01
6.917738335576752995e-01
6.905001061246546223e-01
6.863060700092803446e-01
6.882478631008623893e-01
6.918793253097963447e-01
7.085925776445001212e-01
6.757126615414498216e-01
6.696847452134735423e-01
6.703835417802974650e-01
6.713249099674744036e-01
6.640869915112059818e-01
6.814931775502571787e-01
6.824563296505109511e-01
6.681891922199760803e-01
7.057143236030614109e-01
6.723093815694363151e-01
6.570373845196851859e-01
6.587133501406069458e-01
6.450993617180994510e-01
6.387458209080585370e-01
6.495842980017269008e-01
6.421634659962138780e-01
6.220869589810518185e-01
6.236916654890546363e-01
6.108381658138712922e-01
6.196882022323979555e-01
6.042998225828020153e-01
5.768420312609277012e-01
5.834296926587549947e-01
5.904387189645051714e-01
5.918552753590458071e-01
5.868938272198452877e-01
5.984413020651740966e-01
5.961972167408162715e-01
5.983120812079198991e-01
5.958130596546504787e-01
5.838322223835734626e-01
5.884101876816033583e-01
5.741577392138571545e-01
5.814118403979821048e-01
5.956338431009968737e-01
5.792811040206438111e-01
5.776422558786590278e-01
5.744576649425910952e-01
5.807202634795541885e-01
5.769971431594238531e-01
5.809687665597533801e-01
5.789405373800282639e-01
5.698145863977915893e-01
6.236419704411465537e-01
6.516501864730126492e-01
6.425642169072001142e-01
6.527039099581095627e-01
6.452838326279329850e-01
6.490202844098138524e-01
6.530678646082821448e-01
6.157980742703668575e+00
6.485779714671762175e-01
6.377329088112881905e-01
6.728372648200438011e-01
6.581942135854419451e-01
6.468852294806419767e-01
6.215884785505912946e-01
6.213327808974232758e-01
8.418325239973172280e-01
8.275788917923001531e-01
7.231679071715404472e-01
7.203268134847820026e-01
6.643351457232142820e-01
6.583328397111369856e-01
6.733109753738280023e-01
6.683495605737607148e-01
6.712825128112231976e-01
6.958643265943371681e-01
6.666005559893269927e-01
6.789358427877171254e-01
6.735400403700624317e-01
6.745015927652457943e-01
6.476968385494208391e-01
6.631589945699938315e-01
6.332727504056711032e-01
6.812322035169176004e-01
6.370144358305025456e-01
6.739774406097078785e-01
6.249568738430584247e-01
6.243253717204162445e-01
6.142016845401964131e-01
6.281956348530611800e-01
6.193288384501207666e-01
6.324464970969342348e-01
6.212990168413266012e-01
6.232213269022511826e-01
5.852990324381579512e-01
5.802252882374367982e-01
5.562168315253889217e-01
4.933397754365717036e-01
6.587098326146039184e-01
6.520138171438100150e-01
6.394327917195906652e-01
6.283048080392290569e-01
6.277628300881554768e-01
6.231294740996842219e-01
6.345083981050223532e-01
6.143239317814888079e-01
6.220445565104142371e-01
6.221108718785458569e-01
5.768444592680656013e-01
5.614660332671629339e-01
5.601709634455482867e-01
5.769366059932258262e-01
5.594536844357027583e-01
5.562654643157429746e-01
5.545547765757476988e-01
5.650314395518221122e-01
5.644776891070336644e-01
5.597496214301597162e-01
5.452390745138160355e-01
5.484581797178949003e-01
5.459725055630101354e-01
5.306191819097655360e-01
5.406735999683033311e-01
5.423423567582128513e-01
5.380229954386157587e-01
5.515582374577083780e-01
5.375850187604469532e-01
6.345862063195812919e-01
6.255343592273917563e-01
8.291396663671510847e-01
8.383727625927714922e-01
8.088552628528510313e-01
8.169358362653713623e-01
8.184411259117889692e-01
8.161426818966718288e-01
8.369938627180193436e-01
7.266347158736106149e-01
6.995156306802130519e-01
8.424570144025973484e-01
8.406445935025442795e-01
8.305131909373854038e-01
8.329897997234966267e-01
8.236049932124689388e-01
8.109400380900827487e-01
7.952450710163851966e-01
7.982037794286528376e-01
7.947051768122033177e-01
8.039508719240358037e-01
8.149953344545182166e-01
7.583091649065445417e-01
7.628333046605869638e-01
7.621527140513990606e-01
7.490078169359577487e-01
7.515129874989625591e-01
7.543580353028993546e-01
7.605324379437886639e-01
1.401110176559670517e+00
7.540551281603473655e-01
7.555723972949908163e-01
7.583442053932845095e-01
7.712594069531764074e-01
7.580895487830254798e-01
7.566679484322669236e-01
7.573313657817843936e-01
7.487179636258933790e-01
7.459794749571596606e-01
7.506632210415344897e-01
7.487835949705576866e-01
6.964833739047552319e-01
7.190854301133489113e-01
7.103824925174315741e-01
7.074071687988412460e-01
6.951893920288266804e-01
6.800539559829200664e-01
6.889185985649987076e-01
6.921761705623119543e-01
6.815326464687201380e-01
6.786202885573540122e-01
6.834961474214071853e-01
7.143089622965013152e-01
6.280134505308125892e-01
6.452148568036418785e-01
6.396057889621105108e-01
6.058503381822728517e-01
5.962019142753702816e-01
6.098187385507571889e-01
5.861711683881956070e-01
7.354307622967589664e-01
5.976486051228449004e-01
5.944965151155463534e-01
6.325904367305126286e-01
5.929252985015966981e-01
7.367185233174560199e-01
6.167159716273277192e-01
6.096675485553095797e-01
6.029210382623758635e-01
5.768738664634274205e-01
5.555623075763957974e-01
5.566039752795104434e-01
5.842898982376280026e-01
5.637747318500638816e-01
5.656546920669673906e-01
5.660594956880321549e-01
5.634598396022050260e-01
6.125197927741214965e-01
5.704535861635801064e-01
5.557853765759059872e-01
5.547136126487807184e-01
6.732940979188727360e-01
5.841217413292641991e-01
5.784398745437429046e-01
5.716981456136215334e-01
5.800451841612996873e-01
5.720521586693553262e-01
5.733115759070399609e-01
9.004230236773581586e-01
9.335405357698645101e-01
9.384690705237257458e-01
9.341642529488505264e-01
8.555775662805646942e-01
8.308253611189463372e-01
7.537788349558665058e-01
7.522383847530343948e-01
7.609052420961212038e-01
7.670822247911481817e-01
7.497441995515156110e-01
7.550478513137899306e-01
8.007281303835199759e-01
7.386186796318228165e-01
7.359968244058736619e-01
7.542142689263615640e-01
7.358137238281723391e-01
7.549800552411725096e-01
7.440932570899722043e-01
7.365183644730379786e-01
7.388575747255371473e-01
7.429056652911312231e-01
7.449453877096511301e-01
7.438778435849334736e-01
8.716513459775803163e-01
8.306483232188826005e-01
8.664690110521866551e-01
7.705606213713045438e-01
7.622605791776014827e-01
9.194098046882080988e-01
7.564020611122060922e-01
7.724212505439265186e-01
7.574388581527713438e-01
7.625359563703179022e-01
7.570802875213636929e-01
7.567283491646066285e-01
7.160540996790517587e-01
7.200759295185714670e-01
7.287515184244770516e-01
7.318601329881857520e-01
6.604041075225149937e-01
6.681181083484634131e-01
6.871797708274520744e-01
6.812058196430899049e-01
6.994892267311432210e-01
6.784854940331661588e-01
6.706778842801420781e-01
6.768703672372843316e-01
6.763252216750159640e-01
6.838903561810506515e-01
6.770893975378972085e-01
6.748659549891786735e-01
6.722760330121650973e-01
8.032835079217984786e-01
6.696175602692765461e-01
6.703155863768173184e-01
6.687813523281596062e-01
6.757937270310816480e-01
6.586004527361284389e-01
6.569846109333202788e-01
6.672565802385430622e-01
6.716905248814688534e-01
6.765475426550056071e-01
6.684393516833614379e-01
6.672560254684527514e-01
6.591217875292574302e-01
6.797789317109826923e-01
6.812694726200135831e-01
6.650219634952616587e-01
6.897355732369849779e-01
6.900750145242742217e-01
6.815337543056192438e-01
6.931714367864234561e-01
6.912983066111251240e-01
7.004775847135136235e-01
7.001746260673253897e-01
6.905850410099921843e-01
6.945666803728380856e-01
6.618026792790645541e-01
6.722691809619092407e-01
6.723160572549982117e-01
6.580785634572003939e-01
6.803782643372221495e-01
6.744227059354617193e-01
6.902367259442461211e-01
6.781641948199168546e-01
6.667163168952841001e-01
6.690447633274023698e-01
6.620710274110277460e-01
7.781340145099302497e-01
7.431864408469462946e-01
6.947880188620385589e-01
6.731733721318436947e-01
6.759552202365117779e-01
6.890435083447773446e-01
6.614336687646402702e-01
6.672709791667100765e-01
6.587459976449909771e-01
6.794828110949189259e-01
6.606141997702483781e-01
6.491993190119551560e-01
6.647402924422700643e-01
7.295734348886780962e-01
6.520969601327517573e-01
6.164019158054173664e-01
6.212167728569891745e-01
6.160694529580943435e-01
6.866099257099119724e-01
6.750789504400815932e-01
6.795154284514720588e-01
6.677883056444887666e-01
6.715069048216015801e-01
6.401963309368271515e-01
6.830345120362463218e-01
6.428401710203135444e-01
6.433508726074397277e-01
6.475301638402003457e-01
6.398671792767878230e-01
6.215284939801565267e-01
7.393216969354110546e-01
7.334355536851731028e-01
7.950301159860044820e-01
7.906425173437280352e-01
7.911583862493133390e-01
7.727143522062049907e-01
8.055170579460947389e-01
7.774204126057866482e-01
8.005256535734236456e-01
9.405419877916397775e-01
1.002930555007732316e+00
9.154951999889504588e-01
8.243109621114951269e-01
7.825256085395230210e-01
7.688548404062720554e-01
7.954287253845714334e-01
7.665112118788961482e-01
7.704335144510758848e-01
7.627467121463548105e-01
9.200499342903876165e-01
9.070122889773039043e-01
9.846009521778057438e-01
1.024580447199984423e+00
9.969611686871413525e-01
1.006712990225480997e+00
9.905584783217379341e-01
9.925459861641493520e-01
9.903360987987767095e-01
1.036493691794347027e+00
1.012313882466775228e+00
1.048217883191592037e+00
9.301739778421271865e-01
9.253058392643206398e-01
9.186135918582861715e-01
9.231941578181478425e-01
9.195712379786453727e-01
9.298154531861216876e-01
7.922806209418709056e-01
9.154087927029275207e-01
9.799772846206047383e-01
9.145510508324652399e-01
9.334728320100927901e-01
9.395069844235487411e-01
9.953719911791798491e-01
9.118159300276129642e-01
9.402487287486585021e-01
9.242410212347289544e-01
8.947192352631205825e-01
9.076981789965884451e-01
9.072029561942940301e-01
7.747033662583948654e-01
7.580031538637987953e-01
7.868363292463250724e-01
7.231872617315620033e-01
7.337577631644613962e-01
7.339199687023280072e-01
7.151941623745655674e-01
7.833682021264665174e-01
6.789619161884117293e-01
6.894646652623207528e-01
6.654297398280001330e-01
6.656613989142643462e-01
6.368943777239773896e-01
6.422258573202366261e-01
6.320044716908568283e-01
6.307260196517399109e-01
6.272808895910511051e-01
6.270129989181629782e-01
6.263263581352641607e-01
6.274633001282988731e-01
6.242249204908296711e-01
6.217664183870807992e-01
6.148452424409646122e-01
6.209451791558627809e-01
6.176818561275643216e-01
6.109364798033023458e-01
6.231377621915803466e-01
6.144592359246034974e-01
6.298482489121290939e-01
6.144867056103470171e-01
5.897766981646052065e-01
5.918457107080699053e-01
9.610506997839267651e-01
5.710505737176927443e-01
5.629292879516585302e-01
5.669831448519206951e-01
5.571412466652891915e-01
5.668757836892301949e-01
5.528697743634463091e-01
5.428329253436486868e-01
5.576117323149680782e-01
5.493009226810026124e-01
5.665728447368032494e-01
5.515992196015050419e-01
5.493357882595915065e-01
5.485262055948306736e-01
5.485133311301004788e-01
5.610495550310643509e-01
5.516761089306753130e-01
5.545763563430670118e-01
5.622021024111963916e-01
5.277021223142930317e-01
5.885585548415004364e-01
5.863267581531548256e-01
5.659356441736778098e-01
5.586701931187790793e-01
5.523226521136035405e-01
6.385212166513523080e-01
6.455634294397580852e-01
6.510983601782796004e-01
6.486022062759584372e-01
6.629395718836050833e-01
6.657553426716390499e-01
6.530111892713015287e-01
6.993526203878837055e-01
7.297643973149566810e-01
7.214152889288336645e-01
7.108430618131533762e-01
6.421134452947582227e-01
7.678150162516327315e-01
7.676585431323791342e-01
7.646391570197125231e-01
7.697384825512331163e-01
7.681135330569957009e-01
7.423602294360378551e-01
7.007831983727811354e-01
7.157052253415624454e-01
7.103268372681930121e-01
7.330667409815188051e-01
7.044755259002699610e-01
6.407999237313798391e-01
6.470608284451090375e-01
6.550422450428865506e-01
7.708074131931019757e-01
7.691257700209890302e-01
7.736538217975548193e-01
7.696101199861060671e-01
7.710824785349031929e-01
7.631072920690964434e-01
7.752347476965143480e-01
7.863231526510687797e-01
7.908140555229896673e-01
7.845573598448819519e-01
7.710588357725218778e-01
7.760724265196424776e-01
7.692228240394209937e-01
7.777836234704769147e-01
7.632926456141976290e-01
7.657589030797924412e-01
7.965717238540095391e-01
7.759658919421245082e-01
7.983326966027006755e-01
7.164790758286569972e-01
7.274454334220598062e-01
7.028752637432198469e-01
6.660545560314569125e-01
6.675474223630267767e-01
6.700707369718816864e-01
6.922189698298348848e-01
6.682168863705733042e-01
6.828017824762590005e-01
7.223098982010115465e-01
7.279332989349462935e-01
7.844536609905102820e-01
7.147814614850445114e-01
7.239538176866160413e-01
7.193294746481037061e-01
7.320646039724509890e-01
7.188647901083055070e-01
7.083631683147779690e-01
1.328385659579681022e+00
6.637299487123029529e-01
6.860777504240420654e-01
7.019514915246887199e-01
6.740401775619990765e-01
6.721808797051663786e-01
6.905944815652222957e-01
6.752617215717028332e-01
6.650875846945245584e-01
5.614212678358966313e-01
5.505860866562307665e-01
5.487884117727268585e-01
5.661329400475665352e-01
5.668270681697876734e-01
5.678484853210952199e-01
5.584948223379800902e-01
5.642403717562795018e-01
5.692522604683116771e-01
5.698923267568993811e-01
5.540386114864209732e-01
5.547775569151475183e-01
5.550725738773258922e-01
5.473752639524690489e-01
5.524234497591323789e-01
7.107664685363969115e-01
6.630675018252346620e-01
6.652104157382006111e-01
6.644036991764336042e-01
5.837126506282628302e-01
5.607151994028702902e-01
5.626467636323406740e-01
5.776428727033464661e-01
5.908240911854784061e-01
5.607815361450332325e-01
5.738486605904130622e-01
5.399618462262096852e-01
5.520030870730452399e-01
5.671843830080933735e-01
5.390599904251474062e-01
5.412208428412501604e-01
5.662131859494863306e-01
5.482509551536226544e-01
5.354702392737448191e-01
5.408838822164347970e-01
5.302458891728892842e-01
4.728585433540687388e-01
4.659652331976186779e-01
4.594504843117825921e-01
4.614362728172420880e-01
4.226286983616380777e-01
6.857406684150755272e-01
6.620480130511954275e-01
5.507174510071611850e-01
5.545144842165836696e-01
5.634000894266766313e-01
5.509552220752336193e-01
5.425338113660855832e-01
5.466644622943117593e-01
5.488673659758810386e-01
4.777034399754346294e-01
6.014498989132203155e-01
5.901440693472901344e-01
6.042304446583502964e-01
5.910283212030228439e-01
5.953876750986466515e-01
5.841408766558884302e-01
5.852794886452140632e-01
5.940354170483236329e-01
5.525138664099801256e-01
5.506965895437738734e-01
5.312920095511586283e-01
6.104199106422714127e-01
6.083832813166968334e-01
5.809123354512796267e-01
5.838398139166227629e-01
5.805914455206165892e-01
5.907666046302239016e-01
5.889691798788866395e-01
5.893018446592234172e-01
5.805566457524499180e-01
5.808497933024717730e-01
5.432253571143539350e-01
5.285866869379334254e-01
5.258448131340351939e-01
5.028918873125036715e-01
5.110063142482954568e-01
5.046586670134909358e-01
4.972113641161216568e-01
5.049180194545221934e-01
4.991421911471792816e-01
5.409443159525614275e-01
6.261957100780290997e-01
5.470163997545585133e-01
5.308373892101933000e-01
5.735105651242047298e-01
5.217838870899467185e-01
5.429749668721330913e-01
5.529945924515415889e-01
5.197233389113740110e-01
4.785390823228535262e-01
4.740082937728192225e-01
5.775661408328445212e-01
4.697787065909682092e-01
4.825387520755379245e-01
4.735868978796476392e-01
4.573938792543076337e-01
4.620284019725384717e-01
4.630399063891537104e-01
4.579493229672672028e-01
4.326772896934516499e-01
4.224711704560809578e-01
4.204111350222632382e-01
4.420565431705529846e-01
4.546804918988694433e-01
4.523628172942316672e-01
4.950985273689405552e-01
4.444977327410040147e-01
5.041649914577297498e-01
5.141973951558078682e-01
4.974426654974158368e-01
4.927978913504498792e-01
4.871304857529882293e-01
4.681579956242626905e-01
4.702822478890045232e-01
4.738734764203717531e-01
4.450307428660217335e-01
4.362793876123103320e-01
4.361870051152336725e-01
4.354864051888268639e-01
4.312040863003429036e-01
4.337140574137671178e-01
4.354710825313757860e-01
5.969758995635409127e-01
6.042912749318096743e-01
5.876377065374547293e-01
4.876485130004314383e-01
5.807978875040444855e-01
8.693767778731911200e-01
8.698526699393210881e-01
8.762587969867188242e-01
8.687854705245373621e-01
8.758707179822392552e-01
7.629935511093280942e-01
7.549744518453623821e-01
7.582948909071922650e-01
7.619441277666755274e-01
7.548395266107290613e-01
7.597268167683519646e-01
7.478731771159188302e-01
7.548258787871767739e-01
7.543520967722984194e-01
7.557354829552764830e-01
7.531172477385383868e-01
7.606041701284388390e-01
6.105369613510409632e-01
6.270881463328836780e-01
6.189641510933897584e-01
6.150816915488843684e-01
6.246275285661021526e-01
6.586976199598256754e-01
6.209963218171387078e-01
6.399385862555954096e-01
6.342357351184308989e-01
6.337137632379788998e-01
6.347394811342887966e-01
6.426569171938744107e-01
6.415514311495248423e-01
6.556096536074890180e-01
6.300739914484727588e-01
6.333531441472890489e-01
6.236113931520468334e-01
7.369172959731685735e-01
7.277615377096786631e-01
7.293356029374965521e-01
7.251638279506945617e-01
6.083116782392414823e-01
6.412892057047239192e-01
6.151169887865159946e-01
6.382431039070756151e-01
6.316774122413268966e-01
6.314120143192986090e-01
6.530521360818019039e-01
6.344706762865097716e-01
6.191952449161423067e-01
6.101685669118350752e-01
6.164293097915907182e-01
6.069755438735807695e-01
6.159400162434497394e-01
6.076982159682475793e-01
6.044314336674641019e-01
6.070746538703620798e-01
6.490726832577701222e-01
6.082858770452487240e-01
6.073035852669421697e-01
6.017879936454703094e-01
6.238346624723337674e-01
5.989557216747419810e-01
6.069604859684802900e-01
6.120312218714802910e-01
5.866224234608810040e-01
6.885477611160778499e-01
5.718638466052113900e-01
4.866572227384531324e-01
5.261803420661096409e-01
5.156183860660563667e-01
4.955812579361645320e-01
4.791172435271885965e-01
4.597695210229686968e-01
4.600011120614276861e-01
4.540960662832739803e-01
4.561472309877721010e-01
4.496417345861702941e-01
6.644955886218382179e-01
4.552492087988033731e-01
4.473317672218750651e-01
5.869008228326431098e-01
5.661129089386278679e-01
5.641006110137284368e-01
5.649704366616418172e-01
5.658023232994500162e-01
5.909163072094851810e-01
5.327137275647318981e-01
6.022454217985842018e-01
6.186696526921855455e-01
6.056570300567346576e-01
6.488940348540391811e-01
6.603652663571701886e-01
6.471324420991002579e-01
6.486225371812724960e-01
6.429849850201041495e-01
6.389571987547051357e-01
6.604108707865057326e-01
6.397405345606724802e-01
6.679553342656487924e-01
6.783356413557442011e-01
6.668932153900727355e-01
6.733266451048502965e-01
7.134068549506999979e-01
6.425419294035126239e-01
6.334439997717986603e-01
7.005475986788581855e-01
6.384180865034024821e-01
7.073078869922072576e-01
6.787756748731227363e-01
6.799528818055670110e-01
1.800596370206757557e+00
7.293342935005555638e-01
7.277708386064898338e-01
7.311637593158448745e-01
7.220718107110681849e-01
7.439321104695184594e-01
7.493460255710614470e-01
7.225075035787494881e-01
7.287548635873298819e-01
7.277234975621481583e-01
7.246818464004136651e-01
7.319190066364339442e-01
7.141229863517141174e-01
7.197919316253975630e-01
7.208116177839755112e-01
6.896630406180589423e-01
6.856670739847244844e-01
6.831065930570846545e-01
6.834773763851303974e-01
6.705706908294937207e-01
6.597762394904120864e-01
5.964644651330969216e-01
5.890346283128109484e-01
5.884530030315100468e-01
5.823454820788925845e-01
8.044038797985696432e-01
7.944919606583562555e-01
7.929677151278698988e-01
7.031512586778505547e-01
7.090133900610451345e-01
7.185948013207752449e-01
7.503083333864113413e-01
6.732990774275924295e-01
6.779554927307432921e-01
6.548235696187425514e-01
6.085204348439847699e-01
6.245811647761307928e-01
5.689889754595642835e-01
5.839096070414030448e-01
5.662903624798492075e-01
5.784353482060820006e-01
6.019787821101644232e-01
5.707102803304876515e-01
8.010474741701577583e-01
7.872383716307456147e-01
7.917643798547008283e-01
7.858775870834933119e-01
7.377644389636366373e-01
7.356486336571022022e-01
7.150673485177858613e-01
6.299102637220996836e-01
6.033407769203461557e-01
5.727191135975995273e-01
5.697390199269698474e-01
5.747887374424127671e-01
5.690179599337915617e-01
5.746536688240789781e-01
5.878245310338567897e-01
5.711157493121413742e-01
5.793864717198122793e-01
5.759917657833447668e-01
5.764218104516456442e-01
5.857553815158325072e-01
6.143621234496767780e-01
6.062451241549690062e-01
5.708403806488813181e-01
6.947161618628779900e-01
6.972055214957783020e-01
6.932797544018830527e-01
7.032283710590381265e-01
6.549903280884175061e-01
6.227395331987141125e-01
6.057390580878369013e-01
6.060072337757180794e-01
6.128315482406526682e-01
7.122529556097972891e-01
6.911638588430113472e-01
6.886775460306437946e-01
7.431119124460110470e-01
6.901527228824252402e-01
6.759153678868967674e-01
6.781165110717254363e-01
6.816391487512548641e-01
6.747950206563333442e-01
7.031053047802714451e-01
8.022068170405556309e-01
1.480170116249597179e+01
1.018604587331562339e+00
8.250859612022000134e-01
8.189824139130680303e-01
8.259934946396728650e-01
8.116450262856186315e-01
8.188686342426787501e-01
8.188663298342602204e-01
8.110880126660729994e-01
8.169820738106005065e-01
8.084014507737753430e-01
7.689996318455015745e-01
7.352092935097731541e-01
7.463034911052608411e-01
7.745330847056774992e-01
7.422199815698107273e-01
6.860343869342541145e-01
7.127406914249925229e-01
7.028130069024592919e-01
7.063564660636996173e-01
7.028806082423012525e-01
7.099443211467253434e-01
7.046050153870870858e-01
7.096111598738445991e-01
6.990600862766962464e-01
7.019251869360109142e-01
7.251158527333690929e-01
6.829302610932164175e-01
6.702908907842886066e-01
6.846265924347667564e-01
6.682256175475693727e-01
6.491784600791441484e-01
6.459493305346837300e-01
6.430657882075376808e-01
6.836164899635097658e-01
6.772728364902846909e-01
6.962391189951013803e-01
7.976181947868948852e-01
7.313463835227324017e-01
7.089368168532040881e-01
7.085892309189972815e-01
7.186883575361832088e-01
7.010728626223007298e-01
7.159370822724548944e-01
7.056007900927955268e-01
7.217686252652105727e-01
1.425885130369947351e+00
6.945415092720284012e-01
7.013649458326692843e-01
7.093353145290730577e-01
7.282648492949561625e-01
7.208297312960216807e-01
7.130707730232875852e-01
7.009342137906849901e-01
6.648605047364541942e-01
7.316801147625344726e-01
7.395774463270202714e-01
8.026189456155856661e-01
7.892457829544202719e-01
7.956208743400391414e-01
7.821754784610084332e-01
8.949948524188660048e-01
9.005493736513745517e-01
9.027269188675635103e-01
9.062646721322134002e-01
8.839285346445688862e-01
8.535634151090669697e-01
8.242338538202014231e-01
7.566048418318815916e-01
7.596547430087303709e-01
7.512177443855654335e-01
7.633757759877213278e-01
7.427261898632494530e-01
7.372552256367033152e-01
7.569084473532616819e-01
7.519978706752440401e-01
7.609471519824562158e-01
7.237745371679562556e-01
7.226896870727277378e-01
7.218816819603441903e-01
7.157848349917328434e-01
7.117882529552623794e-01
7.241470326836954019e-01
7.152813898420478100e-01
7.239653212146763828e-01
7.222341773446896429e-01
7.105378861695903492e-01
7.193439410146096336e-01
6.958623584614171964e-01
6.928991593318447606e-01
6.826312523060557025e-01
7.086991685533572394e-01
6.784864109496628881e-01
6.721107276339933767e-01
6.633817200640739209e-01
6.643446186123713737e-01
6.560673625435673451e-01
6.367208106357498121e-01
6.273082145032411461e-01
5.938875897675301996e-01
5.954181203621071727e-01
5.973857338102244174e-01
5.980710712114258865e-01
6.012456521295844736e-01
6.046366542081471618e-01
6.382592529868595932e-01
6.196764249129472768e-01
5.820411510949667910e-01
7.390552289397783747e-01
6.928920700114011844e-01
7.195706762059662642e-01
7.232204210117723076e-01
7.122261995383393218e-01
7.322641985510773832e-01
7.077055338318493094e-01
7.178102874138090339e-01
6.985214506629460196e-01
6.864315604324184861e-01
7.016980857870941390e-01
7.018715593857421942e-01
7.103042252474071061e-01
6.928181790675166374e-01
6.959280749630331053e-01
7.072088419585376151e-01
7.038890521134146816e-01
7.017234475298901319e-01
7.054022425807344732e-01
6.920272391146519153e-01
7.910348034654867133e-01
7.622613301892099402e-01
7.574391738252397310e-01
7.546513282306067660e-01
7.598267998058341188e-01
7.576531392159128186e-01
7.548534298697688882e-01
7.346438544575750740e-01
7.158682445206168143e-01
6.952128914348638666e-01
7.078931534936553360e-01
6.995886066496647127e-01
7.123358225486281503e-01
6.906464828736638140e-01
6.929080743013288357e-01
6.858683098742809348e-01
6.835646490694278210e-01
7.231607677475058171e-01
7.238131808045018545e-01
7.122846549015615647e-01
7.323534336241324105e-01
6.986093978939028615e-01
6.887588269012796527e-01
6.970090267836251963e-01
7.043627548069015809e-01
6.894080988321209524e-01
7.013652959464775627e-01
6.835723044493833278e-01
7.768634030489028897e-01
7.740614548287927388e-01
7.690087448681295346e-01
7.031853769638412022e-01
6.983134522709483205e-01
7.012579682380669643e-01
6.990970411297614540e-01
7.981844796304700118e-01
8.122789234176341910e-01
8.068691588086369659e-01
8.141872563645100591e-01
8.253642033323321803e-01
8.079686841713381584e-01
8.081722995187520242e-01
7.996165696064594375e-01
8.113875270634081094e-01
8.527267659791867294e-01
8.071723760137046177e-01
8.450337423415258398e-01
8.082945761073609958e-01
7.989902739696379541e-01
7.949519604179559051e-01
7.968308995069004474e-01
7.924397738690620585e-01
7.922556405458737183e-01
7.955123830113953742e-01
7.895402570208520654e-01
7.811053614185536897e-01
7.721311459007761391e-01
7.721396751188887020e-01
7.732973623320638090e-01
7.845369498538803388e-01
7.806600226582491864e-01
7.922723341331826541e-01
7.353436199057618028e-01
7.331042460438472741e-01
7.550811743417031874e-01
7.417456738687799866e-01
6.606553638172728782e+00
7.334367638922579813e-01
7.597684914174200888e-01
7.322759345457739988e-01
7.231999103538995222e-01
7.682253077853646861e-01
7.905095227623282206e-01
7.982691422692108629e-01
7.943517318274189165e-01
8.309120761624885221e-01
8.247742245855070875e-01
8.298801896239371700e-01
8.287893354355195807e-01
8.413137353907060856e-01
8.648106503952264212e-01
8.668558262255874336e-01
8.689581021582020171e-01
8.769800730745236361e-01
8.817502315209958530e-01
8.696493543790009273e-01
8.970814503051679489e-01
8.712408719446103067e-01
8.576650848049728326e-01
8.578223836168726857e-01
8.575507701057523136e-01
8.630381768928843123e-01
8.587814545677519007e-01
8.593486071842408869e-01
8.546270487195920529e-01
8.123498357316368823e-01
9.015162194633876691e-01
8.863958988817203233e-01
8.605181365268232963e-01
8.579144811538228499e-01
9.046988772451920457e-01
8.825366144317438044e-01
8.776847312371329757e-01
8.519696038369696245e-01
8.552711703298983004e-01
8.536448984200126766e-01
8.410119175230992283e-01
8.481291961520258660e-01
8.443256356399317930e-01
8.395215278393212133e-01
8.497771509039167004e-01
8.389935566144666179e-01
8.552827207900695061e-01
8.600436582177513056e-01
8.276655041594109807e-01
8.192574525020267506e-01
8.239158656309514273e-01
8.131916865729069688e-01
1.280224314288363807e+00
8.432102045678023794e-01
8.164894611856364781e-01
8.788231349898043554e-01
1.698295690701899119e+00
8.078150819995475462e-01
8.096170810857160616e-01
8.114398211357581880e-01
8.072545936595895144e-01
8.036047764757252576e-01
7.681625424746343356e-01
7.605940809744584641e-01
7.082569746819511458e-01
7.111866543535184659e-01
7.045008699316730461e-01
8.213103552787250905e-01
8.324455199970045571e-01
8.253702304721889371e-01
8.423859768584895935e-01
8.049209906477478027e-01
8.083328083701609712e-01
8.024181758314902213e-01
8.018018133905695510e-01
8.086291093378128458e-01
7.905643610223742623e-01
8.874006460040954058e-01
8.728428238832470765e-01
8.604698523971943125e-01
8.748329132204548664e-01
8.308763730699723071e-01
8.256441223785870864e-01
8.185201116682654376e-01
8.250790595430418373e-01
8.176549335363512139e-01
8.142978123697133253e-01
8.068944142574887568e-01
8.250960724703501059e-01
8.045398060556840925e-01
8.095612445708380012e-01
7.964953624594949266e-01
8.097831381068827383e-01
8.013427191495303692e-01
7.953220367515249078e-01
8.015429780420996186e-01
8.662471058301005611e-01
7.995942365259397500e-01
7.970217601352251879e-01
7.788961204547973916e-01
6.834293519466068112e-01
6.840017223705139315e-01
6.811490552409955601e-01
6.812645937283658970e-01
6.841790572180801444e-01
6.710185055540797139e-01
6.758073586716938363e-01
6.658922466884712454e-01
6.684325592179358733e-01
6.711635036402402443e-01
6.727618414292172444e-01
6.614651915849460995e-01
6.634612093270209066e-01
6.569160498581959606e-01
6.381253394187333949e-01
6.387043270426377983e-01
6.354628678570922728e-01
6.535109972586004012e-01
6.157995211681487335e-01
6.185479444325134857e-01
6.794533779825745468e-01
6.915346883047106541e-01
6.869283519915533320e-01
6.771927663350381099e-01
6.730622290668755170e-01
6.757168220867628694e-01
1.036970262207216109e+00
6.665595359220342075e-01
6.553790072478518081e-01
6.536631988567694895e-01
6.790507201959495864e-01
6.344254373941295988e-01
6.329964777356844596e-01
6.348810940820601711e-01
6.314053193229930416e-01
6.382614121610614699e-01
6.239720577973663085e-01
6.270214648299351490e-01
6.250575735015774237e-01
6.345801261877688226e-01
6.323738134760001905e-01
6.225548186361342662e-01
6.083166007898936911e-01
6.216589396841083470e-01
6.078750999295621238e-01
6.150315906607692895e-01
6.734675487567074459e-01
6.094149060768176973e-01
6.378984440679258405e-01
5.831015971676749565e-01
5.811837998074268485e-01
5.877665798464095648e-01
5.902343211513314536e-01
8.272951625148323718e-01
5.863913597320017379e-01
5.856250745897171317e-01
5.861690549219804591e-01
5.896130100563113929e-01
5.826596821019636163e-01
5.516278226813213781e-01
5.884478244404373060e-01
5.960521000328460328e-01
5.956964521864566153e-01
6.100633760520134397e-01
5.932778152500040036e-01
5.975406061461505658e-01
6.199493467479981756e-01
6.022774505641292908e-01
6.085706932824070936e-01
6.437454552511270300e-01
6.122031225850104175e-01
6.049563790452058276e-01
6.732806858079808388e-01
7.503224198903440945e-01
6.779516900475075492e-01
6.755570167216307098e-01
6.704166737955414845e-01
6.621980636033607537e-01
6.607763873320494641e-01
6.440183537751398291e-01
6.359252976253683132e-01
6.495059123114010902e-01
6.414342694658117239e-01
6.747183814705233207e-01
6.434721669848585401e-01
6.449172463113345133e-01
6.401330926376178621e-01
6.465845083119615699e-01
6.421313145130199684e-01
6.437906903720845841e-01
6.469970538205023214e-01
6.474444774996570562e-01
6.329724263720366562e-01
6.180826964490906406e-01
6.227120508092414131e-01
6.088966256883983075e-01
6.051278125089845084e-01
6.219021908270230270e-01
6.193829447620945450e-01
6.270586254952518201e-01
6.185492860810695159e-01
6.119865536473605427e-01
6.018685075609155888e-01
6.651584476457472750e-01
6.568189468326157687e-01
6.601802759659990416e-01
6.528633118542637170e-01
6.510605566644714903e-01
6.432756667825619834e-01
6.387865844042505126e-01
7.405940749145106805e-01
7.068732132720658701e-01
7.038046406067858252e-01
7.144489207394678632e-01
7.279615678026973846e-01
7.930745214662191511e-01
8.074509916036050061e-01
8.165830528555636514e-01
8.197582973993894351e-01
8.192015759519412077e-01
8.232154036702724609e-01
8.186507478794012860e-01
7.354218509594392383e-01
7.624649071523200705e-01
7.346875975210814813e-01
7.384014557724016825e-01
7.331820572149186921e-01
7.336922150132120235e-01
6.862231445240822847e-01
6.852077766237918421e-01
6.543556916690923542e-01
6.606267224086515011e-01
6.525613748515514123e-01
6.426466207573688916e-01
6.249076630146384037e-01
6.171055447118118931e-01
6.217197655067614459e-01
6.176132826814390020e-01
6.991192403104565800e-01
6.666234879542394243e-01
6.633488390080569674e-01
6.655085661512341044e-01
6.650569553289528146e-01
6.658201696352529231e-01
6.790752221766270802e-01
6.736101978499204890e-01
6.893357675145419527e-01
6.808279599388797898e-01
6.779311419592253252e-01
7.054104426869268751e-01
7.132401780835837535e-01
6.783406591126209806e-01
6.760528935085512448e-01
6.790870138946412116e-01
6.931862612062122952e-01
6.864101144559693335e-01
6.720295613251789923e-01
6.792460408487516199e-01
1.011888802842005219e+00
6.801357617876749861e-01
6.856193629747612261e-01
6.794543518216957789e-01
6.613663460863794530e-01
6.708412837981954091e-01
6.668991650632536405e-01
6.749816811548128292e-01
6.652661055448879646e-01
6.470888697275973822e-01
6.399015011598762070e-01
6.993876577567574859e-01
7.050535791628759208e-01
7.243163309943037032e-01
7.098391571929997257e-01
7.093274829527638214e-01
7.084173705481343619e-01
7.284504086544212331e-01
7.082481776367712811e-01
7.136920028204236655e-01
7.094556859568028617e-01
7.029400296556947980e-01
6.882747397601225448e-01
7.240359689408047972e-01
6.909854696742827596e-01
6.860561534156720542e-01
6.955563184283947153e-01
6.796273558598660003e-01
6.862575758271166615e-01
6.609573765425241776e-01
6.721559869852455904e-01
6.385266836790352007e-01
6.428112294435706087e-01
6.643209913882692774e-01
6.592111414703364369e-01
6.569897809000051492e-01
6.631860032559225848e-01
6.715016666326821815e-01
6.503962364378095273e-01
9.015858448133983183e-01
6.472441105225861246e-01
6.422620590032825927e-01
6.488273947170764000e-01
9.500124163229375363e-01
6.992569231804787178e-01
3.256227555910163218e+00
6.840015689925508235e-01
6.797983303557774137e-01
6.898861163552647557e-01
6.850383329757545603e-01
6.839512982943363184e-01
6.850900626419955675e-01
6.930740272702631266e-01
7.018137328472626724e-01
6.687879080308061219e-01
6.841627070688520718e-01
6.501285185670473421e-01
6.378339789905427271e-01
6.010781134073734933e-01
5.809512429828269653e-01
5.673631732386632542e-01
6.052088788592928648e-01
5.964536167565532843e-01
6.001632237015620541e-01
6.099569117212875202e-01
6.080607144694745170e-01
6.036795920925390746e-01
5.919800048173118334e-01
6.988330956283198558e-01
6.747627530351526515e-01
6.737523226172295043e-01
6.745248737383200410e-01
6.727123014359459585e-01
6.947759617920703512e-01
5.970417631289381966e-01
5.918005466290090499e-01
5.922232950103132332e-01
7.069153993231680477e-01
7.003673050740164552e-01
6.985453071411259485e-01
7.080771303884010326e-01
7.120176523014523084e-01
6.981938306075974321e-01
6.960107606962364635e-01
6.951935029642049013e-01
6.672106628113616544e-01
6.758355307451263672e-01
6.517443416764967523e-01
7.061994515042466780e-01
7.211592036277790774e-01
6.896375328156022499e-01
6.880871204037561917e-01
6.834531528070383333e-01
6.891080707127495986e-01
6.821077420963539417e-01
6.919763072881277566e-01
7.017889746565676434e-01
7.014705174232909179e-01
7.948663158635831394e-01
7.049235370009916402e-01
6.694824490386058757e-01
6.444090580003580815e-01
6.729424638324080776e-01
7.127806602721077356e-01
6.764868964835509813e-01
6.850362569564747428e-01
7.177893880436250207e-01
6.811333009493319990e-01
6.828939997944428741e-01
6.775357921477463963e-01
6.723730261611091663e-01
6.818023570948651413e-01
6.749206592255370118e-01
6.714447408846310195e-01
6.286855445246233298e-01
6.245653090266859442e-01
6.244330183836273029e-01
6.303698623048518135e-01
6.542206842076467854e-01
6.535148638384286057e-01
6.312638180490970363e-01
6.332548470635837035e-01
6.312842436585535122e-01
6.242014815469849598e-01
6.182388598890091735e-01
6.190240921386285233e-01
6.186889349934379112e-01
6.113320770766529355e-01
6.061332662051518438e-01
6.582046247280112228e-01
5.875556312800100933e-01
5.967026261627733641e-01
6.816771422386740387e-01
6.718619648862593774e-01
6.774455736278010010e-01
6.313544320170267898e-01
7.586934140480879885e-01
