8.698517031021743007e-01
8.722163707632097918e-01
7.602186405108141143e-01
7.654123583099200490e-01
7.568219629082247879e-01
7.771924242087384638e-01
7.324704805818513798e-01
7.253789374344398189e-01
6.811621543855557182e-01
6.848431374035593988e-01
6.774083518289866213e-01
6.788077087394983611e-01
6.808470507396284788e-01
6.531933036321202479e-01
7.744656393350234369e-01
8.166691897581312976e-01
8.049981203750092851e-01
8.203879143106800331e-01
7.763060851311891497e-01
8.075154017851546850e-01
7.278216122671244959e-01
7.404747086914972298e-01
7.346496227268308754e-01
6.787718260451000019e-01
6.656819068400103845e-01
8.285303903056971953e-01
8.312701824375174908e-01
8.282050618472667214e-01
8.367402826573842045e-01
8.504760755297646746e-01
8.409661549622682308e-01
8.406523099603420146e-01
8.467432535184868936e-01
8.304659001964865839e-01
8.411701635813548794e-01
8.375691380409800990e-01
8.530715741537303609e-01
8.348757712482868243e-01
8.358315827009443755e-01
8.070607610273207166e-01
7.799055849731554302e-01
7.859413320745822773e-01
8.331392852246415348e-01
7.890389604198678741e-01
7.760298405268617472e-01
7.219952202240966788e-01
7.123367162804240538e-01
7.240553949750633267e-01
7.164486309731947777e-01
7.134913809745814239e-01
7.084210867680431623e-01
7.087973386525969755e-01
7.093463721164888769e-01
6.960835125757538489e-01
7.061527584329103657e-01
7.035586288802124777e-01
7.218743444666747555e-01
6.989901234490757398e-01
6.803037110201790583e-01
6.991476465066768231e-01
6.718869228275132777e-01
6.774464314157104816e-01
6.946880500040412132e-01
6.518171449193939093e-01
6.520811189631705584e-01
6.420191651475067873e-01
6.399826819984695270e-01
7.054892755643611402e-01
7.088315610900616237e-01
6.937441958186637558e-01
7.063237749381917618e-01
7.026894117432000986e-01
6.961491921988158804e-01
6.983403915353973979e-01
6.902309144196553392e-01
6.934542848639190238e-01
6.877541213421466404e-01
6.688890859300218317e-01
6.952967701157062308e-01
6.721177125342597813e-01
6.640734694421254192e-01
6.816638234322889289e-01
7.056591355162342705e-01
7.064016424047205867e-01
7.029996947373045035e-01
7.051517517754714026e-01
7.008904807607407861e-01
7.071647657633300943e-01
7.103716742242118798e-01
6.939363795022654990e-01
7.019866013163873486e-01
6.702378183304632531e-01
6.686042915986502022e-01
6.652904225082030276e-01
6.757033617714498508e-01
6.767220988711590834e-01
6.719684062319990492e-01
6.461414769051603280e-01
6.434991190195842314e-01
6.318626608363324682e-01
5.897191241719406118e-01
5.680453101375637637e-01
5.773947155982634971e-01
5.424993105567048612e-01
5.683591464570696417e-01
5.861992559499622502e-01
5.871584948340008436e-01
5.434983735613496680e-01
6.839296646541255242e-01
6.870732325986027567e-01
6.875674712730128757e-01
6.883677506579999328e-01
6.722631672484027376e-01
6.977486080677888225e-01
6.761272020166255725e-01
6.469472706718839561e-01
6.428661970222704358e-01
6.490209089090931416e-01
6.636895884065538986e-01
8.222789411900601753e-01
8.119359384823625625e-01
7.943511139560185397e-01
7.132126159635709950e-01
7.106164847603062551e-01
6.921108003665875641e-01
6.966817041552583190e-01
6.948757374556010502e-01
6.688443434055151293e-01
6.545986944896213799e-01
7.053982129619114083e-01
7.244640368181740619e-01
6.946931540883218847e-01
6.960878142578121874e-01
6.926271175056366580e-01
6.946480761171778262e-01
7.441603835522416777e-01
7.227948892444399087e-01
7.238126942823066567e-01
7.205019024031751318e-01
7.275748708424473188e-01
7.259349358972626565e-01
7.047364388120235246e-01
7.074162404886989997e-01
7.055608648618905132e-01
7.015332144548722670e-01
6.960307894404180740e-01
6.971613500037442401e-01
7.020580115715230329e-01
6.984577754478766831e-01
7.317157013663061482e-01
7.292619552022032714e-01
7.204915824507722721e-01
7.232629915088146788e-01
7.623604895948175031e-01
7.614215859987483181e-01
7.588739289873878135e-01
7.594312983084210433e-01
7.407738534908147043e-01
7.433366011642323912e-01
7.432258336651158537e-01
7.582467541082786866e-01
7.414835540607123132e-01
7.574600447864145991e-01
7.270701940044702605e-01
7.378475357605150942e-01
7.463575319125685947e-01
7.354320828301209589e-01
7.312578688006795558e-01
7.237952220698811168e-01
8.048082869716279841e-01
8.039851787939213956e-01
7.523982154074526640e-01
7.626776816436033890e-01
7.566206867752931498e-01
7.561789706519849164e-01
7.518185089597189119e-01
7.580042588855074870e-01
7.663208799923266756e-01
7.311559537728254954e-01
7.351241877818497361e-01
7.294341603387772821e-01
7.240895587135736111e-01
7.282186026651664701e-01
7.340395623194502228e-01
7.343897304324807918e-01
7.491390967548209323e-01
7.387860876850229630e-01
7.447918245756758315e-01
7.401891732077681141e-01
7.310697424570830050e-01
7.388004571704611667e-01
7.354451868028835104e-01
7.352788270474143184e-01
7.383846562752415243e-01
7.199449151093254562e-01
7.209398372216146988e-01
7.211790388515308958e-01
7.171848126107323029e-01
7.092521233642914424e-01
7.054541580364727116e-01
7.011620650514608366e-01
6.943153552208864987e-01
6.582416147077065904e-01
6.053493288450184640e-01
6.048971494302153307e-01
6.702414680914656753e-01
6.568470330502998999e-01
6.574094191769361828e-01
6.579028863426914508e-01
6.582781370264243481e-01
6.553591686031957630e-01
6.550382611901247598e-01
6.539642219831225400e-01
6.624715609868900845e-01
6.506486865498882777e-01
6.510779974723398533e-01
6.396402077238190209e-01
6.348560463441257351e-01
6.388997900213175818e-01
6.433202296350583049e-01
6.358347237573120925e-01
7.219892816526005674e-01
7.019422590619350810e-01
6.832438616727760650e-01
6.447364012083256490e-01
6.707131480702356319e-01
6.475204891274058960e-01
6.462235084822198772e-01
6.504688741033803900e-01
6.468221737742197996e-01
6.459825316130806128e-01
6.434101470879506346e-01
6.492239117672815585e-01
6.447858669998723924e-01
6.394157555683048777e-01
6.541781312790314606e-01
6.406252132588177162e-01
6.473637254052382328e-01
6.423426737985369339e-01
6.450889272846269673e-01
6.871861252154259914e-01
6.887711681291723842e-01
6.855466738001096960e-01
6.855630604833711228e-01
6.515376428719982238e-01
6.635708596959000172e-01
6.527789806665800221e-01
6.464177065880248874e-01
6.454088875233866540e-01
6.440237545242148975e-01
6.450656457784196274e-01
6.499824941587137861e-01
6.455207029119980344e-01
6.430318714824703186e-01
6.409806510981521654e-01
6.432614974308408229e-01
6.417946762205969380e-01
6.399009162560145292e-01
6.377433066176056986e-01
6.394402921650346183e-01
6.426893392103318892e-01
6.222489275829148347e-01
5.891489816272725832e-01
5.834240378060175924e-01
5.835581732091352780e-01
5.814296822386701979e-01
5.785389273678686051e-01
5.825115301616241581e-01
5.801254159030108104e-01
5.769534914249973001e-01
6.030913905286049426e-01
6.017217734931863404e-01
6.033720645437357089e-01
6.001238530024590734e-01
6.041127726728643399e-01
6.080324703429124122e-01
5.980234989062288564e-01
6.046609240710495436e-01
5.799374180578291682e-01
5.829038675148144888e-01
5.811773638451203094e-01
5.777297314904166203e-01
5.813407183953259727e-01
5.956749049502292337e-01
5.836444935610796136e-01
5.808970509982803732e-01
5.802736937212090718e-01
6.144063689120078386e-01
5.755031858932317945e-01
5.682070942020807092e-01
5.528996626788301727e-01
5.275494402126860161e-01
5.266313113322679262e-01
5.274340382113944514e-01
5.257968676496689309e-01
5.231140618039000767e-01
5.255652027079240618e-01
6.055484738578421622e-01
5.977931265944367301e-01
5.850297861852401526e-01
6.833957847197132951e-01
6.822226203422898649e-01
6.897950419320207915e-01
6.870615498590599834e-01
6.837558140564855558e-01
6.855698332577059295e-01
8.647508844602815881e-01
8.656565287967420419e-01
8.618865548652930864e-01
8.683392980343653811e-01
6.820931876915854453e-01
6.863529792409501784e-01
6.827843447265155019e-01
6.904152105577229248e-01
6.875703266420084558e-01
6.910910301771865383e-01
6.921947187978497729e-01
6.856017743852133028e-01
6.692932096683685828e-01
6.425343798372791237e-01
6.132290313510908586e-01
6.099780157336196496e-01
5.979026517320354950e-01
6.043813148277467073e-01
6.027700766605393889e-01
6.004113742322736424e-01
6.038318563720723731e-01
6.055218034398900384e-01
6.043420595903949977e-01
6.040184600943871995e-01
6.020036236551593589e-01
6.045815816667147180e-01
6.038421435398345638e-01
6.009575271809339814e-01
6.020077561820786904e-01
6.030949948845865105e-01
6.028216518518336731e-01
5.991448888076400525e-01
5.998230973401001975e-01
5.992908412386379613e-01
5.989580820681056350e-01
6.872825645449149867e-01
6.458707797369612758e-01
6.083451743468251127e-01
6.034419440621187070e-01
6.005272127516244618e-01
6.028366458869588440e-01
6.009959756640507189e-01
6.002534444786411516e-01
5.942238547782933145e-01
5.988925551038488670e-01
6.000677823194682237e-01
6.006440095698073467e-01
5.771005888992909449e-01
5.266641777894573995e-01
5.241937092119778319e-01
8.698822074926704229e-01
8.729165715022569882e-01
8.821345722737180539e-01
8.671858811054140581e-01
6.858312823603159858e-01
6.058824413205643467e-01
6.043002729059913092e-01
6.030900173555879817e-01
5.971439935608436889e-01
5.954125752856159748e-01
5.959177084267648361e-01
5.897383419075599154e-01
5.969170020444668490e-01
5.883590906081470617e-01
5.903978803582128343e-01
5.871444198088846544e-01
5.924075625772412534e-01
5.919906797767003903e-01
5.933111719077625024e-01
5.929624171358660600e-01
5.788455932944704951e-01
5.787307544167281659e-01
5.802337064288591861e-01
8.272809049782312574e-01
8.278206422608478388e-01
7.225751249992382608e-01
6.033197831706451630e-01
5.978887900539505695e-01
5.968650506123419630e-01
5.811378319775771795e-01
5.816862284654922277e-01
7.416141875776479653e-01
7.933525790431321667e-01
7.404616424510145345e-01
7.391952086550931389e-01
7.395681638690124737e-01
7.397082895091351418e-01
7.339488637681488292e-01
7.272309478182055198e-01
7.399815818791590782e-01
7.568453382812940777e-01
5.956764596124671796e-01
5.850896256462195799e-01
5.836910322665653794e-01
5.860285198487827918e-01
5.786004242478508530e-01
5.778782468836637376e-01
5.744060655989126074e-01
5.716216840042487313e-01
5.729470940839076487e-01
5.729508221402125345e-01
7.397610189891353771e-01
7.329606775505542737e-01
7.393523707295713843e-01
7.407910178483729791e-01
7.384165358329285445e-01
7.480761160540759791e-01
6.414949644277443408e-01
6.849305764103068572e-01
6.269013626065489397e-01
6.268111141899119776e-01
6.284643651421500943e-01
6.292209704301372497e-01
6.260597513737954367e-01
6.855700148167764851e-01
6.840091614393275510e-01
6.812790743373696722e-01
6.924053900431950126e-01
7.002031219914500726e-01
6.940032533330064979e-01
6.977707397447587834e-01
6.981267407845648254e-01
7.009790296840201496e-01
7.020306057902501173e-01
6.918124602473261220e-01
6.881837320283196169e-01
6.891298543014061639e-01
6.923658901553355616e-01
6.902598467389589043e-01
6.913961232834726633e-01
6.970004522903293642e-01
6.896047893969591280e-01
6.902502805750468928e-01
6.331312406592513042e-01
6.267669183265360822e-01
6.291940634662128717e-01
6.296961020109448359e-01
6.279786747612801090e-01
6.106566772550615640e-01
6.111445208439356680e-01
6.649590149724469157e-01
6.631528533138779657e-01
6.665243479614623157e-01
6.651030570349368842e-01
6.633589803541541929e-01
6.664790935211322154e-01
6.642658028342071086e-01
6.660942308132994372e-01
6.272055225647075183e-01
6.264504633869194539e-01
6.269386072627171069e-01
6.128972789605766636e-01
6.238846415398814349e-01
6.447947205100290624e-01
6.452788292246863788e-01
6.449388542415149805e-01
6.462896387806729148e-01
6.472551571412645810e-01
6.509943909441350263e-01
6.481396502179803676e-01
6.387273514364415483e-01
6.676947212727571968e-01
6.746603361648781938e-01
6.742396060545532421e-01
6.771751246858331852e-01
6.663717250319525220e-01
6.526150325563471188e-01
6.335207942874582221e-01
6.292281439273145205e-01
6.298743955585190957e-01
6.287995816524428738e-01
6.293628412909435532e-01
6.314530517049364855e-01
6.322411406037770076e-01
6.303620844359663078e-01
6.226120746094088165e-01
6.233445240543045163e-01
6.220340221579004902e-01
6.526057320579476961e-01
6.541870903654469771e-01
6.511070823674180996e-01
6.554540451860386696e-01
6.572104992501703880e-01
6.510292224680699347e-01
6.383926705166559357e-01
6.366915121379422837e-01
6.313745855635350956e-01
6.382951985722602473e-01
6.323952028237634915e-01
6.209831732351396294e-01
6.691732114649757701e-01
6.508147808925894839e-01
6.518972517128278632e-01
6.505521082926946086e-01
7.923169307405270034e-01
7.933034766564119877e-01
7.917289771578055468e-01
7.899364715880780041e-01
7.912087265550780124e-01
7.848694378982368214e-01
7.852643184597747350e-01
7.849548925625713380e-01
7.093694306607223332e-01
6.743690731891536227e-01
6.511299854238803420e-01
6.499583317452980458e-01
6.505031076495639830e-01
6.541827972255260804e-01
6.531606549687425378e-01
6.337107608486460819e-01
6.741635441231953463e-01
6.743440813478545071e-01
6.746574758454264575e-01
6.744838214540146426e-01
6.751433510853810382e-01
6.741289087557417181e-01
6.740522423434378574e-01
6.745299736287921899e-01
7.012756517916720611e-01
7.904258231915548549e-01
7.970040957843145257e-01
7.842593119658767264e-01
7.535704518164169086e-01
7.027415515860008233e-01
7.028541709363199663e-01
7.016578969226616724e-01
7.030600084548482842e-01
7.014387170799025739e-01
7.032716777069389913e-01
7.079657666231869984e-01
6.996684723144620532e-01
7.001976062665364875e-01
7.022800724170952247e-01
6.802556288067125312e-01
6.805438096364511136e-01
6.798047033450159704e-01
7.672013203361807143e-01
7.342883921293211769e-01
7.310558034991682108e-01
7.341472484458015924e-01
7.566595013360710720e-01
7.020684913045640574e-01
7.010672092805846356e-01
7.027007528188077279e-01
7.034127445104592091e-01
7.040146889304921274e-01
7.029654868404324741e-01
6.808826036558116579e-01
6.821199785400595683e-01
6.813323862740551240e-01
6.842279140842312257e-01
6.813246578939863296e-01
6.805423285140287382e-01
6.917028664741424748e-01
6.769807370074740760e-01
6.715176491430445704e-01
6.727825877447034530e-01
6.662320641275364386e-01
6.623687592010689684e-01
6.684696354899266613e-01
6.679922201638857082e-01
6.575059104927627462e-01
7.320027414654571851e-01
7.652614306888307905e-01
7.641292033314418530e-01
7.673201524455387501e-01
7.654609783483313779e-01
7.667146928644614778e-01
7.642508482219491084e-01
7.662014720593660622e-01
7.656451830450321516e-01
7.655746673894117116e-01
7.327633215470683581e-01
7.586536474507082906e-01
7.375855012619426665e-01
7.351246054305133892e-01
7.050017423226743185e-01
6.843911428106704831e-01
6.850161347329689621e-01
6.852622924904718804e-01
6.733236710492422894e-01
6.680540773481028483e-01
6.583255610332104935e-01
7.574960698448045537e-01
7.681184744223903405e-01
7.624973754354015254e-01
7.597688055477302971e-01
7.630381488775020982e-01
7.680811807004074288e-01
7.668618726727863821e-01
7.686568924268686320e-01
7.690981289935293619e-01
7.586456635301030982e-01
7.631834146316855971e-01
7.602550973371364762e-01
7.609694050913946572e-01
7.660670583864697125e-01
7.661124306402962159e-01
7.757107638415708939e-01
7.782537878912703100e-01
7.590951200877550376e-01
7.366226036135545829e-01
7.334533625799238843e-01
7.499966269784962281e-01
8.299744928366318275e-01
8.341177409570150747e-01
8.287379630198349334e-01
7.692075582072654960e-01
7.701762194774413040e-01
7.685506927441626557e-01
7.606110262824612445e-01
7.609780324845858424e-01
7.644639190585187372e-01
7.688781219853753068e-01
7.643621813964764922e-01
7.466858820565096533e-01
7.512920271559848651e-01
7.451545837657110871e-01
7.473492173754198165e-01
7.485790174721045354e-01
7.436596251011912129e-01
7.444315551491124117e-01
7.462949425283034177e-01
8.576047542421630920e-01
8.601531152766519472e-01
8.582061401594236472e-01
8.396156131240544163e-01
8.121749553294567159e-01
8.125313682459043285e-01
8.125565821139318912e-01
8.549765460498460756e-01
8.152881028403686781e-01
8.131447573416401564e-01
8.163477112274756253e-01
8.136897267345276630e-01
8.157649739087216023e-01
8.139867665751679970e-01
8.711666653221263878e-01
8.684688885115271484e-01
8.676769506487713723e-01
8.586680853818107195e-01
8.615194185180721220e-01
8.601335263939198228e-01
8.397883297377731759e-01
8.134507254541404331e-01
8.126777874226075449e-01
8.123027969992591135e-01
8.135934570856889758e-01
8.136513803920699672e-01
8.174515248814340218e-01
7.909330137978426434e-01
7.643821526512594167e-01
7.583842759196286476e-01
7.515035236757501291e-01
7.390317161694930359e-01
7.397093043372076071e-01
7.387568659530787674e-01
7.390583525105566265e-01
7.391894577041422387e-01
7.402725137037227121e-01
7.397108373111757063e-01
7.361350226694747256e-01
7.310916157644664626e-01
6.896973350950922343e-01
6.916838109489703568e-01
6.912379632088320180e-01
6.886828835777191182e-01
6.808698366770098431e-01
6.817915365112113824e-01
6.803713708712124664e-01
6.787321594292372584e-01
6.763949198694058085e-01
6.742230710290659790e-01
6.754378177263186123e-01
6.732509742201596703e-01
7.280095432524058552e-01
7.264024116546934362e-01
7.230329682028642235e-01
7.259746567192494338e-01
7.251433041329536922e-01
7.268773155114021112e-01
6.900002445334921797e-01
6.810897178284160969e-01
6.845646816706010274e-01
6.744307112707510488e-01
6.740521002929513728e-01
6.738873064341627250e-01
6.741688616201031437e-01
6.653674381636265345e-01
6.621375543693970300e-01
6.619294821463056477e-01
6.613035511348479556e-01
6.081211288545322891e-01
6.058509439440844524e-01
6.259641169535643535e-01
6.245891961682423776e-01
6.373232506596884228e-01
6.371846162580543371e-01
6.377237665293429281e-01
6.374352612573110921e-01
6.360882425773464188e-01
6.371263777682315554e-01
6.364117199786405443e-01
6.339328454436892191e-01
6.339162554409017991e-01
6.360242710948146305e-01
6.238364281955343094e-01
6.288411720162742080e-01
6.273133901532723655e-01
6.232529704051241737e-01
6.500761197159394822e-01
6.784565314200964314e-01
6.531422586126178764e-01
6.494966810219968689e-01
6.476920627772035921e-01
6.485079722623240395e-01
6.493663407530639864e-01
6.498817789882176399e-01
6.489751351456727324e-01
6.481500433556824925e-01
8.018823722382765196e-01
7.981191462759448241e-01
8.010134699095254884e-01
8.011656403595251996e-01
7.265920523150393162e-01
7.164599062998942003e-01
7.171559204872726134e-01
1.193434406743381082e+00
6.464492839073714414e-01
6.471260666163594077e-01
6.465147751202408033e-01
6.460660176344839023e-01
6.463624889534076434e-01
6.473036255657008686e-01
6.481196102438537832e-01
6.323921018189718746e-01
6.312969179334591008e-01
6.328677289180199006e-01
6.242891747638996680e-01
6.218013541974405367e-01
6.261296904883897341e-01
6.268994564156135096e-01
6.814169167485242262e-01
6.864400564641361946e-01
6.811125268016978707e-01
6.819956248598301185e-01
6.768885508189572686e-01
6.473446584329557441e-01
6.462035154341363441e-01
6.474119377343088289e-01
7.254349155415987793e-01
6.800620265237415918e-01
6.797929299129916725e-01
8.950458849401285999e-01
8.948163957827812709e-01
8.964483427508030955e-01
8.967116321690069558e-01
9.026843721701229839e-01
9.032160634064300142e-01
8.959589810247553521e-01
8.986947370893021425e-01
8.226707917414255444e-01
8.059115310120614772e-01
7.512424355825386701e-01
6.777757185083905789e-01
6.812684706106637567e-01
6.784493937083463377e-01
6.768767030436835253e-01
6.785358832133194795e-01
6.776564011383165997e-01
6.795398224322604097e-01
7.562689367122936712e-01
7.555959303804264948e-01
7.559511231380838803e-01
7.583206771310384564e-01
7.581366975557453092e-01
7.569550657740522492e-01
7.589516781130347667e-01
7.549299065256257490e-01
6.797859961781821392e-01
6.793179034550637097e-01
6.772139872314419939e-01
7.558773259597656446e-01
7.563036505096357720e-01
7.610497683942463176e-01
7.568423403721032949e-01
7.809161625023082198e-01
7.565470111341381365e-01
7.567771392524805796e-01
7.573778115928624377e-01
7.562553675426715305e-01
7.553388921240944409e-01
7.552419520820166099e-01
1.142203662193902680e+00
6.835242493117842377e-01
6.719243598895660030e-01
6.735398544471509208e-01
6.756869786242890585e-01
6.739458267607572051e-01
6.513782408609469776e-01
6.531498537483115818e-01
6.572250028505913777e-01
6.534353447335652376e-01
6.534885527510652103e-01
7.562437176703239450e-01
7.576313524643651931e-01
7.537500776252809009e-01
7.565862092001141015e-01
7.566405549729220414e-01
7.566216106036738331e-01
6.850958065599817015e-01
6.763493625673886456e-01
6.747721056876139212e-01
6.543333514212537061e-01
6.547921040550301885e-01
6.545884305164856309e-01
6.548169761741003958e-01
6.529178067413072828e-01
6.529558789316811662e-01
8.776334287492401076e-01
8.778916700248035054e-01
8.032521859452185220e-01
7.647762208949360208e-01
7.661364862667942033e-01
7.589398440565273685e-01
7.557385269942289430e-01
6.868680828949162986e-01
6.750021405813464437e-01
6.533681233318853199e-01
6.498501027517473716e-01
8.185527218454430320e-01
8.190838189066421693e-01
8.195557872264187527e-01
8.185253011328288419e-01
8.236081645230997061e-01
8.199057294175998711e-01
8.194869573827836540e-01
8.019778743990889636e-01
7.693670317584584417e-01
7.535009264445007293e-01
6.727809274867133649e-01
6.513137423249847346e-01
6.512784354809830756e-01
6.451301054642920585e-01
6.373158556784591644e-01
6.147508929062356353e-01
5.845654488699409956e-01
5.853359485373843540e-01
5.859881948996036316e-01
5.804210026938934064e-01
5.797321093702829664e-01
5.669652232678830117e-01
5.660848185983899938e-01
6.029814944523375075e-01
6.037771314083359986e-01
6.026919424515068124e-01
6.037524383677157491e-01
6.022671232557246235e-01
6.042721286189637331e-01
6.037208855603872770e-01
6.049800461750964864e-01
8.246552896317060899e-01
7.524760884240041525e-01
6.529115699795298156e-01
6.437198566775632624e-01
6.063550118014495727e-01
6.065390304799407328e-01
6.080858747338910852e-01
6.667576250924238668e-01
6.656895681582992719e-01
6.659606056142970409e-01
6.692379712133329495e-01
6.653092888079920053e-01
6.641573070661961342e-01
6.662406605827262407e-01
6.637402140607376877e-01
7.283705682482412014e-01
7.294503422558002992e-01
7.280345743068614706e-01
7.282438331155073330e-01
7.274637326036259566e-01
6.627325764603044789e-01
6.632366268084611827e-01
6.636467879257443858e-01
6.730258505081155862e-01
6.624822891049217954e-01
6.632347441773900343e-01
6.620020470549320413e-01
6.625741246240196558e-01
7.252962238025857378e-01
7.243058048556774153e-01
7.262614188864153775e-01
7.259515541947987316e-01
8.372540314818577301e-01
7.251755866184508292e-01
7.670627413725764621e-01
7.679685413430361596e-01
7.838919027224594549e-01
7.774174522260054454e-01
7.812561940503881530e-01
7.828202046453108798e-01
7.776548910858140928e-01
7.828132702785305375e-01
7.781282547814207806e-01
7.837969701984754956e-01
7.680021714648695985e-01
7.678998692946692461e-01
7.687148785461351830e-01
7.681190442123155826e-01
7.666193811506772926e-01
7.678505192178961547e-01
7.666228120119744638e-01
7.644061386838777450e-01
7.960248357216338499e-01
7.952712747659100856e-01
7.908948114039238142e-01
7.885830807601627024e-01
7.830135071542801972e-01
8.429006536104095559e-01
8.423834568406185497e-01
8.450503348700337813e-01
8.440412804548280690e-01
8.417603833892545184e-01
8.405606838159522809e-01
7.981651814527667144e-01
7.922609706807060004e-01
7.971475983085359873e-01
7.953809263885291969e-01
7.967898101907883168e-01
7.807132802117968673e-01
7.821287188671712798e-01
7.819768444795005546e-01
7.679230887421450991e-01
7.697834634860312164e-01
7.700549884409707557e-01
7.274254092391854165e-01
7.250923048938665572e-01
7.148909692618556910e-01
7.154654854318297508e-01
7.149477780606586785e-01
7.130930145809788456e-01
7.134133752979763266e-01
7.132047111542890727e-01
6.834951622734301013e-01
6.839058604140140218e-01
6.817161236445081762e-01
6.638876127708833730e-01
6.572174927956253576e-01
6.574506302035346694e-01
6.670106126213295461e-01
8.004339159782456470e-01
7.999437797906880920e-01
7.752496622549243099e-01
7.733420868437880236e-01
7.207735944193879307e-01
7.926041712899776215e-01
7.924446783483654055e-01
7.962343515071556022e-01
7.923372724024556613e-01
8.438971055014196088e-01
8.411698437854766564e-01
8.407485941983873223e-01
8.416331905273751746e-01
8.410387787093731582e-01
8.512987161611805798e-01
8.450938964692209510e-01
8.003576121177551350e-01
7.850247991410612691e-01
7.855485123779331058e-01
7.920980640239294601e-01
7.889995911835990805e-01
7.840723285592041680e-01
7.923902993388769467e-01
8.718360918277097138e-01
8.469139099081537392e-01
8.480080051479101932e-01
8.456854997509992700e-01
8.436311472521065280e-01
8.960024889280047145e-01
8.963052722669549999e-01
8.957198447916182582e-01
8.964300720886003715e-01
8.697410494272170833e-01
8.691203661581803352e-01
8.647612287583140711e-01
8.662928839825959626e-01
8.639123760554876519e-01
8.686075272199587083e-01
8.507019224429376303e-01
8.483880015604845504e-01
8.462789936142222080e-01
8.464459357827656127e-01
8.327465465990070426e-01
8.340815063520400363e-01
8.337118802215836011e-01
8.328363670677759734e-01
8.316728907821147043e-01
8.557587963736374981e-01
8.552254234059636362e-01
8.524542781391198920e-01
8.557305134857103868e-01
8.528006030184074326e-01
8.576972186967154466e-01
8.555129178577073334e-01
8.495981597820468911e-01
8.470635638302873582e-01
8.443487915808721711e-01
8.316880200381341348e-01
8.627402673903195041e-01
8.636496481353712618e-01
8.548748970943520487e-01
8.565676445737975264e-01
8.544497502391040777e-01
8.537428751399841476e-01
8.572340850897992581e-01
8.529926760947189601e-01
8.523493857953134967e-01
8.781085716277777786e-01
8.775448265098023670e-01
8.807381346647658038e-01
8.832870602223690248e-01
8.792035121301842171e-01
8.781204388423416995e-01
8.822062687806402348e-01
8.682718578216566119e-01
8.552916274018147469e-01
8.530331155879709026e-01
8.534382891918494973e-01
8.549112110786558638e-01
8.550779609812715343e-01
8.512944264772975833e-01
8.300470495586974584e-01
8.310639907411596639e-01
7.914172467408071565e-01
7.405231052146832305e-01
7.400867003013064105e-01
7.402965658244907710e-01
7.414658483776156439e-01
7.400580650501099589e-01
8.812696758056783874e-01
8.811623669877682863e-01
8.801914884454395960e-01
8.811245977839263777e-01
8.796701952635718191e-01
8.597410773527055516e-01
8.551225251340685007e-01
8.460173447636802901e-01
8.334766214051327893e-01
7.413337935162945813e-01
7.428352352803476721e-01
7.412486627471954748e-01
7.403225230776108168e-01
7.404728692075107643e-01
7.408750379957810273e-01
7.402578133450442577e-01
7.986861893213749175e-01
8.021986260776887701e-01
7.979546302715498918e-01
7.986796373899064383e-01
7.988023187369763800e-01
8.010137210960284193e-01
7.969754449623621673e-01
7.979913320821692135e-01
7.905103632467221919e-01
7.423238973933060647e-01
8.806054027471699186e-01
8.822858809087531506e-01
8.551678393668492584e-01
7.985072515881854738e-01
8.007122779931084011e-01
7.996717206393637589e-01
7.990795259759168045e-01
7.996771214707095732e-01
7.996423743905579640e-01
8.291220264147797225e-01
7.986879117990599575e-01
7.426401173937133837e-01
7.452106556557821504e-01
7.415645065776659273e-01
7.089467086365810466e-01
7.121184382749617958e-01
8.782079114230422201e-01
8.782924779092461387e-01
8.791370431102115690e-01
8.772084295678779231e-01
8.812806962522135024e-01
8.313200302680230358e-01
8.052681364807080522e-01
8.096860698373169463e-01
8.048186729307392762e-01
8.826985245938526736e-01
8.826823130506026294e-01
8.821292763262468251e-01
8.831433533658946677e-01
8.842921807647112775e-01
8.913648423765463402e-01
8.835627573387365707e-01
8.836917020200909523e-01
8.826925283835626024e-01
8.827023706651416779e-01
8.160424256113711916e-01
8.138037698824135413e-01
8.087480217470950361e-01
8.087875068448071580e-01
8.069169964236928561e-01
8.093825619590483411e-01
8.093611527263171457e-01
8.059158381817866923e-01
8.028013848726349710e-01
8.006716583620898664e-01
7.933632258315506114e-01
7.943380745239090324e-01
7.957165832872609146e-01
8.000189487989470827e-01
7.932553737099230506e-01
7.944735798770161672e-01
7.096673617681852342e-01
7.050917049550181614e-01
7.043841391157052989e-01
7.045141334291016300e-01
7.035657260377831124e-01
7.035348431895482868e-01
7.030924569800408586e-01
7.073100763644185607e-01
7.042725846071788975e-01
7.041067173821244918e-01
8.101455075589927279e-01
8.096942216731474184e-01
8.063635545352072498e-01
8.015031027847676626e-01
7.950073992931712130e-01
8.211812517590711957e-01
8.225469043304676209e-01
8.199814038396744387e-01
8.195368370222581023e-01
8.188294186337298219e-01
8.166455196655282300e-01
8.244558058732098793e-01
8.212950791994809707e-01
8.187018035709603403e-01
8.052175956810738722e-01
8.049296726007402203e-01
8.024323525919745403e-01
7.875277498047351665e-01
7.141191455895318230e-01
7.065465190167771192e-01
7.067998215860660238e-01
9.351924255154233645e-01
7.080320667285483482e-01
7.046395673120008363e-01
7.064513203780875550e-01
7.050709506767961487e-01
7.040526263889973491e-01
7.018380977238644070e-01
7.037359970381541485e-01
6.989344087104070180e-01
6.961444125626662371e-01
6.808261880768237129e-01
6.727849576026477818e-01
6.723066073418190181e-01
6.716969232744078866e-01
6.720912750896096410e-01
6.733546616003838192e-01
6.726655607316011087e-01
6.721838379359637017e-01
7.058200547000238467e-01
7.038925506385391717e-01
7.048308609505743449e-01
7.050673895792740620e-01
7.042023499360428040e-01
7.085531172793239074e-01
7.040307474785025832e-01
6.972907281614558750e-01
6.733762482977000419e-01
6.743548383756211573e-01
6.755109893840545165e-01
6.770668692288993595e-01
6.745436436303253736e-01
6.746432120771501673e-01
6.203742255991802068e-01
7.054099646366283061e-01
7.056117653898215103e-01
7.051573131414170525e-01
7.053530987043211686e-01
7.053537709303736580e-01
7.058395738413404397e-01
7.043397696709111644e-01
7.040617579467465248e-01
6.722261075264942543e-01
8.119021557847262427e-01
8.141208262296864007e-01
8.129806752079736798e-01
8.142862322716483137e-01
8.146469705767029890e-01
8.066055605502169268e-01
7.066484931532210911e-01
7.039118955496878050e-01
7.048261335265676442e-01
7.045440136269908171e-01
7.037202099688522061e-01
7.044541128930521534e-01
6.777693078553737038e-01
6.819238408211634184e-01
6.790264563621029037e-01
6.812893447096524113e-01
6.790816775885311074e-01
6.769508765661473859e-01
6.779374532550168642e-01
6.779148370644949573e-01
6.781763905571730477e-01
6.795520556525789235e-01
6.723447953854863046e-01
7.244220921874864327e-01
6.727921222203201435e-01
6.728767453373389884e-01
7.623747969180840744e-01
7.628748994195897470e-01
7.069948220231083713e-01
7.065322252834289607e-01
7.015912340493968280e-01
7.652244238697867296e-01
7.641243926453309410e-01
7.628778918439405032e-01
8.050936808963213842e-01
8.064755743696224721e-01
8.077483757201506798e-01
8.073881204536116352e-01
8.076842182845190843e-01
8.073884841451360872e-01
8.064943257652744668e-01
8.085221247736609218e-01
8.056268062216687120e-01
8.075273770190046774e-01
8.088486922556925585e-01
7.686843644339115267e-01
7.666026180702375514e-01
7.625902310727713518e-01
7.637989670747700188e-01
7.634652624635027696e-01
7.632150913542362636e-01
7.070848837475649518e-01
6.770715490508494305e-01
6.779170786675045024e-01
6.783146337555114869e-01
6.724669379212817599e-01
6.720184114685953114e-01
6.735119798173996308e-01
6.723298203654849425e-01
7.165368903844570037e-01
7.223632992099582317e-01
7.227704428393759706e-01
7.203513590544399214e-01
7.216309134837436412e-01
7.238261335758923165e-01
7.217284478189247565e-01
7.224118944768470607e-01
7.129124745145265507e-01
7.145982601157190306e-01
7.122127068948660433e-01
7.145054622075497353e-01
7.164195963564055081e-01
7.145721112662168917e-01
7.136775481202776161e-01
7.153429023544434218e-01
7.650030877019915465e-01
7.211894091449936317e-01
7.208440676673182335e-01
7.215093840089705779e-01
7.227986201956639878e-01
7.213890334838686247e-01
7.228067809990745829e-01
7.255892834602677421e-01
7.154858445883476303e-01
7.156596473651721801e-01
7.161802770521827899e-01
7.175407131931409443e-01
7.166969548066518536e-01
7.179514276370165815e-01
7.179963762919734371e-01
7.169767654262634293e-01
7.167420257485148660e-01
7.133353813471328131e-01
7.127905101865520399e-01
7.138346609212659066e-01
7.127708366818199526e-01
7.128524712321366863e-01
7.346035626925419004e-01
7.330050809672351564e-01
7.228248761620962304e-01
7.207192152634918081e-01
7.235639509936799829e-01
7.168526195978013327e-01
7.165458051239799175e-01
7.271788692531392373e-01
7.142502034849115278e-01
7.147999844156412985e-01
7.132186985979624971e-01
7.136093368026442674e-01
7.136774186915070262e-01
7.122064688940478172e-01
7.133351513775553210e-01
7.376323461535648773e-01
7.368621293629558089e-01
7.370104748253629712e-01
7.378267232870600045e-01
7.364966749099176591e-01
7.196624094691942419e-01
7.198985023562654018e-01
7.210211273245596963e-01
7.179969094969618215e-01
7.140463918049876346e-01
7.110560757822519395e-01
7.130943825170751316e-01
7.034967541605443575e-01
7.016726956187022690e-01
7.009758628354463283e-01
7.003528934436500375e-01
6.984668062344806527e-01
6.986987418862043997e-01
6.974666273744182243e-01
6.978646725245378768e-01
6.989833541570854569e-01
6.753196641017991109e-01
6.344888025862329695e-01
6.143531634588352830e-01
5.978127623815715497e-01
5.982754653614100748e-01
5.984369927963948399e-01
5.983076121554318227e-01
5.985061176950969841e-01
5.984570999485271381e-01
5.995217746473612275e-01
5.995768113285934175e-01
5.990638860885376671e-01
5.801811011399757856e-01
5.791742792076288726e-01
5.791155161098122672e-01
5.788371183498322026e-01
5.786623673078015173e-01
5.792349790903958962e-01
5.792046776533998909e-01
5.778408434037562991e-01
5.788986343852089433e-01
5.782622634583868271e-01
5.598629214945289867e-01
5.418072261876997198e-01
5.414098600930490335e-01
5.414931666654787534e-01
5.426672896211470754e-01
5.435607291653268280e-01
5.410456289524782081e-01
5.413384926299287248e-01
5.416066016548898299e-01
5.415510173997726273e-01
5.408498035397415471e-01
5.995426728271008310e-01
5.993188011390020442e-01
5.783648441215545333e-01
5.803320313757933668e-01
5.812232727630833873e-01
8.515016883602593012e-01
8.472858413046602255e-01
8.496826209500742966e-01
8.512710728653785086e-01
8.113406052997108597e-01
7.399840600632241472e-01
7.170548371244200858e-01
7.015172182638780285e-01
6.322728327589320907e-01
6.313485522401874883e-01
6.310952169987443794e-01
6.317081342665541444e-01
6.310413200898769004e-01
6.311553885041868428e-01
6.319235973782122429e-01
7.051303525324876809e-01
6.311433971977112867e-01
6.321500234591653777e-01
6.328539283242978764e-01
6.300306294296453835e-01
7.689440231829872685e-01
7.696525781379489617e-01
7.800702621754922461e-01
7.683146411093317862e-01
7.377025695349234136e-01
6.990370521611071197e-01
6.311090285352380924e-01
6.318641838928479304e-01
6.313888109458845044e-01
6.320701597749466272e-01
6.312312782782781850e-01
6.312678553366003475e-01
7.303105472769363393e-01
7.293938744973972321e-01
7.293083238855809780e-01
7.307205890855270614e-01
7.294739771375537973e-01
7.309300263279856491e-01
7.292236383735849481e-01
7.282222781626086494e-01
7.042852052396850748e-01
6.324210949435292717e-01
6.324783308249688485e-01
6.323338350257088347e-01
6.286519613157659503e-01
6.242785060598399216e-01
6.248512370832439711e-01
6.171263468033842958e-01
6.131858875041975576e-01
7.416451135018881091e-01
7.281799468195984115e-01
7.263019780467973030e-01
7.276332969182460753e-01
7.278446006665314494e-01
7.276606883896854505e-01
7.276106826093978741e-01
7.146441565655614614e-01
7.105258824457376665e-01
7.117915842907603929e-01
7.127797408097988896e-01
7.165850627978979093e-01
7.162362391505083803e-01
7.131269899314105487e-01
7.118163393591923072e-01
7.133002660831868624e-01
7.121864806865322306e-01
7.109347991094926433e-01
7.099582195049485289e-01
6.329034535076740742e-01
6.244746586698366464e-01
6.123305553374267518e-01
6.121905285786264361e-01
6.130395315863064187e-01
6.232328632964116988e-01
6.116690789546543883e-01
5.938062072261739432e-01
5.936048473675942239e-01
5.838458073446005647e-01
5.854016107948545322e-01
5.555915066065496566e-01
5.564521326740829998e-01
5.582383685699433551e-01
5.553318244432793316e-01
5.575510523322031453e-01
7.151151930306571813e-01
7.116159749313515359e-01
7.119925705910969960e-01
7.130944222055057846e-01
7.320005370377941079e-01
7.345991309258325108e-01
7.315520108916402364e-01
7.365213841818732954e-01
7.336753725639773016e-01
7.349077554546229463e-01
7.350769868187294609e-01
7.379167164076567698e-01
7.328547498414373917e-01
7.277067417406777317e-01
7.129821763829129466e-01
7.132089420051653805e-01
7.030426444218710325e-01
7.027499822905048932e-01
7.038066800033633275e-01
7.037605910199741244e-01
7.026319264671050391e-01
7.038303764298177168e-01
7.026682676815224626e-01
7.030590986872935488e-01
6.939126062252480853e-01
6.844163001213096065e-01
6.837760234484522304e-01
7.323598237500456021e-01
7.320412507419258308e-01
8.473392312916461222e-01
8.434067971356123961e-01
8.463717289252825626e-01
8.433271828386975644e-01
8.474080677329663969e-01
8.484171474146440239e-01
8.485680130756458883e-01
8.480058503561478389e-01
8.492693426698139092e-01
8.451694294103341276e-01
8.458766164288382683e-01
8.429918206560148564e-01
8.453368643197630705e-01
8.456487194245685401e-01
8.421395891516872956e-01
8.442626882373244213e-01
8.440366537347275822e-01
7.728766476966301147e-01
7.388685386887752227e-01
7.392282524226196916e-01
7.393333321747657116e-01
7.380111500080474007e-01
7.380902664082195086e-01
7.371886440222367165e-01
7.383120495185921950e-01
7.384032390934948120e-01
7.364934560215928849e-01
7.370678051177010914e-01
7.344948861563439513e-01
7.364507322052675775e-01
7.031705186081143033e-01
7.025242227973421683e-01
6.802718857995579960e-01
6.689213918171394990e-01
6.668051860769943495e-01
6.678372707486330828e-01
6.583921191950214968e-01
6.567028135682650980e-01
6.567114914829779160e-01
6.588009609856517734e-01
6.560797596916057017e-01
6.579529539844120034e-01
6.127899546372819195e-01
5.736212386281616116e-01
5.720384063598240587e-01
5.580683273880474582e-01
5.501623256150870445e-01
5.489257886685072751e-01
5.489724825387047868e-01
5.482111529466542343e-01
6.070834411381970108e-01
6.070563051289388223e-01
6.077371607104686824e-01
6.076667730854884431e-01
6.065122093659789382e-01
6.072825753563642071e-01
6.063419689493776410e-01
6.069202357719925001e-01
5.728255568995362923e-01
5.607178828957184447e-01
5.474727620019715912e-01
5.486132680993047739e-01
5.483857474393191156e-01
5.298941131106630342e-01
5.289468869221587433e-01
5.290903033537212030e-01
5.279050362387793793e-01
5.267255389629206253e-01
5.279177490638548020e-01
5.252082406159792605e-01
5.217919216023878537e-01
5.212330426392249860e-01
6.063096232629341387e-01
6.067679021165759412e-01
6.062250166993210510e-01
6.065244502502595836e-01
6.065918148066755666e-01
5.705093829246457027e-01
5.477291522657676826e-01
5.284995066629561977e-01
5.295566690479525107e-01
5.272252722121425483e-01
5.268703818885345225e-01
5.224513505683675563e-01
5.243969034291220410e-01
4.903974145713816957e-01
4.895536279893977216e-01
4.904152687078441875e-01
4.901156539612857577e-01
4.898489987136643853e-01
4.901472670486042849e-01
5.004657707795798771e-01
5.016992263986375100e-01
5.000771971382986791e-01
4.988594361739370764e-01
5.005218232616212015e-01
5.003365474019905168e-01
5.007681050609149587e-01
5.008473866159470766e-01
5.010571323771477736e-01
5.003708249015037524e-01
5.005971766764869546e-01
5.455524166171268341e-01
5.291648523866943066e-01
5.451827822140919988e-01
5.439657533352236785e-01
5.447320196805641723e-01
5.443784893709682216e-01
5.451063884517092228e-01
5.440901337090026102e-01
5.444890385489552509e-01
5.432619015342503577e-01
6.021127241124745177e-01
6.020526356460493833e-01
6.019121834907583679e-01
6.547620378243506067e-01
6.545531830150440600e-01
6.547906564664449647e-01
6.547412246902855060e-01
6.561459391089092819e-01
6.050387949431735857e-01
6.034690021517571390e-01
6.045500861857461272e-01
6.025903591562578043e-01
6.064351815012193336e-01
6.038231200287007550e-01
6.035445777863206462e-01
7.521825996803543912e-01
7.495416093924779366e-01
7.499555157771513603e-01
6.608718511105338145e-01
6.677883078527628857e-01
6.682302757192446485e-01
6.697452425401375642e-01
6.680263977006208886e-01
6.677850351662789619e-01
6.682592572336905068e-01
6.678919226148463117e-01
6.698665026322303540e-01
6.676611734060915460e-01
6.698990442361885123e-01
6.673775004945234901e-01
6.669674987939024913e-01
6.535531370461944434e-01
6.528678214073169173e-01
6.548410609709579555e-01
6.032005944201302983e-01
6.029550017053212363e-01
6.035026821600405489e-01
6.038760397054336870e-01
5.898568939255408594e-01
5.901903477470413772e-01
5.901807900642569438e-01
5.893227385187367329e-01
5.803489860076102014e-01
5.803488873969242512e-01
5.813102377688244005e-01
5.778008610151834645e-01
5.771946830219889524e-01
5.777691420541968270e-01
5.779843056339120100e-01
6.394735802105556699e-01
6.393327823200216642e-01
6.398499800904696722e-01
6.404800170622561017e-01
6.063615629290795006e-01
5.998298669858601606e-01
5.933025044026281059e-01
6.509891044614746214e-01
6.414786547136777095e-01
6.522198461674764136e-01
6.522010541605504086e-01
6.527174674854039349e-01
6.523333484708261354e-01
6.542147644385691851e-01
6.529545528661557796e-01
6.530774217280249649e-01
6.533068960574309747e-01
7.543898846168952677e-01
7.536520823933570146e-01
7.563539585881935423e-01
7.687227817003451369e-01
7.494068535515807650e-01
6.630939261997582657e-01
6.628491233686031325e-01
6.536614344255727849e-01
6.538962393986831323e-01
6.530282141427159459e-01
6.533997673525919758e-01
6.534226314688963422e-01
6.533087882690107318e-01
6.533718096799601138e-01
6.527032944947437354e-01
6.386216661674293249e-01
6.390183165636769136e-01
6.394965524260045608e-01
6.391062224373607048e-01
6.374051890908105644e-01
6.367619577146992338e-01
6.366048933139778487e-01
6.366663925455130491e-01
6.417521655954405713e-01
7.523614359243030458e-01
7.581446400630350579e-01
7.493693417047186944e-01
6.538250820631625881e-01
6.547454753482252476e-01
6.539401888619891245e-01
6.534825270372777162e-01
6.770212689569431452e-01
6.771484325896476308e-01
7.808114751271476583e-01
7.805852665213652841e-01
7.819245320485931350e-01
7.817544944715084654e-01
7.844046640279702665e-01
7.810528983871470876e-01
7.520130489012508690e-01
7.520052235551437647e-01
7.490467040926448439e-01
7.361337181335281254e-01
7.380946396091591089e-01
7.361989475926978832e-01
7.409388246539884149e-01
7.367972813494227946e-01
7.388834795780051534e-01
7.388210856282194650e-01
7.394445907829103604e-01
7.389250674499605598e-01
7.792465284196565811e-01
7.808255366306067202e-01
7.787284657319362147e-01
7.802863758433358221e-01
7.802659919705982050e-01
7.811441266426741858e-01
7.515809181107292458e-01
7.388424604694427966e-01
7.392880189891348763e-01
7.361763236952041378e-01
9.604469723860482588e-01
9.605762156308097488e-01
9.569491521293091996e-01
1.001616980971835602e+00
9.608177341135835103e-01
8.561423582431473278e-01
7.773532505162503714e-01
7.777769891185348783e-01
7.778110354057140574e-01
7.766803092449674484e-01
7.484659685760909342e-01
7.391109785841197821e-01
7.401003628717935934e-01
7.380214903215911448e-01
7.274682457405668989e-01
7.273148910703406411e-01
8.338476213798965420e-01
8.343792534309255604e-01
8.344765822285176160e-01
8.344915015480895981e-01
8.344487253331495102e-01
8.330741381541878487e-01
8.335574852989520167e-01
7.762039528517145071e-01
7.766021940194562934e-01
7.371225198993742733e-01
7.375840990976598732e-01
7.260079501812953806e-01
7.266354151397549366e-01
7.263713887056756358e-01
7.266022517456418583e-01
7.263798485402834793e-01
7.214779178330656961e-01
7.214662603151834608e-01
7.218948454822067262e-01
7.011954596642884230e-01
7.012905269575387956e-01
7.013926109140153908e-01
7.012262455999237476e-01
7.016534256950227588e-01
6.751289099871131683e-01
6.513735180543194225e-01
6.507302497511402439e-01
6.509478580531267156e-01
6.466979918998032595e-01
6.401484590865021973e-01
6.407074717809747577e-01
6.401582733131585545e-01
6.403870840052866553e-01
6.402744086831334558e-01
6.402810410712482803e-01
6.399550378038423304e-01
6.402822432276185083e-01
7.210791371225919733e-01
7.206196621103488908e-01
7.283315670087988636e-01
7.245143093796656553e-01
7.205443781016280802e-01
7.210139212300993306e-01
7.216922685672855220e-01
7.214320560568798779e-01
7.208550170485957809e-01
7.188451857141353596e-01
7.216085872327492323e-01
7.218276802364499423e-01
7.215460850884232169e-01
7.218662787934509995e-01
7.217346292481878756e-01
7.006082097207715353e-01
6.762649991007658734e-01
6.514621381349752216e-01
6.408472888176872662e-01
6.409216401493958992e-01
6.410003454747164042e-01
6.213955404836598584e-01
5.797261801212381105e-01
5.793462810625820136e-01
5.793649226997216184e-01
5.792939764654296830e-01
5.794918382704420390e-01
5.746679311626923248e-01
5.755923584890811906e-01
5.733236243749707528e-01
7.224110115367272655e-01
7.223509884306177353e-01
7.219745895250067047e-01
7.224865885388783715e-01
7.010409898085352420e-01
6.493740304228994287e-01
6.425108159399708363e-01
6.221657379431564383e-01
5.797411492934013699e-01
5.798322370725774721e-01
5.798172969750132744e-01
5.751555532161936046e-01
5.743810551383959906e-01
6.291612147271874456e-01
7.975590636324100258e-01
7.972294007948781402e-01
7.409734661277049828e-01
7.392862361963586926e-01
7.268947343484015722e-01
7.223918134210306485e-01
7.227289420687719179e-01
6.515136745676808339e-01
6.405534936255293799e-01
6.388475634820891536e-01
6.392354319422917097e-01
6.398750123032516113e-01
6.392960725011812562e-01
6.394367658424395806e-01
6.400716018954595299e-01
6.395493559955354179e-01
6.397447643066644929e-01
6.389569603722590196e-01
6.395121692769030197e-01
6.306941146304074763e-01
6.298601868651292346e-01
6.957604659780403100e-01
6.942811931323571439e-01
6.967006058962287307e-01
6.956556749257383210e-01
6.949015847439827809e-01
6.417435565722195978e-01
6.398887819070273597e-01
6.405340592893075113e-01
6.386202201809451084e-01
6.406927061718592498e-01
6.397775802607247320e-01
6.306242933573257270e-01
6.306636475826175037e-01
6.304117143038564519e-01
6.296689579096764744e-01
5.780778562974429047e-01
5.770438302410516584e-01
5.708085075850167778e-01
5.679227677962004339e-01
5.639404958563956072e-01
5.488639421215553149e-01
5.478815809626373934e-01
5.479035125293900688e-01
5.476465865157593704e-01
5.469642614675336301e-01
5.474212172925304598e-01
5.472049103879723653e-01
5.472739092630728441e-01
6.191399903329766197e-01
6.192189891665287327e-01
6.193584507878785450e-01
6.199208603907095938e-01
6.196342072315297322e-01
5.773555489184019063e-01
5.726243885378108356e-01
5.638870649674890823e-01
5.505105240817411705e-01
5.500569825445074112e-01
5.500612498215338153e-01
5.503253995502176421e-01
5.500446112919306074e-01
5.495239004114689241e-01
7.247448886342321428e-01
5.510885072993318978e-01
5.503116856153043024e-01
5.499878641925315392e-01
6.184880124097925647e-01
6.190127629607647952e-01
6.192247382438953451e-01
6.187895762016943912e-01
6.767924464913142035e-01
6.766513608408984970e-01
6.762930351688039021e-01
7.118378550980700714e-01
7.112525458514495913e-01
7.339620382359721695e-01
7.340430880853581197e-01
7.335725125301414407e-01
7.337488845343879129e-01
7.332645218319621128e-01
7.109012641263338095e-01
7.109598871767359718e-01
7.101427191946525497e-01
7.103948542443725422e-01
7.229744019912645037e-01
7.239790552040266114e-01
7.235622988455019389e-01
7.234440440126594929e-01
7.237809187186838855e-01
7.247461363461761286e-01
7.228190654108667124e-01
7.235741211645394522e-01
7.239782379025817560e-01
7.250140568670894181e-01
7.107470771536714693e-01
7.099012813710710024e-01
7.102879711941458840e-01
7.098092737140606623e-01
7.317554504907759494e-01
7.318745824133542355e-01
7.325191361807241730e-01
7.250675171310578815e-01
7.246182788878278158e-01
7.238065875812524919e-01
7.240629295014685551e-01
7.234558086963461809e-01
7.242526214751747737e-01
7.238282955913855066e-01
7.100214340000521318e-01
7.103282731021941521e-01
7.300670577511054748e-01
7.303501758143013944e-01
7.295742906980003939e-01
7.290715776121943215e-01
7.294315946910494564e-01
7.288376421263755844e-01
7.293027473660672610e-01
7.230454510649716449e-01
7.231369890151904123e-01
7.227004840722819345e-01
7.219360862122025102e-01
7.123849308905161326e-01
7.116290457662060032e-01
6.935337923897283430e-01
6.777817516359770922e-01
6.761740808167184813e-01
6.764010538537756911e-01
6.761795090160950261e-01
6.752562272844868652e-01
6.292221519318301759e-01
6.141320098379055015e-01
6.128233401280882564e-01
6.138539325808418656e-01
6.137858904259153592e-01
6.129249367373788004e-01
6.144395275101043330e-01
6.132293091752794023e-01
6.150977293396506784e-01
6.151871157084669584e-01
6.152118985487219360e-01
6.156599663635280439e-01
6.077201364448199250e-01
5.947690703787531508e-01
5.944508882807580941e-01
5.946135787651207760e-01
5.951876569832875719e-01
5.957609443518392389e-01
5.953178298257968404e-01
5.953116077030862208e-01
5.946947117841410169e-01
5.947466062546928889e-01
5.951736925922848087e-01
5.951559381788141811e-01
5.716173702998745831e-01
5.710691675611180296e-01
6.143774563006774159e-01
6.417091970521613398e-01
6.423888897783425200e-01
6.429445684113557213e-01
6.414040540503291865e-01
6.426443635188778813e-01
6.429448375958399797e-01
6.508685298944215658e-01
6.430691246088455770e-01
6.422626809381198898e-01
6.429210992195193430e-01
6.431311093455562844e-01
6.426489995138680023e-01
6.115761081462245397e-01
6.127824796704464116e-01
8.331498642498409435e-01
8.330341952764632740e-01
7.293022690825998744e-01
7.217552484358010778e-01
6.763642748351791356e-01
6.428854321076298284e-01
6.420176704604098061e-01
6.418027627129500035e-01
6.417722410456412341e-01
6.429654811151953586e-01
6.424385839534609843e-01
6.228326637561193424e-01
6.226821896396200762e-01
6.232136877843290623e-01
6.233040734006041195e-01
6.243561700052153718e-01
6.225297877383142442e-01
6.252579933346980035e-01
6.233255752790584081e-01
6.239039301331430476e-01
6.228394088515292193e-01
6.229806950377736463e-01
6.128994558766542866e-01
5.964162816795357536e-01
5.958644187633059808e-01
5.728456677380320272e-01
5.396945855744832432e-01
5.400800752969640017e-01
5.402759904280596270e-01
5.396814040011788105e-01
5.317535083571744980e-01
4.921360884118713974e-01
6.429325882633689648e-01
6.413739661653510282e-01
6.229574036593824582e-01
6.228229019023826529e-01
6.226625790568010022e-01
6.222243785529242288e-01
6.232306647849208403e-01
5.950560407345174552e-01
5.721473522727572592e-01
5.530051734741150415e-01
5.534265859502282003e-01
5.533336413809797349e-01
5.543189612112986442e-01
5.559029110813080710e-01
5.544314307669302444e-01
5.541496158787231341e-01
5.543406949780280701e-01
5.547064956468412689e-01
5.542055655630800937e-01
5.408628866730263995e-01
5.390263520261409091e-01
5.389593586460637020e-01
5.385157719774170682e-01
5.381728020421939762e-01
5.382525810812501810e-01
5.392822599343473078e-01
5.395060594088927353e-01
5.424856167301256304e-01
5.408283532860262977e-01
6.224293416446485816e-01
6.155420795971193737e-01
8.308960378218219756e-01
8.312336924747257827e-01
8.308951209120011283e-01
8.305392726768648926e-01
8.308580763657668067e-01
8.305509234445223044e-01
8.319223056083342449e-01
6.844175730774724187e-01
6.828831427500584583e-01
8.802133827180071979e-01
8.800975629180159965e-01
8.319035396523764003e-01
8.324191193945933431e-01
8.283382662434841670e-01
8.302682703105395134e-01
8.282163610912128826e-01
8.301544523614653448e-01
8.284119723144469649e-01
8.285665017738782501e-01
8.301991687292675781e-01
7.822844857214140690e-01
7.820173907135496982e-01
8.050679036597715443e-01
8.042456840674473417e-01
8.043773075596705180e-01
8.046673803166926042e-01
8.033235660484877583e-01
8.142394319724844953e-01
8.365575861002261249e-01
8.372920865878654695e-01
8.341093075659693490e-01
8.347834793166557521e-01
8.296242268059228486e-01
8.298137763333028882e-01
8.297114340701037261e-01
8.292973241853051070e-01
8.052931847487466710e-01
8.050287061283536438e-01
8.049508265410392216e-01
8.049248776845515652e-01
8.053981975699091578e-01
8.049005584203674513e-01
8.050716570190872279e-01
8.050633106576178255e-01
7.819697969964596318e-01
7.824860330389188379e-01
7.826526402023563644e-01
7.812991735741918742e-01
6.862053045838789611e-01
6.854122910366693411e-01
6.881993957795853323e-01
6.859245162133480456e-01
6.858696247974754856e-01
6.851962333133104766e-01
6.817838843199105492e-01
6.817658688417842505e-01
6.829452339869802602e-01
6.625233140265673892e-01
6.715890356689987462e-01
6.231608342141290446e-01
6.087874788159757244e-01
5.603754537342636732e-01
5.602592007271040009e-01
5.716800542478513991e-01
5.608874986513270322e-01
5.602939206086335888e-01
5.604564770292261855e-01
5.606949924690910469e-01
5.607734236134607197e-01
5.605875717942272463e-01
5.618404044712135281e-01
5.609546725089293862e-01
5.611383537839014224e-01
5.578021098831811297e-01
5.588455576875861475e-01
5.615145185817547180e-01
5.590736321609037773e-01
5.527837789120276790e-01
5.517724848212764988e-01
6.847538263132604275e-01
6.836011204370777694e-01
6.104765091008933497e-01
5.615319429840446297e-01
5.619518172049011717e-01
5.617319821068378349e-01
5.616060291991130660e-01
9.133672659048734932e-01
9.153298989850027212e-01
9.151361295694246945e-01
9.146393875509037930e-01
8.315158492619595387e-01
8.291895517970567786e-01
8.070918194438092552e-01
6.843267402872668104e-01
6.838865530981503849e-01
6.609364789617814262e-01
6.107127549797332078e-01
6.115422864709573192e-01
6.120413424198127839e-01
6.102296319713553796e-01
6.105279511420412808e-01
6.109014886614657636e-01
6.102483527168525157e-01
7.306949705909642212e-01
7.304021328971613825e-01
7.300257695548435510e-01
7.358401670331062849e-01
7.360979012995851889e-01
7.361221078854868205e-01
7.367539381241874352e-01
8.802932495897970444e-01
8.781916117978801894e-01
8.359843486604289220e-01
7.863549183407465559e-01
7.345210126737383716e-01
7.351180227832394554e-01
7.346102844262254461e-01
7.363897400864950482e-01
7.320660837960383249e-01
7.342270207785253078e-01
7.340589361478687680e-01
7.340962573819261872e-01
7.341613481677975450e-01
7.311967678680642013e-01
7.316811134885498058e-01
7.318582908935789000e-01
7.313529469733531796e-01
7.290095454872842495e-01
7.318174556936205555e-01
6.868873398657281415e-01
6.677257028217538082e-01
6.669841229626292112e-01
6.662310424065148728e-01
6.673236307641954301e-01
6.683462220953670929e-01
6.674942136910078094e-01
6.660727065111298195e-01
6.672715441932997038e-01
6.672491139236362834e-01
6.672173894822612805e-01
6.660891472681372827e-01
6.253072847745689833e-01
6.082993682600177365e-01
7.128615842841490302e-01
7.124068483744024904e-01
7.124153434603419655e-01
7.128008405568596606e-01
7.129437499904335285e-01
6.667675698082548008e-01
6.675470511038522625e-01
6.667356472770457065e-01
6.673745317127337540e-01
6.677964287759042827e-01
6.675236936069521843e-01
6.067447305856439321e-01
7.133523577584169884e-01
7.142230087511660663e-01
7.136629225183105385e-01
7.139197116325353143e-01
7.138580483895974327e-01
7.140642546540370006e-01
7.142821232087392946e-01
7.143105839046226535e-01
6.660028443542848064e-01
6.658011679388488036e-01
6.675132631829078234e-01
6.658772000974231275e-01
6.109176013500634550e-01
7.145035428008743583e-01
7.139249332960396766e-01
7.153324277069239567e-01
7.152092318174794183e-01
7.136769987434699036e-01
7.131663534005285854e-01
7.129266923622332719e-01
7.951480127096098860e-01
7.319558032114437118e-01
7.143854795665514068e-01
7.140155939291876752e-01
7.146950809612041544e-01
7.150770858683077602e-01
7.139115540265332793e-01
7.139827571645664950e-01
7.132909106856283321e-01
7.152411964511160569e-01
7.136868470939040643e-01
7.118168339538604172e-01
7.129225676072841189e-01
7.160580873435913318e-01
6.664553034877338522e-01
6.074331456194703716e-01
5.724151946583551087e-01
5.723046698906161245e-01
7.946697205168745670e-01
7.935780604947861860e-01
7.938116781269604072e-01
7.328742048455756386e-01
7.130626679286332648e-01
7.126860932874579113e-01
7.146843030680842812e-01
7.131174806292205348e-01
7.128769023543478633e-01
7.117939068674766778e-01
6.679238894536255744e-01
5.728743849670843158e-01
8.131401110002532961e-01
8.123209410641815120e-01
8.126518465584222639e-01
8.109290386366068137e-01
7.975544802696877822e-01
7.969915909141156440e-01
7.987421046330240859e-01
7.974725056065323781e-01
7.979126656912121085e-01
9.764333112854386432e-01
9.799967310231610940e-01
9.778942399429787491e-01
8.464767564879662753e-01
8.089231334593891543e-01
8.079431483814676351e-01
8.089683434402383799e-01
8.087150966626714954e-01
8.077883299081187740e-01
7.945528538278776587e-01
1.002149083762317927e+00
1.003127695436105027e+00
9.772012865850782104e-01
9.782912400618327675e-01
9.771659581007801076e-01
9.766680134973191318e-01
9.751933475739569257e-01
9.764370297214156613e-01
9.476506110240765501e-01
9.519352360611377240e-01
9.481995177490184501e-01
9.526567853397178709e-01
9.465651355391018207e-01
9.501082023515454722e-01
9.499912475754420660e-01
9.503121085657735279e-01
9.487168643146195457e-01
9.498014506339513829e-01
8.457182947170129861e-01
8.596387820605350116e-01
8.630895129703940460e-01
8.600159902078888807e-01
8.604239970480791477e-01
8.598315874002097070e-01
8.626829041655587060e-01
8.601128795846088027e-01
8.594564991445589053e-01
8.605763999480285920e-01
8.595633287676022194e-01
8.580499322883514690e-01
8.598649469489094699e-01
8.174456915602796858e-01
8.162223814036132508e-01
8.179138372737009277e-01
8.175218885955385373e-01
8.191646956895797249e-01
8.192526623195969249e-01
8.176284047881595685e-01
8.172404109243261994e-01
8.187074774845690683e-01
8.188041268661774286e-01
8.071117692572200575e-01
7.958738500158089035e-01
7.721860352870576483e-01
7.719018166769306966e-01
7.122512263953456602e-01
6.949488570316584291e-01
6.958225037487552056e-01
6.959008221795083271e-01
6.797835613735283555e-01
6.797951976905501903e-01
6.799943383994306867e-01
6.652376152925818520e-01
6.652097510806966874e-01
6.653601624554383864e-01
6.635446058618338361e-01
6.649436531946608664e-01
6.640367999497321927e-01
6.673381918446973371e-01
6.678993666453674205e-01
6.672120907808122281e-01
6.674805337549920559e-01
6.677182189495035614e-01
6.909954422588047152e-01
6.666764123857178426e-01
6.668249760470944532e-01
6.669573272263049635e-01
6.644553547334429711e-01
6.649963050631322314e-01
6.641216078097056386e-01
6.636931642242561713e-01
6.330179497767716157e-01
6.329592202822378333e-01
6.328239732575536847e-01
6.763752584997276829e-01
6.665166614321210714e-01
6.662298935895496488e-01
6.662315275015308069e-01
6.659719521204789938e-01
6.663151403556196728e-01
6.664008558866119092e-01
6.668729170887826019e-01
6.640413582368928092e-01
6.644421619652655098e-01
6.567140578110333138e-01
6.567051796633401883e-01
6.568408829712313324e-01
6.564559727871989159e-01
6.563974887522038282e-01
6.570752099285938064e-01
7.257741656566577548e-01
7.251935830042365305e-01
7.260721864768304723e-01
7.261874081143506743e-01
6.761137111864883309e-01
7.625353529680855003e-01
7.258606309022768155e-01
7.266849304974767332e-01
7.261901545282780646e-01
7.252089753023370777e-01
7.260070971335004231e-01
7.251499948243352867e-01
7.250819453170372908e-01
7.253940223382453478e-01
7.252553279168749700e-01
7.248444700635949811e-01
7.232050009558558257e-01
7.242266969122848064e-01
7.233657690278347818e-01
7.246731722990544800e-01
7.233648595525676850e-01
7.234166782135452722e-01
7.235633966354080293e-01
7.239124230125906223e-01
7.631668750352151864e-01
7.637505923680447673e-01
7.637984928383195760e-01
7.252792898510019848e-01
7.250243426008755598e-01
7.237935495912940498e-01
7.998983705146619494e-01
8.003859047738908217e-01
7.995329494160100525e-01
8.000775576327391336e-01
7.992283729607637666e-01
8.002253370567082857e-01
8.001467220297026062e-01
7.995245759629122650e-01
7.998795989808911155e-01
7.635743600250320950e-01
7.661094166955851881e-01
7.247671804140276564e-01
7.242880923033365725e-01
7.516880589281351721e-01
7.519443344886909131e-01
7.513379598377846191e-01
7.515494871645812536e-01
7.520599198816030340e-01
7.513628860969480128e-01
7.514795824134525848e-01
7.511313725632995375e-01
7.526113768985381869e-01
7.521400259385336851e-01
7.524223366160966986e-01
7.270862128871218300e-01
7.251250371857850263e-01
7.234139615457797490e-01
7.234084102151181472e-01
6.663744054330644762e-01
6.567004755504636249e-01
6.505738172309426526e-01
6.731250661724303974e-01
6.501765199999335332e-01
6.513503469071393326e-01
6.519842933147229624e-01
6.505165330883939667e-01
6.508841141305825584e-01
6.642523682375479632e-01
6.636507354280206661e-01
6.637188860982465854e-01
6.635784859889695131e-01
6.639236111357906811e-01
6.635414929050762467e-01
6.642651939939954175e-01
6.640357846070200631e-01
6.504960234014229847e-01
6.504688089478847246e-01
6.509943947562800703e-01
6.510497022967791647e-01
6.511922671497285542e-01
6.406387351893245707e-01
6.324530978721734087e-01
6.338395738554609693e-01
6.334529861283129115e-01
6.334753858489593492e-01
6.639865689117762093e-01
6.637670835593288965e-01
6.636412265169719937e-01
6.638673552349598772e-01
6.639501151829704240e-01
6.640951714069407430e-01
6.639974018467658112e-01
6.518135982183401733e-01
6.522196951868397541e-01
6.405918487311459408e-01
6.346027944085415040e-01
6.323852543848569319e-01
6.337419372367488757e-01
6.214928105715629147e-01
5.710765670097631697e-01
5.706523704198536162e-01
5.512902958958900701e-01
5.505757225392267085e-01
5.388631205053403539e-01
5.322317662811538730e-01
5.224764969646639168e-01
5.224311091045957811e-01
5.218541623090436898e-01
4.845478493962631084e-01
4.836130191960405500e-01
4.833960782964277225e-01
6.640684022959881805e-01
6.627799442123673002e-01
6.577914258414604420e-01
6.517337745030488128e-01
6.336322171709323214e-01
6.218023873758848907e-01
5.708571105583870597e-01
5.490920071516229850e-01
5.330184308132983606e-01
5.226810758898191578e-01
5.154871507403121500e-01
5.152640926346119254e-01
5.162586624689231574e-01
5.151859355720734834e-01
5.152351458116820604e-01
5.148929363563059525e-01
5.151548917772236225e-01
5.153207779597647198e-01
5.152533745660714537e-01
5.150985168815951365e-01
5.147752340620572742e-01
5.622084788041740167e-01
6.931959639056005651e-01
6.620568417259236060e-01
6.516670375344639776e-01
6.339022100013030903e-01
5.622760168973213180e-01
5.625070689272365643e-01
5.624643034112578599e-01
5.620639083140236414e-01
5.622942202059130201e-01
5.621059731849276098e-01
5.620712674143500953e-01
5.623024148486135410e-01
5.621939763612122665e-01
5.626453144343517287e-01
5.622746391777466712e-01
5.322039684957271533e-01
5.325076539227386885e-01
5.324686312972592983e-01
5.575322881832521782e-01
5.572576721020521262e-01
6.940262227954125951e-01
6.930500867036243351e-01
6.931776803054580105e-01
7.851423630996989811e-01
7.862718628240965568e-01
7.857591959444603091e-01
7.854886613553292429e-01
7.856659791491720224e-01
7.860119864424580660e-01
7.902686924820394587e-01
7.855106145855912381e-01
6.920611210104505862e-01
6.918749676946660543e-01
6.900354491835620774e-01
6.923972658459525142e-01
6.518518613464817646e-01
5.805288893525313298e-01
5.809713732845273038e-01
5.806982043480373168e-01
5.806287313575203557e-01
5.809398487529691124e-01
5.808682486936094236e-01
5.809185946115753563e-01
5.807415305001544237e-01
5.811273484540973033e-01
5.620372219965740213e-01
5.628107557817911832e-01
5.623036039399778030e-01
5.563031451064336386e-01
5.563270637547275133e-01
5.559292218718080436e-01
5.557041936000099991e-01
5.418669869194618904e-01
5.418333469633209720e-01
5.415737177334885022e-01
5.414440471779925490e-01
5.413753611626165307e-01
5.418572423632346258e-01
5.415782872380551227e-01
5.414059162548839899e-01
6.516767409736223815e-01
5.810930307706658748e-01
5.796802801832281471e-01
5.796414518915931069e-01
5.824464908123737628e-01
5.627253870057503660e-01
5.549132618064714917e-01
6.138140646374137255e-01
6.137307404648850717e-01
6.138616572845855268e-01
7.324887445620845705e-01
7.322448610568834670e-01
7.310465679528527216e-01
7.309641652227101272e-01
7.324415306613093479e-01
7.309417190359270844e-01
6.924199925181571125e-01
6.134723401109805074e-01
6.133602650058991301e-01
6.132183626884973870e-01
6.133133154875388682e-01
6.137691840197029292e-01
6.133346580668830317e-01
6.134680751847552127e-01
7.307566943734328246e-01
7.323175415849468850e-01
7.309508836409389643e-01
7.326233929585799221e-01
7.317103725838424166e-01
7.306883369092713743e-01
7.304819684264481916e-01
7.291030739742951905e-01
6.133540734415653395e-01
6.133314297577212582e-01
6.136725942381463517e-01
6.140880488217470567e-01
6.137337665273663312e-01
5.789553883541453949e-01
5.664266379967951570e-01
7.934625236202716980e-01
7.933714174377594075e-01
7.932601565174196567e-01
7.933437762245596492e-01
7.848721332519621452e-01
7.320148301415190240e-01
7.318083574238165578e-01
7.328029163032989679e-01
6.643066610228902658e-01
6.140632171991691202e-01
6.146792051959331094e-01
5.863701956191034181e-01
5.859356017498850155e-01
5.861521207473809891e-01
5.862801204003564859e-01
5.860221982125345397e-01
5.862145937090904591e-01
5.859205636286451968e-01
7.572242650635814254e-01
7.569952761217508819e-01
7.569782662945863105e-01
7.557352802481660525e-01
7.555885379865213691e-01
7.311721825704863287e-01
7.321250465644210115e-01
6.135279375147237868e-01
6.140559383576308372e-01
5.874065349447072926e-01
5.852670268315477431e-01
5.861951650151815407e-01
7.557823850146576650e-01
7.559519301076602638e-01
7.572701424642589441e-01
7.565383793954492120e-01
7.560499006300327451e-01
7.567842382925545897e-01
7.563263823317375456e-01
7.563385795488385410e-01
7.297161548070254522e-01
7.292465894806454685e-01
7.287994563994578678e-01
7.367795912979762107e-01
7.302383183138467793e-01
7.297082275039165067e-01
7.303419008381487609e-01
7.292268498647317410e-01
7.294168828421376816e-01
7.301629983259427803e-01
7.303777847647369148e-01
6.254776634754239950e-01
8.057867023264466688e-01
7.935681602332708140e-01
7.562596479268899330e-01
7.557429712480561168e-01
7.984628498880305125e-01
7.990916990441645495e-01
7.984170559280054924e-01
7.983621168079344521e-01
7.981760774557719040e-01
7.980311235198876973e-01
7.990354045324057353e-01
7.977945184639591014e-01
7.976060118712938740e-01
7.981024883038094764e-01
7.966977181306583722e-01
7.560610794978634974e-01
7.546940701825832765e-01
7.546369773524379543e-01
7.283289612245310574e-01
7.289453705139565809e-01
7.529590714979348398e-01
7.705862667766935070e-01
7.708423810795921316e-01
7.709884543097934584e-01
7.714960469900141726e-01
7.698284325050326338e-01
7.700831050353522667e-01
7.701642553414891346e-01
7.702108618599637913e-01
7.701849356311309958e-01
7.560541597409420334e-01
7.518871852999530203e-01
7.520408498982991130e-01
7.511254204144717228e-01
7.520430216873824625e-01
7.511347236171740382e-01
7.518337353558712799e-01
7.516581622447977562e-01
7.518441731834436537e-01
7.518886066829194581e-01
7.267625662195154046e-01
6.894119918585071005e-01
6.890984258469343704e-01
6.877699818599578574e-01
6.894948270045420102e-01
6.888177511469968373e-01
6.240169858684038173e-01
6.235693097988762590e-01
5.872803748135356772e-01
7.683793205334336074e-01
7.680527797548055702e-01
7.692084076591690911e-01
7.510250986695653497e-01
7.506985877849514655e-01
7.518096223006116574e-01
7.525446041039303147e-01
7.266693771090522169e-01
6.881498221880795185e-01
6.895404317881115297e-01
6.243104475954197596e-01
6.243610629933749046e-01
6.010275612423384706e-01
6.011363197947798831e-01
6.006463765801021149e-01
6.001146380913635614e-01
6.015072887856511841e-01
6.006059364188017780e-01
8.047617853870580040e-01
7.968577936047610555e-01
7.700468800710792427e-01
7.703697067155585998e-01
7.509642914857830309e-01
7.519790511516102338e-01
7.287849832460899790e-01
6.893455271088385627e-01
6.394653886317968050e-01
6.392715089215306179e-01
6.394228751281133549e-01
6.394542417270192569e-01
6.392964921706045800e-01
6.392789097239985896e-01
6.394296743153902174e-01
6.375602796492667590e-01
6.396586317734118676e-01
6.379822368930425647e-01
6.005672719382966207e-01
6.000780713322716453e-01
6.017444113885553891e-01
6.011472208786937665e-01
5.999613362582381093e-01
7.319846124729496584e-01
7.322304877824743485e-01
7.318916995977938766e-01
7.326292455677527737e-01
6.883777847123996319e-01
7.705288949697901568e-01
7.515458394085160476e-01
7.321282622576222865e-01
7.321624649605007473e-01
7.813834030283326459e-01
7.810478474219150202e-01
7.801139482297768657e-01
7.834728387679490424e-01
7.809790177758697549e-01
7.816189502113453091e-01
7.804162012375630564e-01
7.806795011256235650e-01
7.797879775563355542e-01
7.807626328895080903e-01
8.423520028328164155e-01
8.871946423834183859e-01
8.272409022405268209e-01
8.222405175908970021e-01
8.221294208067799758e-01
7.820831706624243873e-01
7.816404457151431284e-01
7.819913274446107510e-01
7.817239163883331621e-01
7.817901792133084005e-01
7.818995216482054200e-01
7.817457122323997476e-01
7.707877243577805348e-01
7.314681442742307915e-01
7.323532515559424416e-01
7.348459376561111700e-01
7.312598322031862441e-01
6.894428825927312321e-01
6.897146742070173753e-01
6.900240920896232311e-01
6.896401361812646291e-01
6.901112503772227624e-01
6.899033560395984033e-01
6.899723594526938619e-01
6.898731961784903000e-01
6.897312200992118392e-01
6.894931153167501714e-01
6.904820134847086122e-01
6.892164883337901227e-01
6.878288360480885322e-01
6.885125282107389388e-01
6.886884941331783416e-01
6.523252182387306863e-01
6.522992150845287052e-01
6.521251749116064866e-01
6.996578372073934959e-01
6.992969547849340328e-01
6.996664133364511873e-01
7.320025283793547555e-01
7.308088005152515443e-01
7.003985233390326304e-01
7.004117480884235469e-01
7.007430787392039395e-01
6.990346422377116120e-01
7.008640480221137725e-01
7.002577640173207607e-01
6.992483556763797736e-01
7.261906165956715231e-01
6.998690997099228372e-01
6.996320128696829066e-01
6.906310176663054134e-01
6.911123674180029708e-01
6.909009511194034170e-01
6.912410595236102573e-01
6.883669797255947964e-01
6.584088079884468092e-01
7.295540677889542636e-01
7.292064514117174712e-01
7.596099885632002779e-01
7.577556466126733614e-01
7.597596118834090140e-01
7.575870854047208613e-01
8.695460027293104854e-01
8.698970298718956551e-01
8.699671293014477058e-01
8.700098964747982055e-01
8.692976461625323559e-01
8.431548712949182844e-01
8.209366067562876568e-01
7.576445166647737262e-01
7.577603247803897935e-01
7.582174022035692573e-01
7.572612985993767420e-01
7.562598143285352847e-01
7.558695490058375821e-01
7.580604078429085124e-01
7.567098640661423792e-01
7.307008316817151794e-01
7.292039466924016278e-01
7.293508846470025953e-01
6.998816501454969696e-01
7.007924402838348055e-01
7.004975805177707793e-01
6.916664095883219288e-01
6.915982988396771614e-01
6.920827015167432261e-01
6.909792810305420696e-01
6.914902143784436017e-01
6.916751408394988809e-01
6.917592963948493434e-01
6.915469254662818255e-01
6.896295672659159548e-01
6.902214137688020834e-01
6.882244641984094358e-01
6.884159663932933881e-01
6.580004377503269053e-01
6.582615397030726623e-01
6.542528027906657773e-01
6.413251128523905775e-01
6.338671952423784450e-01
6.097147199220349645e-01
6.093004321724342365e-01
6.097684108664378488e-01
6.090286882603754837e-01
6.099038171136732522e-01
6.092426780149479137e-01
6.110637769868315639e-01
5.884973889627398425e-01
5.872860682699390100e-01
6.923254182068339091e-01
6.988430525670392690e-01
6.993175971777884081e-01
6.999107877931595167e-01
6.991928576618002822e-01
6.992665755124850557e-01
6.989313056179311534e-01
6.994069970585150564e-01
6.988919163603353191e-01
6.988172392720934933e-01
6.989251168787903312e-01
6.988840767710714497e-01
6.994873493376598805e-01
6.915325091076098829e-01
6.909801593618406512e-01
6.881952539990150441e-01
6.868740113951480319e-01
6.868219632941073849e-01
6.869450725465964247e-01
6.865609810931564416e-01
7.590819595334488135e-01
7.317668391763372249e-01
7.011435298091892587e-01
7.010372610666599780e-01
7.012349339143137961e-01
7.010360930913075439e-01
7.012228349626835611e-01
7.007761346218930321e-01
6.920703135031817110e-01
6.878018308810874837e-01
6.860537463661534607e-01
6.868734525283637371e-01
6.872163105454448528e-01
6.854349836523291328e-01
6.861857782260112337e-01
6.868905880859785817e-01
6.616461683724469411e-01
7.464664412981261155e-01
7.465115125654816497e-01
7.460407397486222836e-01
7.472544596480290569e-01
7.013260623580347408e-01
7.012945544576454360e-01
7.015719436100592565e-01
6.918655074107840086e-01
6.866658349409819895e-01
6.870075726462716581e-01
6.866480117645439307e-01
7.452482092271726088e-01
7.452218478664474066e-01
7.462831599453199072e-01
7.455496218380516238e-01
7.446101309578591065e-01
7.454178194886096342e-01
7.453448984246447973e-01
8.169511031055113337e-01
8.448205445226009136e-01
8.449970967402155031e-01
8.451816681852778457e-01
8.454290531018507915e-01
8.454401238523775453e-01
8.449737280743901957e-01
8.172045540650475504e-01
8.176115055934779496e-01
8.185240332848737754e-01
8.177572804142381191e-01
8.183853529336703181e-01
8.172629588955335755e-01
8.161350700189707874e-01
8.161322531517452017e-01
8.158963425143087589e-01
8.170853362273431397e-01
7.976829984340070290e-01
7.984140789390024029e-01
7.987083731361106498e-01
7.987136599825903627e-01
7.988831828785643019e-01
7.984729244084659561e-01
7.989278909754395919e-01
7.976886765142483515e-01
7.982061330586055492e-01
7.995173672096448358e-01
7.976601758519958896e-01
7.982685039285544182e-01
7.787011970037714947e-01
7.787164606401592026e-01
9.354283416715963861e-01
7.784973655607397847e-01
7.793817579978801202e-01
7.740624984111443840e-01
7.737659217547115942e-01
8.160919346886887915e-01
8.169166360836401797e-01
8.155138391830663025e-01
7.974417367200111739e-01
8.314341617462073231e-01
8.314232976006150633e-01
8.303524151409183984e-01
8.312963773865043038e-01
8.296358449614557040e-01
8.313786679567849447e-01
8.746206241798163417e-01
8.755459590732138642e-01
8.751312266945079354e-01
8.753823193299675731e-01
8.745603332196338897e-01
8.750961339335923128e-01
8.462597486159202376e-01
8.441558548367271708e-01
8.305950726439794707e-01
8.327242222217582368e-01
8.326614113785257842e-01
8.307786955250598959e-01
8.325137709263202845e-01
8.322636545815107478e-01
8.231845905991201917e-01
9.444099193039174889e-01
9.435359239259468733e-01
9.063228237910745388e-01
9.062232557687577295e-01
9.076401959443339829e-01
9.056324001564189929e-01
9.064288316450617167e-01
9.063038284922902976e-01
9.065236744800522217e-01
9.053997555829351729e-01
9.061751938892974589e-01
9.060508415775048174e-01
9.051814487269141951e-01
9.060999151266371232e-01
8.753335769204392269e-01
8.751306141409932460e-01
8.756944020227885872e-01
8.758809961953375467e-01
8.332072874761733416e-01
8.323816355294457736e-01
8.326914682898917119e-01
8.258715153061172431e-01
8.299351146133121526e-01
8.272517238198833223e-01
8.269849100304976774e-01
8.300135424511689841e-01
9.435053089052043429e-01
8.268765394450079409e-01
8.253900241843055152e-01
8.256493364362332832e-01
8.255036971611797725e-01
8.251590955834687824e-01
8.189194471930862917e-01
8.184197497988803249e-01
8.180911765058868079e-01
8.180891309531449496e-01
8.179741459971410222e-01
9.054364347769711108e-01
8.756229758027626042e-01
8.744768659065174088e-01
8.327853361616446293e-01
8.264108875197777593e-01
8.261565935447588993e-01
8.268942218608174022e-01
8.250691908088539916e-01
8.249349736145361600e-01
8.175547503296302088e-01
8.899685440535657355e-01
8.855760313248676185e-01
8.852255817240288760e-01
8.859141526955363055e-01
8.851628612582814748e-01
8.845491661773332570e-01
8.843744791503687086e-01
8.760657233955572165e-01
8.332909738661207211e-01
8.265213822685515410e-01
8.264054884375515719e-01
8.259195467350672892e-01
8.251830392100356626e-01
8.255558674855533186e-01
8.247662132898965215e-01
8.253055952496201053e-01
8.252881184392046876e-01
8.250097874506874263e-01
8.250746380672251412e-01
8.271943662330409897e-01
8.254376855435185956e-01
8.244881179798270177e-01
8.178324405858412582e-01
8.176952576490690294e-01
8.178770414160523305e-01
7.958259760676466010e-01
7.963704444650864245e-01
7.962266294590021332e-01
7.839857015574731580e-01
7.093553171178903494e-01
7.092874571474472312e-01
7.085447811965057685e-01
7.095191803135482145e-01
7.093412998194310592e-01
7.057224409183888714e-01
7.055896606073452926e-01
7.058241935838364123e-01
7.035249316834192301e-01
6.975943362273360204e-01
6.978322683485309597e-01
6.977876946519452339e-01
6.974384461503079224e-01
6.448246984818293281e-01
6.579607633300068592e-01
6.586541019612746073e-01
6.581455947235624881e-01
6.584090200089794953e-01
6.586807579127856860e-01
6.580751877426804786e-01
7.156374002339425111e-01
6.571427941101045667e-01
6.570736896898038415e-01
6.569113606815935036e-01
6.577501839022872332e-01
6.569324151853863647e-01
6.197476823195615658e-01
6.198195428698899390e-01
6.197280712946825476e-01
6.197384924447362220e-01
6.191212588667681649e-01
6.195163891976871451e-01
6.197179494349592810e-01
6.191493546149960947e-01
6.191155552822943386e-01
6.192616788958724694e-01
6.162909408490185870e-01
6.168489128234414531e-01
6.160196550080083711e-01
6.161955180977279900e-01
6.168000367690997798e-01
6.160793089274210210e-01
6.170145917126909074e-01
5.924109963196682038e-01
5.926369214261563156e-01
5.927925203068793447e-01
5.928525924822706239e-01
6.412006892428745441e-01
5.928988388586766689e-01
5.924945780075392410e-01
5.927826571038931069e-01
5.928304360093838987e-01
5.927156136034086309e-01
5.612381155418055823e-01
5.924037616186528243e-01
5.924853396535545436e-01
5.924508730824572522e-01
5.931665735221748337e-01
5.924964602798954427e-01
5.927730897825815859e-01
6.194940830956503497e-01
6.173976240063562271e-01
6.176323543797302973e-01
6.176576302364528148e-01
5.928125523539514719e-01
5.926889247782909376e-01
6.653396463641154668e-01
6.679394299161294235e-01
6.648680232460618678e-01
7.843610969353241869e-01
7.842711183124055907e-01
7.826928260774377311e-01
7.836280681762139988e-01
7.826140464672721730e-01
7.831635103302643230e-01
7.087456431969988424e-01
6.660296242904424346e-01
6.669277368602326561e-01
6.659985654579985148e-01
6.660869127248285615e-01
6.660720380632354498e-01
6.667194229113702075e-01
6.661416106378104107e-01
6.581266974833248629e-01
6.556928954034659807e-01
6.557897550721142332e-01
6.555970115915024099e-01
6.555287403967055004e-01
6.558471716478490032e-01
6.558281740419380501e-01
6.553917181184618634e-01
6.560623641050756794e-01
6.559145562535498852e-01
6.200038408436057136e-01
6.169552361661411188e-01
6.086053345274866633e-01
6.082169598844335834e-01
7.330722859901309674e-01
7.327299893097645178e-01
6.646245254569438377e-01
6.639553936696231951e-01
6.640671657058588861e-01
6.618754185387483169e-01
6.613518665370338168e-01
6.642726428367906610e-01
6.610150204691551679e-01
6.622421475853655926e-01
6.614788569956294717e-01
6.618383538927556931e-01
7.336968518048709864e-01
7.342364664893444859e-01
7.340495377927365173e-01
7.341791049611809949e-01
7.332221875987103843e-01
7.343947969649855523e-01
7.343608472170053414e-01
6.656427583050561481e-01
6.621975036264327041e-01
6.617667134368887538e-01
6.618886751708299432e-01
6.606835605259067101e-01
6.617653033167074650e-01
6.618897527229565814e-01
6.619250825281671746e-01
6.569025747778318713e-01
6.557356463245589406e-01
6.557015108749871812e-01
6.089466869285733441e-01
6.093416588191340466e-01
6.045578667082449620e-01
6.037324240060485403e-01
6.034678731735731994e-01
6.698289084895524548e-01
6.688405137667567946e-01
6.682871626964526079e-01
6.689278377211083093e-01
6.608625064316223652e-01
6.614120265535891052e-01
7.155172433446911340e-01
6.686291499159038310e-01
6.690594841912836932e-01
6.690282065851941296e-01
6.686013762396949556e-01
7.140116970885628245e-01
7.147405566830370427e-01
7.143206043089855850e-01
7.134615711670779792e-01
7.132536868452367118e-01
7.137500928259915556e-01
7.136186063527469869e-01
7.138550059076254062e-01
7.142917915063603518e-01
7.150248716571807606e-01
6.687138017246981869e-01
6.688672813077189971e-01
6.692983809640089543e-01
6.687807899594102601e-01
6.689418312774515485e-01
6.691112360124394920e-01
6.610507481093987892e-01
6.613683756698729432e-01
6.558146372474230601e-01
6.557196340202424700e-01
7.029094159369142503e-01
7.131690841227626976e-01
7.139920034839091212e-01
7.136625621581559331e-01
7.138224597331411792e-01
7.134947436552625533e-01
7.149696617500801432e-01
7.032882516582250609e-01
7.035036038690560822e-01
7.032801521496029329e-01
7.036939385344099795e-01
7.032937060832024079e-01
7.045719459895023462e-01
7.033796068574275084e-01
7.033281626721618052e-01
7.034717763244102695e-01
7.027837685038460513e-01
6.688575335847822823e-01
6.687257383284440637e-01
6.606217166903245452e-01
6.554442292240922896e-01
6.556064520094548875e-01
6.583855644064584567e-01
6.584192408948206232e-01
6.582905885347530850e-01
6.584694757748431604e-01
6.580189780560909973e-01
7.145355068097429818e-01
7.363625783638715339e-01
7.033390248408979417e-01
7.032044923662550406e-01
7.034277282380827501e-01
7.040799389491589899e-01
7.030218667390247811e-01
6.784432091732943704e-01
6.585645652226710389e-01
6.579875211505120669e-01
6.583830359662372622e-01
6.579930838642693569e-01
6.581899884364619258e-01
6.580482179005775478e-01
6.583054287419107808e-01
6.591678749924492209e-01
6.561617366453825761e-01
6.503524467470664927e-01
6.494042462636318014e-01
6.018642152411173285e-01
5.923497394394577897e-01
5.782606397838379042e-01
5.780752530338557627e-01
5.783790998435535125e-01
5.768199382864328539e-01
5.768225586437679686e-01
5.772521035940729739e-01
5.784859330595043536e-01
5.781213164419445327e-01
5.781741923899645919e-01
6.849533737716302362e-01
6.608541391704647605e-01
6.579740477466727855e-01
6.580585362603097455e-01
6.581247896212776283e-01
6.513309570773329060e-01
6.008972790265392216e-01
5.787075508342698349e-01
5.788152955399408217e-01
6.851624090588612770e-01
6.851169634545198894e-01
6.850218464992314793e-01
6.852514951426378342e-01
6.854040358902151464e-01
6.851247470290106056e-01
6.850080418573095686e-01
6.849423173272409793e-01
6.578102702855881390e-01
6.581985801011422943e-01
6.499375833807552461e-01
7.057954507945103373e-01
7.059252922193698376e-01
7.056434426868057885e-01
7.059668355013959395e-01
7.059950221777312462e-01
6.856170143272475315e-01
6.855952297808548535e-01
6.861603935021005629e-01
6.853587123990728669e-01
6.853801989172768616e-01
6.740408523981717970e-01
6.592520007398193771e-01
6.210753218906850393e-01
6.207966072662854939e-01
6.979010081356782358e-01
6.987947815345639802e-01
6.984166996307877850e-01
6.984911933974548015e-01
6.998917158888791068e-01
6.986241168672727708e-01
6.983168790429077344e-01
6.861084509482109350e-01
6.861842118067595919e-01
6.861925299244349130e-01
6.838342808432813502e-01
6.835300629124360094e-01
6.841333354533722932e-01
6.842429679990765790e-01
6.841732655968643106e-01
6.847526178139640152e-01
6.844801446083622620e-01
6.847413685836133412e-01
6.843153490496270974e-01
6.844734422927665207e-01
6.844204895442973502e-01
6.208807047810405155e-01
6.208603969381407683e-01
6.208236187181709331e-01
6.099175424378835420e-01
6.097229101504380022e-01
6.094842714741611767e-01
5.803369271233952409e-01
6.531944250129200213e-01
6.533704822430788095e-01
6.981276928718436192e-01
6.861663253313783351e-01
6.837362536307362015e-01
6.834620840395256858e-01
7.429991370547924801e-01
