3.284850082415240458e-01
3.265499988920695928e-01
3.424645237489508109e-01
3.149031847574603749e-01
3.203652040903848253e-01
3.259721990991588658e-01
3.232756297345563690e-01
3.189825188260713151e-01
3.849257163498958079e-01
4.045402157931772824e-01
3.730942096828141485e-01
3.324600737049622223e-01
3.136789812304030534e-01
3.252079708371210520e-01
3.320224855423843380e-01
3.080369188055480656e-01
3.155806380097785357e-01
3.006581437102492926e-01
3.179362481421990072e-01
2.938985574877390206e-01
3.121180062602436633e-01
3.095720259092130666e-01
3.058805385517147646e-01
2.949923042606676926e-01
2.944713686715980661e-01
2.997340255618831106e-01
3.023595323797094725e-01
2.970949183408853056e-01
2.834845730439399247e-01
2.833914389280032253e-01
2.852068213524290852e-01
2.696085278055750378e-01
2.844194399185863698e-01
3.243370334939998378e-01
2.894269691168593894e-01
3.375024725683838378e-01
3.539768425412321284e-01
3.864736996665106838e-01
3.421934271351030898e-01
7.493628735914092953e-01
3.138034577401458969e-01
3.325491725033950519e-01
3.323270981672848401e-01
3.346771023784477772e-01
3.330048252921690710e-01
3.294794453985420701e-01
3.368682180103027002e-01
3.672031251325575951e-01
3.566960494022664019e-01
3.480864459462651439e-01
3.431762344353387895e-01
3.501575281209493018e-01
3.566043440625890626e-01
3.637413267659125315e-01
3.604323654762407458e-01
3.549163210366140242e-01
3.644198511469607382e-01
3.587482468329344920e-01
3.521075410564286634e-01
3.531824687844226651e-01
3.471433194186022142e-01
3.422665889833044761e-01
3.470803520334685977e-01
3.481296907110792982e-01
3.388472414442484371e-01
3.374796732598443483e-01
3.427408002486085903e-01
3.882842932617046605e-01
4.169226304741462386e-01
4.286461718139585875e-01
4.362537248552305624e-01
4.187447402585331990e-01
1.244949081557069182e+00
6.309860098126195416e-01
4.082756175818705868e-01
4.235914975141674699e-01
4.224270715395632703e-01
3.988870154761635090e-01
3.728932474681354026e-01
3.885230345749071112e-01
4.061835396098496531e-01
5.389730026027693688e-01
5.525038248953264564e-01
5.379205839216896212e-01
5.133801350613459435e-01
5.271324983589906754e-01
5.276560233728389004e-01
5.038873520602553668e-01
5.063464759601363774e-01
4.963841151057079015e-01
4.976362147154451687e-01
4.915396465485541988e-01
4.897418566330100087e-01
4.967258525801784841e-01
4.823717706489251134e-01
4.957988049592575996e-01
4.670798298619914801e-01
4.843385021321727213e-01
4.709203389584545318e-01
4.626309532552602133e-01
4.467493714680934036e-01
4.391787530897485747e-01
4.448352748796726708e-01
4.183899983699245206e-01
4.246078065144504032e-01
4.155045715202121404e-01
4.179769285825742364e-01
4.135229554395558060e-01
4.096462223087990462e-01
4.140042853931276134e-01
4.464559234612537342e-01
4.391754307672880442e-01
4.438764759818274452e-01
4.363616225318440733e-01
4.397722705845502622e-01
4.203931937924547113e-01
4.223292725864283836e-01
4.540106318301142529e-01
4.297197838429890893e-01
4.231112593550859780e-01
4.202067984417649504e-01
4.214710486512040499e-01
4.212134567097756133e-01
4.134154079963147099e-01
4.094746457345746493e-01
3.974552350776881515e-01
3.863345838679804189e-01
3.734253230290208170e-01
3.794364858982934297e-01
4.342650649913168959e-01
4.522352999928406225e-01
4.376263190274093384e-01
4.106179975037451135e-01
4.101562236373774151e-01
3.968496469285713868e-01
3.879682955507624542e-01
3.837251720903006036e-01
3.844664628604753664e-01
3.781563102165266255e-01
3.754260738255327245e-01
3.742702324352369936e-01
3.658104419118666240e-01
3.707082785822298776e-01
3.627750710666908240e-01
3.650995054666674733e-01
3.701382570121475868e-01
3.731756574720506703e-01
4.023709304458635838e-01
4.321073673113940972e-01
4.178119384857072460e-01
4.113386525877842925e-01
4.099654150431006894e-01
6.174019810377489037e-01
5.036713885989289041e-01
5.710177071860546016e-01
6.681065019551593043e-01
5.518514234138802710e-01
5.051945144325425963e-01
4.167367089041604800e-01
4.116756200642149310e-01
4.164639511322044685e-01
4.219915289746111187e-01
4.206356290203513426e-01
4.189656382033777882e-01
4.138852107476123088e-01
4.138076694408866496e-01
4.091942242303640564e-01
4.023067696185470554e-01
4.138499539161661356e-01
4.100846759154366805e-01
4.007247087930231322e-01
4.046174029099650071e-01
4.046676819889915011e-01
4.033221760429059333e-01
4.240768164162910248e-01
3.863077567612507868e-01
3.731632750224642692e-01
3.654218400262680411e-01
3.675959795827031251e-01
3.658747536264981282e-01
3.658544809944127563e-01
3.624120426458311561e-01
3.634198541299784035e-01
4.045048133236435195e-01
4.063644005308387763e-01
3.985420723281987154e-01
3.947363744668289653e-01
3.951254382006210708e-01
4.039852531069541564e-01
3.939225299456989293e-01
3.845127298367128632e-01
3.799706150460538945e-01
3.776369499649032679e-01
3.696964519522338288e-01
3.996483395901630487e-01
4.131991487692477927e-01
4.051255716972642640e-01
3.805954267572276839e-01
3.891908394933625281e-01
3.911500091544768409e-01
3.779303940159249864e-01
3.782219300602779333e-01
3.614904932261253090e-01
3.365995667285294202e-01
3.319359268285673736e-01
3.174011836107918372e-01
3.186962263087942393e-01
3.148007167853500987e-01
3.068690900741968264e-01
3.078531753185172470e-01
3.050755414708632429e-01
3.026897604337012715e-01
3.126537421456634380e-01
3.157382004258778019e-01
3.139685103854593096e-01
3.133929045959050197e-01
3.182025662451928860e-01
3.140633566157868817e-01
3.274877289597624141e-01
3.200610647226175276e-01
3.149136344619781758e-01
3.119472194918722074e-01
3.097700913487400065e-01
3.047343980883867043e-01
3.044837500094936811e-01
3.041116611843844852e-01
3.007624377188783948e-01
2.981082957510672315e-01
2.908679958158196799e-01
2.866361089749944746e-01
2.837029940474427581e-01
2.849085082232081234e-01
2.862205500697376781e-01
2.821525600218322549e-01
2.776653489817974552e-01
2.783991568977873254e-01
3.411989877225293788e-01
3.598565330820761021e-01
6.649233625058736941e-01
6.369294864368919562e-01
6.547288568158902144e-01
6.636101550024334772e-01
6.960726045837161147e-01
6.943531338811472775e-01
6.773373085787675052e-01
6.812885284384333495e-01
6.643066138023911993e-01
6.451299559321014288e-01
6.505229881475959042e-01
6.484723577667408367e-01
6.517936321052431037e-01
6.468479278870127303e-01
6.406020473340708898e-01
6.471441873752988849e-01
6.594711952244547426e-01
6.611543726714165237e-01
6.594114450461404653e-01
6.582310881939462677e-01
6.475453267823089165e-01
6.669927604611655125e-01
6.615128841598612031e-01
6.605340695570648402e-01
6.622314278675870414e-01
6.557103886541031379e-01
6.330680125173476780e-01
6.053710648383053838e-01
6.147190764446669453e-01
6.130191232774450105e-01
6.180820236675497181e-01
6.077421683911844452e-01
6.129730840281031323e-01
6.050463941458662509e-01
6.212998000335048232e-01
6.086132582542087555e-01
4.782609191742877575e-01
4.666903682817157284e-01
4.582391071181413644e-01
4.544935063323294333e-01
6.160246929793372628e-01
5.777851192450536022e-01
5.860491038904390715e-01
5.672709115978721295e-01
5.736346528753863971e-01
5.471939832342975762e-01
5.398822090073523983e-01
5.396093500030347823e-01
5.405871980184105974e-01
5.271958438955359760e-01
4.933675072476315093e-01
4.704142448730727621e-01
4.746192143004768216e-01
4.732708383534165453e-01
4.631133375270781727e-01
4.704841556818338821e-01
4.701880910365501265e-01
4.744832017218112985e-01
4.739176452869929834e-01
4.703363623517145542e-01
4.674057024397841875e-01
4.347252353414766679e-01
4.338572460894638549e-01
4.351655934351203459e-01
4.056831220457331466e-01
3.896019073513835029e-01
3.898800459021055098e-01
4.013322865641945070e-01
3.949845073539666740e-01
3.921735528934443549e-01
3.929863943741292998e-01
3.706316315090921742e-01
3.734609950423690705e-01
3.600976707275060917e-01
3.597056478921237255e-01
3.578931064263991546e-01
3.542803664587338974e-01
3.612936467870314639e-01
3.572065018653405866e-01
3.090561755343237960e-01
3.064982836846259495e-01
2.961025351044453413e-01
3.115324979407414485e-01
3.168261993618495254e-01
3.123714929337548796e-01
3.129960088302508048e-01
3.179652500388979175e-01
4.340143162314249459e-01
4.497618023519731612e-01
4.256001338385517752e-01
4.205936163807339478e-01
4.204601679530610148e-01
4.210535577454651013e-01
4.167360931022641157e-01
4.178802454321421389e-01
4.238844468824189970e-01
4.280218214631550389e-01
4.335958864576148208e-01
4.311316548490823908e-01
4.325428153198898062e-01
4.236231145251234120e-01
5.163711884016799480e-01
5.179531380630471027e-01
5.243146683700014021e-01
5.201373859207540917e-01
4.787211289562356420e-01
4.704490600416311175e-01
4.521147723843859101e-01
4.485548946713288077e-01
4.505229661777659933e-01
4.479396844326313243e-01
4.454533695002480531e-01
4.455905194588765661e-01
4.495856577538320797e-01
4.107544634315545284e-01
4.020312806812765816e-01
4.015951693079412577e-01
3.996132629048807505e-01
4.107865552410249754e-01
4.116196973476696774e-01
4.080525059644355967e-01
3.950327846664951625e-01
3.884659724920053736e-01
3.872363556859029221e-01
3.988658323306322195e-01
4.049795147218838154e-01
3.924887397099476871e-01
3.969553897051289471e-01
3.893325883749030880e-01
3.896237160049802473e-01
3.809751384205523062e-01
3.758164016340219682e-01
3.719477772869038135e-01
3.709677290900763591e-01
3.671105872111248836e-01
3.660162887175639201e-01
3.672499859128406929e-01
3.705169855535302426e-01
3.662623379805205470e-01
3.648924995201918708e-01
3.719316513035719751e-01
3.655005225321549811e-01
3.714317785602977429e-01
3.678833016261171540e-01
3.705431482468620752e-01
3.676762766993681986e-01
3.716907577370606175e-01
3.669460831564805292e-01
4.986886488343425516e-01
4.196160817686435118e-01
4.079573605324734453e-01
3.804617580752180372e-01
3.580226190302896461e-01
3.511940755845690543e-01
3.608851521518087191e-01
3.523744508123226593e-01
3.537747356120549691e-01
3.459886457679518523e-01
3.465998541489540563e-01
3.464228354837046719e-01
3.596679906355235157e-01
3.573886589394849045e-01
3.515225073828480706e-01
3.506261817204824327e-01
3.972946383277150550e-01
4.067072968671063826e-01
5.450137088078125247e-01
5.300167627475647070e-01
5.195830181406098092e-01
5.676408573120278467e-01
6.012841469530175731e-01
6.090511470118831205e-01
6.185501589300369529e-01
6.086703822232875094e-01
6.036005936235282476e-01
5.975196526323409696e-01
6.194381861636941711e-01
6.160501688589323788e-01
5.779087800155077170e-01
5.729188397466240534e-01
5.738118490940580241e-01
5.729293282033216528e-01
5.808851422032966783e-01
5.726269267296554277e-01
5.713773504452306362e-01
5.717364411051000239e-01
5.794948101581837152e-01
5.246528212716810025e-01
5.287339239298625149e-01
5.255303915308700002e-01
5.250306127400040657e-01
5.362870667694517035e-01
5.234338747355771204e-01
5.266949992522713675e-01
4.930368902806691045e-01
5.011323475946637407e-01
5.103249920983156107e-01
5.115168887854644186e-01
5.153291190199539296e-01
5.121945087020665088e-01
4.991899810041649510e-01
8.438948859192747509e-01
5.042269339134092254e-01
5.046908863088003239e-01
5.055454670934196315e-01
4.557032870103902567e-01
4.516784219623964924e-01
4.511357261056665457e-01
4.611657901617786104e-01
4.500004589559188917e-01
4.459739870611348911e-01
4.535759034365598463e-01
4.387713598146907867e-01
4.631657501347963835e-01
4.475038934754710374e-01
4.387601080235922213e-01
4.342057467606014187e-01
4.432648593934250258e-01
4.393274961562025904e-01
4.386999035443843731e-01
4.218660127710473495e-01
4.137460509350039395e-01
3.912425303540227883e-01
3.864587793070330957e-01
3.634895822317422143e-01
3.577266815071220574e-01
3.581970284383724223e-01
3.566754008762363926e-01
3.578576027832841566e-01
3.531082390107690427e-01
3.534470518954781482e-01
3.483460423641770443e-01
3.410999533729968669e-01
3.494305669306174700e-01
3.509350143552721901e-01
3.504909095584959333e-01
3.301892687190400300e-01
3.277338664238960697e-01
3.309387658115770514e-01
3.058101973399164897e-01
3.012153013154760806e-01
3.423873860024009841e-01
3.396919156968595255e-01
3.374823080572771361e-01
3.451395297849223498e-01
3.497460614957828562e-01
3.524629910208256778e-01
3.472104297530724804e-01
3.781115637324465872e-01
4.419130845120798901e-01
5.345665749292827229e-01
5.140786873003009294e-01
5.088084896383393563e-01
5.027373732715874066e-01
5.106403485337780435e-01
5.736758588056104502e-01
5.718282056594841123e-01
5.816751624119869124e-01
5.766051198873892725e-01
5.781739200764994813e-01
5.739840349005225217e-01
5.833641463802433647e-01
5.770263107463907692e-01
5.738255936506038157e-01
5.885314692215173338e-01
5.779230049568691019e-01
5.737361167120670347e-01
5.753901902235112331e-01
5.696277948063305230e-01
5.723791145879801867e-01
5.399655959201516975e-01
5.061874633871620288e-01
5.068112399329534057e-01
5.066781974764151819e-01
5.148041265200763439e-01
5.149205561913762219e-01
5.143067213798742099e-01
5.063322921863663284e-01
4.689088265081243767e-01
4.676486436736697616e-01
4.650244229884885061e-01
4.648293942964879522e-01
4.666763118202897909e-01
4.644798974508319023e-01
4.620714515315207382e-01
4.629073461764384168e-01
4.670834768133967918e-01
4.603150815084894876e-01
4.527394247370498115e-01
4.413536834399653941e-01
4.379596008434774035e-01
4.336078758476691331e-01
4.387182769283501926e-01
4.015669010065843758e-01
3.943748091522886745e-01
3.947688795389590610e-01
3.921537208984909317e-01
3.913422769393025691e-01
3.956900443452416316e-01
3.986825368359071531e-01
3.969800968424958554e-01
3.742473829933893326e-01
3.737301288441373659e-01
3.522214715246535510e-01
3.453627353811353218e-01
3.369657109495484693e-01
3.344027279224438542e-01
3.307096943229386188e-01
3.193871405221686000e-01
3.175585015228690189e-01
3.165690956848107862e-01
3.173802276700763980e-01
3.170557457725367567e-01
3.186557309572026764e-01
3.169107001262175816e-01
3.190571865612252256e-01
3.134676643835535570e-01
3.005329287598500487e-01
2.872843323053659303e-01
2.836475299068781375e-01
2.826110423889274803e-01
3.016315257752631429e-01
2.981622097093556967e-01
2.987491444527267670e-01
2.982438439731366908e-01
2.966759280026244894e-01
2.940858337038757542e-01
2.914440782026604948e-01
3.351628317355278552e-01
3.347070528404887946e-01
3.051274301726394356e-01
3.377262801198537279e-01
3.458669213235662787e-01
4.625119045677620333e-01
5.597082048083857897e-01
5.897336310510282731e-01
5.884832709596730105e-01
5.693903863644282914e-01
5.933417033890315828e-01
5.399892488066745377e-01
5.447231915607693153e-01
5.629346276028406315e-01
5.317431764328043320e-01
5.215932927732436220e-01
5.207248365474312912e-01
5.195700621842205269e-01
1.155853864559156285e+00
7.382080059250274440e-01
5.726317011192931794e-01
5.436980607861242598e-01
5.504888405994350364e-01
5.194047994946759950e-01
5.042345461394563966e-01
5.008802489181506390e-01
5.021538852939458897e-01
5.005921293844215469e-01
5.004143253390664903e-01
4.996882764486990647e-01
5.040704785635691243e-01
5.025103274769838757e-01
4.657427711845415486e-01
4.635285582326640896e-01
4.651526667567990603e-01
4.661996475854408573e-01
4.528608080694705995e-01
3.633799829150500260e-01
3.614368150137842739e-01
3.629920209026820110e-01
3.634742915406352637e-01
3.421283307665370921e-01
3.485314689260949339e-01
3.586460370481804327e-01
3.593755180206792965e-01
3.579702332068261939e-01
3.537880656344927766e-01
3.481448141433803878e-01
3.532193797007365244e-01
3.512330755845482488e-01
3.471549360606467349e-01
3.479766032309908330e-01
3.401569868472652525e-01
3.352463565275612956e-01
3.341788096064053359e-01
3.323728357606131056e-01
3.288736205855302686e-01
3.265001257573804105e-01
3.198070014211057410e-01
3.190776810536996022e-01
3.251165172988050855e-01
3.379241369489600633e-01
3.243883921658157199e-01
3.154087148737630408e-01
3.109378126701424772e-01
3.105553008214119171e-01
3.099263744326475889e-01
2.896254418560706978e-01
2.881762893989271990e-01
2.862076622440402618e-01
2.829274963642152141e-01
2.843531110150363528e-01
3.105394885632644653e-01
2.941601178610770417e-01
2.947971657454481753e-01
2.792839299152900523e-01
2.671522146167691902e-01
2.599990385155051542e-01
2.563807673505079654e-01
2.561538279550923947e-01
2.572570897293354752e-01
2.570898070432315885e-01
2.548909951501512339e-01
2.431515435219788190e-01
2.382311102274344283e-01
2.363455799987111972e-01
2.360187207917996410e-01
2.344410834301868807e-01
2.344755429704103999e-01
2.904600191839681322e-01
2.937687619000034500e-01
3.779691625011227241e-01
5.522862014494278604e-01
5.944310877853973274e-01
6.844987719413812011e-01
7.753001101299575870e-01
8.676148926879463374e-01
8.803815805016594886e-01
8.610867987973308546e-01
8.792619584931019583e-01
8.801983764055618664e-01
8.745314530499923578e-01
7.840526632152433617e-01
7.899443349728604291e-01
7.871426457898074158e-01
7.689180754659559192e-01
7.923581606146703482e-01
7.869552534503526653e-01
7.827905892824403855e-01
7.792339283088981494e-01
7.797493483363098221e-01
6.884603869196826986e-01
6.838931596386580436e-01
6.856531955142833867e-01
7.189276339668363436e-01
7.732601293558393207e-01
6.867431100918777176e-01
6.829324051789763539e-01
5.962640395088640854e-01
5.997127567328175424e-01
9.452789747243696139e-01
7.247181691476063392e-01
7.533727567247812118e-01
6.132256372904716368e-01
5.533432841462679885e-01
5.519768630010456478e-01
5.664168888234075716e-01
5.586274550804262162e-01
5.494450850862180324e-01
5.202080017147396873e-01
4.892577528317968438e-01
4.684022171543879010e-01
4.560896102400207042e-01
4.570471610374923777e-01
4.407945824502340626e-01
4.087804515907992320e-01
4.121795374646212151e-01
4.109182570077715702e-01
4.006995290731146797e-01
3.983035056834290932e-01
4.920868450120727822e-01
4.876665535256054507e-01
4.818160121767772197e-01
4.753649924458469012e-01
4.956169924388955095e-01
4.901288424988934356e-01
4.785619916644058280e-01
4.682302110171341347e-01
4.658811186420079853e-01
4.596192201306322778e-01
5.269207959350528103e-01
5.083608108442514428e-01
4.779668498044084002e-01
4.937328178007560631e-01
4.824526434717720802e-01
4.836584279323791202e-01
4.538778096726614475e-01
3.613604405105595441e-01
3.614333227609599630e-01
3.488593191473227662e-01
3.444682240324383193e-01
3.439129569028309685e-01
3.466964735306888867e-01
3.459949010386871304e-01
3.384454672216886673e-01
3.215821670388055442e-01
3.205761166604390588e-01
3.218146964409847044e-01
3.279249609612198135e-01
3.188949805769076828e-01
3.166312465924406294e-01
3.198600053727584935e-01
3.184229694808483058e-01
3.206287047156745063e-01
3.219342075797968494e-01
3.262087858860779344e-01
3.113036107154354970e-01
3.195470490587475898e-01
2.924787769792354108e-01
2.978072169821167625e-01
3.035856588167481496e-01
3.020529869001998824e-01
3.032945896169837452e-01
3.033725544336424162e-01
3.033435963362703935e-01
3.034511222469683522e-01
3.060596687125940463e-01
3.038849644462301436e-01
3.037688617534285429e-01
3.030969681171895025e-01
3.019874753488331898e-01
2.948306513704966325e-01
2.952506699386240885e-01
2.947028551166387400e-01
2.938345629659052660e-01
2.942103717826593523e-01
2.946656388337217658e-01
2.936446621986983363e-01
2.948650827570001853e-01
2.839920585597613956e-01
2.836400123282128982e-01
2.816962292004707713e-01
2.824079550565543606e-01
2.827437475957852442e-01
2.918977843679705364e-01
2.891134673298992874e-01
2.789213188740565785e-01
2.656925265095601008e-01
2.789364496375769109e-01
2.699359467430468840e-01
2.680893549505696249e-01
2.690922707923298351e-01
2.743717300012348259e-01
2.988713872811319394e-01
3.273816418098366432e-01
3.924794672861541267e-01
5.031817494001641355e-01
5.486380901993059833e-01
5.374359423276894310e-01
5.317113920987288633e-01
5.278134694604609267e-01
5.255807346903693666e-01
5.489828963871840051e-01
6.222139039748485478e-01
6.185940635794285880e-01
6.378677829846564062e-01
7.103220851473783792e-01
6.624580875229674204e-01
6.506712127248781563e-01
6.453170951271111067e-01
6.623501331052541463e-01
6.536919346258969199e-01
6.374315999801880572e-01
6.256322909977799496e-01
6.312537405433614746e-01
6.239320945568815890e-01
6.275371761668954163e-01
6.232931798135467050e-01
6.147362103594102845e-01
6.142879173861242048e-01
6.235307552514286478e-01
6.143509281905584762e-01
6.229743735026797014e-01
6.001618797073490219e-01
6.001934224042805299e-01
6.081236001011792736e-01
6.031316228724721284e-01
5.980855597460821294e-01
5.933718643351004740e-01
5.935558999192235285e-01
5.920006902218595268e-01
5.996469243832204254e-01
5.872583822520923702e-01
5.825160975930421259e-01
5.804960216394546846e-01
5.779926996405209128e-01
5.814727315465876289e-01
5.471829439742790235e-01
5.620253833694724976e-01
5.645010199172708631e-01
5.573284414757014860e-01
5.435206613688305932e-01
5.309398956788439206e-01
5.264190787364805280e-01
5.240118294615611072e-01
5.073374682094093924e-01
5.031260412307215768e-01
5.051581128298336942e-01
4.890861745276200434e-01
4.901083190302323311e-01
4.760993746239797764e-01
4.567715701537076178e-01
4.602803749423339807e-01
4.349294705539016315e-01
4.329918000698361746e-01
4.268749886518396486e-01
4.285380746189407231e-01
4.300212406738591064e-01
4.241046079558336568e-01
4.187754286031424300e-01
4.215551878912748296e-01
4.385624068429437306e-01
4.073525395710826391e-01
4.136816492164296921e-01
4.153849530985848082e-01
4.168470743868490924e-01
4.144868288543264168e-01
4.158154015324193598e-01
4.136315386984991682e-01
3.784341565483119729e-01
3.792542554892393003e-01
3.785146514044123167e-01
3.739709594242011104e-01
3.796680594189222324e-01
3.707783367581055090e-01
3.714527542660365222e-01
3.689772098389669241e-01
3.721346938997607268e-01
3.432764969534017885e-01
3.362608291398546667e-01
3.431642911695098608e-01
3.814375180865792192e-01
3.652703546736846274e-01
3.863507854351556081e-01
3.950583638347495707e-01
4.360677747555369299e-01
4.983071801686997371e-01
4.853931622856503258e-01
4.865933189493921729e-01
4.851659810852180232e-01
4.865965742167374652e-01
4.849336756541157145e-01
4.803779490122827567e-01
4.778494969712737128e-01
4.800188794850643870e-01
4.659019822634546948e-01
4.281022309397602976e-01
4.226439684378837103e-01
4.219345300119703990e-01
4.238579038962145829e-01
4.255853633105151634e-01
4.278664690574507934e-01
4.270862547595523639e-01
4.240666037799480370e-01
4.149656006641256334e-01
3.695996186193787336e-01
3.672525766050576124e-01
3.671296115282899342e-01
3.697682077852590954e-01
3.705972791289229851e-01
3.711128295595408910e-01
3.458128761534163820e-01
3.346043101767123273e-01
3.099581419773874136e-01
3.106317991331725148e-01
3.112063763531702221e-01
3.145020351321727303e-01
3.019175484457304326e-01
2.900572392310061254e-01
2.762878109628705281e-01
2.731190727658588391e-01
3.399891672605286352e-01
3.598462057247316936e-01
3.856582479555004661e-01
4.236472063881724370e-01
4.372785584773956069e-01
4.584264422660348504e-01
6.100432236936134123e-01
4.510483713319414778e-01
4.525897786291986358e-01
4.525701897408379581e-01
4.560357744731145524e-01
4.582638162978696084e-01
4.589409162826413313e-01
4.572789132682378854e-01
4.576768427504905867e-01
4.576249843815101137e-01
4.582254901642357492e-01
4.597292094169895260e-01
4.596372147198171110e-01
4.702054847366960999e-01
4.969482700525819086e-01
1.375119070180069070e+00
9.119273178888949172e-01
6.771543452841976674e+00
5.351204271022573788e-01
6.438714235870177660e-01
6.389364900951219894e-01
6.411109384633231212e-01
6.444593839417478431e-01
6.449418049332038549e-01
6.469140560323926037e-01
5.876605317837997333e-01
5.901365114700891645e-01
5.860043091169000462e-01
5.879490302921257516e-01
5.903816930853430511e-01
5.557155253246051085e-01
5.622143537104858924e-01
5.515682388883542675e-01
5.361297878015743867e-01
5.759145261304620123e-01
5.670507160722776385e-01
5.935061444887073101e-01
6.326912960545936215e-01
6.264181812210506406e-01
6.160221389796973757e-01
5.920295655181082584e-01
5.990924161181037100e-01
5.999535058128894205e-01
5.925054674435091817e-01
6.013844077356582662e-01
5.883401797506706554e-01
6.089580450217264573e-01
6.186865175651941051e-01
6.155232854873751158e-01
6.860808679011731748e-01
6.744175813058079783e-01
6.890839874012703037e-01
6.917291669329139747e-01
6.498620007026103540e-01
6.627593541889992279e-01
6.287196920910405051e-01
6.310941526192742623e-01
6.369250973131981297e-01
6.304065518593828799e-01
6.388610783297875573e-01
5.984397852433461784e-01
6.042985497416222263e-01
5.921729059684559537e-01
5.821984413151272131e-01
5.915799106326626866e-01
5.845766145903974476e-01
5.882385163606668188e-01
5.704100202706290368e-01
5.669404398751203278e-01
5.652199488082595424e-01
5.652202634829985861e-01
5.665308869341443287e-01
5.558891746784880850e-01
5.589768211678833865e-01
5.568361163052734097e-01
5.522165390147268926e-01
5.168298082619106060e-01
5.041242826327758664e-01
5.000622983056702830e-01
4.890779777170384257e-01
4.795300588393962560e-01
4.683836816185447116e-01
4.555390640552250403e-01
4.935166818426920399e-01
5.268615890258097068e-01
5.733371353074743215e-01
5.488617576059884318e-01
5.433811784234429121e-01
5.349976942413983139e-01
5.283583621792448115e-01
5.253794448640216608e-01
5.397442056577587133e-01
5.324638267749034481e-01
5.143605763786038843e-01
5.299237493214976613e-01
5.198333525474274630e-01
5.244348316245670549e-01
5.153770977366176620e-01
5.155275604407815182e-01
5.153913951492212764e-01
5.070673586078966455e-01
4.847381670873335824e-01
4.791997275655695554e-01
4.787056255425427564e-01
4.805817683542610852e-01
4.811968621217310171e-01
4.816510092834302981e-01
4.816421545380027425e-01
4.796031425753611299e-01
4.465628090831547103e-01
4.454015906092096966e-01
4.446637881497857436e-01
4.338707381502329152e-01
4.362260512966285031e-01
4.364221464843643372e-01
4.316202435624976741e-01
4.232305583456589249e-01
4.248453805594337718e-01
4.208678108137089424e-01
4.177375633650936559e-01
4.087152651944928605e-01
4.104496957422000825e-01
4.680236441708325312e-01
4.680918195236193902e-01
4.936079160383423092e-01
4.775896790789877500e-01
4.864552766377416848e-01
5.065754030516360640e-01
4.893638202046743380e-01
4.849272357923917198e-01
4.821775783115844760e-01
4.811186539062887180e-01
4.812006415413269678e-01
4.811113399764651577e-01
4.903785177539233264e-01
4.799004693802263466e-01
4.820831974917813012e-01
4.814970106626955682e-01
4.802098795623668259e-01
4.733060630068326446e-01
4.723498708073815555e-01
4.655190806101605627e-01
4.624715409246840103e-01
4.644378855727423483e-01
4.633699250478496845e-01
4.618079623529900979e-01
4.657533866607594941e-01
4.673975381425656828e-01
4.546832040750454773e-01
4.481927296045239428e-01
4.570616100228666601e-01
4.581878036095714535e-01
4.606465118448299645e-01
4.560650992748913612e-01
4.352541807277420793e-01
4.326381771978725088e-01
4.302779394464074647e-01
4.289803613423452955e-01
4.274424427554563422e-01
4.119204260343944934e-01
4.150835817957824192e-01
4.136182047039290710e-01
4.050606146075995673e-01
3.617110654477818654e-01
3.947502513659035817e-01
3.920676952905233215e-01
4.368637680848250215e-01
4.428245606046924410e-01
4.717944900252455387e-01
4.752922673374243012e-01
4.792780170428844189e-01
4.809870948360407406e-01
4.805038633916757229e-01
4.811660362277209169e-01
4.843714559615061033e-01
5.145205344360785915e-01
4.884625355019506232e-01
4.908276097057537868e-01
6.207800058337074045e-01
5.173474524892160975e-01
6.168481978255901943e-01
7.802609492523985280e-01
5.702131622430514080e-01
7.679059762800065636e-01
6.153665391261575746e-01
5.328346250060672640e-01
5.379767760077339700e-01
4.487745757112222567e-01
5.033486333296590676e-01
5.112752198027841199e-01
5.584020856104781050e-01
6.763787268903012073e-01
7.181274141246614118e-01
7.285761036383811007e-01
7.469445957662315116e-01
8.973566003896872312e-01
7.774399343166243925e-01
7.343044804605384224e-01
7.022659679956653189e-01
6.662327055675770771e-01
6.638271375480170322e-01
6.660802062470734253e-01
6.715755990921188356e-01
6.756385179084269943e-01
6.836247652816955789e-01
6.944599946592748818e-01
6.910396280633978039e-01
7.102164550978655733e-01
7.151593828242860384e-01
7.199411250658350747e-01
7.276209396169498467e-01
7.301562761452548012e-01
7.294102028395820225e-01
7.287591285328295365e-01
7.270556048808051175e-01
7.242998617271222406e-01
7.168382849351198072e-01
1.504000900685171116e+00
5.753855679110464472e+00
1.096173421955839444e+00
8.881228794571836005e-01
7.369971396687066134e-01
7.223573778678191726e-01
7.140100718864653695e-01
6.999637385998715988e-01
6.904291625548212297e-01
6.801093504052183603e-01
6.626632135071892638e-01
6.658273154522940107e-01
6.587188301481451402e-01
6.587655303308264099e-01
6.303167832559428696e-01
6.326066679799562387e-01
6.198221510078056884e-01
5.908706771677955105e-01
5.893061901677367764e-01
7.583674801532370724e-01
7.517152284395217654e-01
7.347039042585415958e-01
7.321065262325066048e-01
7.264385125116846753e-01
7.038625827829734227e-01
7.010656875010764510e-01
6.971753364178994161e-01
7.087501516877685592e-01
7.114628634483671776e-01
7.102111293618199594e-01
7.133209332664748326e-01
7.103419043823022694e-01
7.201142880018858161e-01
7.068490301604541948e-01
6.984231725954050951e-01
6.984015971732024930e-01
6.907224723386125032e-01
6.361585723576372864e-01
6.101902675898933648e-01
6.018067657291720218e-01
6.023895295343100198e-01
6.034641971658537551e-01
6.052896754101612098e-01
5.866672285312688473e-01
5.730697646516123012e-01
5.647585557688478142e-01
5.757896924886495293e-01
5.778704615215113360e-01
5.838341891184068988e-01
5.924709696547088011e-01
5.991300492564786140e-01
6.061619651953132903e-01
6.016857157264612344e-01
6.012724775653158771e-01
6.114601056014834501e-01
6.326135016227066865e-01
6.244617561900334124e-01
6.132181460726991995e-01
5.968773859969498385e-01
5.836741083570147204e-01
5.664206233588432449e-01
5.279416459054893096e-01
5.487145474796023548e-01
5.442783595322818746e-01
5.294871379256852473e-01
4.742511864530261079e-01
4.592882404596322909e-01
5.201036155117620963e-01
5.132515556830193892e-01
5.919277947932086725e-01
5.861172926726528898e-01
6.552474259547509394e-01
6.959036151052986341e-01
7.157279445014524955e-01
7.007049742026748573e-01
7.082712553603601746e-01
7.237868486311369587e-01
7.479830679060346377e-01
6.764809680773973266e-01
6.708294945612464089e-01
6.725152329555368347e-01
6.721642935294441790e-01
6.689670500885336324e-01
6.708245746684529109e-01
6.651378354497760048e-01
6.687424967091366579e-01
6.655365597991012017e-01
6.568616583784849805e-01
6.637850262668797408e-01
6.542605905123162202e-01
6.445975904269736212e-01
6.455656021871384320e-01
6.413650764200048426e-01
6.419129290899858731e-01
6.424603184024860747e-01
6.434738585455473947e-01
6.324682440128378547e-01
6.289676138782116510e-01
6.317451268188937208e-01
6.376235987586653664e-01
6.386271252053008496e-01
6.456410220938676447e-01
6.369510782740808175e-01
6.461056634994830628e-01
6.450378458042663743e-01
6.496670560853150533e-01
6.071058500027377569e-01
5.645013817484478835e-01
5.491824701830577693e-01
5.460718080747504199e-01
5.611039650221288921e-01
5.567702764434110385e-01
6.276743844493476443e-01
6.228769595402583459e-01
6.444421312487742526e-01
6.471901143932365930e-01
6.424416371773946643e-01
6.375078581618536244e-01
6.324488793486111593e-01
6.298912084001447864e-01
6.375920103035902509e-01
6.409575354754925014e-01
6.350902711041452875e-01
6.550599156263100520e-01
6.469318599184488150e-01
6.619195543797637971e-01
6.483635548650321656e-01
6.486195250215305297e-01
6.476741281441338316e-01
6.456384429589773211e-01
6.446012988853193626e-01
6.388925360008967935e-01
6.472689528229791378e-01
6.464279119065012846e-01
6.460952281548102416e-01
6.433625239980538257e-01
6.463697575031788212e-01
6.320051688852837968e-01
5.790536420973705356e-01
6.547516395553001356e-01
8.538329500573782482e-01
8.732910482777951344e-01
8.647420094675072333e-01
8.531261890438355255e-01
9.166679260805671303e-01
8.957892615455103069e-01
8.945096925039112135e-01
8.819760689776545703e-01
8.757896552458666051e-01
8.696849043837486803e-01
7.922888398270203636e-01
7.834281622069388940e-01
7.939265351347505328e-01
7.969120245522371970e-01
8.032675388349471701e-01
8.021234288710537008e-01
8.393239725760653913e-01
8.315727702884511130e-01
8.237984131642789309e-01
8.043682821002927641e-01
8.041005317693206145e-01
8.069154503996406325e-01
8.231981189967171320e-01
8.196202462636346109e-01
8.149743756745710943e-01
8.181311704299529808e-01
8.085666492482366241e-01
8.128118497731159353e-01
8.148074493511379135e-01
8.237412553927621062e-01
8.232919471665574029e-01
8.335136103626540338e-01
8.423830298702662533e-01
8.512043494066764415e-01
8.530178886424728546e-01
8.459809899957656532e-01
8.474904321259006945e-01
8.559784771152572080e-01
8.598598365600850224e-01
8.550322874247404670e-01
8.249990033807331757e-01
8.253736689711305141e-01
8.176490114773533602e-01
8.165949341727177790e-01
8.012147582822389813e-01
7.925450750939292410e-01
7.939994410308732764e-01
7.976644657913714020e-01
7.990757665828702727e-01
7.818229813637003200e-01
7.947851889802055592e-01
7.960839236289591891e-01
8.084339388407950633e-01
8.093074703922544799e-01
8.513398467935977543e-01
7.941056995632423954e-01
7.962246667248388254e-01
8.324844052154842799e-01
7.945946460919862675e-01
7.848275187966883282e-01
7.754683812108857932e-01
7.549541080467342402e-01
7.513165614011479976e-01
7.470399680943411447e-01
7.545558222245760671e-01
7.503164989081168024e-01
7.457052597628193169e-01
7.484502561665770104e-01
7.547911509098321758e-01
7.532464843599743221e-01
7.409985865868216059e-01
7.365303201103423625e-01
7.355513285691895886e-01
7.375490109194644539e-01
7.347102900882656051e-01
7.388250676454625188e-01
7.287083036046310136e-01
7.208540630273083671e-01
7.178864011497313458e-01
6.960127642217731614e-01
6.954532035455727179e-01
6.829361467659238460e-01
6.793795712755332783e-01
6.784732862557911748e-01
6.660232040610613025e-01
6.674692795801868694e-01
6.674023364785652834e-01
6.586841440652132507e-01
6.571026487199247423e-01
6.653625195325618691e-01
6.640990313540422463e-01
6.700794842889334912e-01
6.653108891320789198e-01
6.455382235064871521e-01
6.268860165702380138e-01
6.984408276037697982e-01
7.321328233530961516e-01
7.345496123109798159e-01
8.648812264885251677e-01
9.110601114321267291e-01
9.292688887516198371e-01
9.162967024087276258e-01
8.917545173487702037e-01
9.870720070020023718e-01
9.754760345706203761e-01
9.661943947162235924e-01
9.765962804325012403e-01
9.689231270662884699e-01
9.942532300585142924e-01
1.007412880843607139e+00
9.656940220131993158e-01
9.657414901283054576e-01
9.359946540682768656e-01
9.548111348579040314e-01
9.557954614342448751e-01
9.639798295607139300e-01
9.362596755136961546e-01
9.629640646227810574e-01
9.733320905826351455e-01
9.597822542333249718e-01
9.463578945302750789e-01
9.409603550969498631e-01
9.442951006242625844e-01
9.538003261287431034e-01
9.128374838128107127e-01
9.170016595081718069e-01
9.384664312146019371e-01
9.233122693507161971e-01
3.510246479696602506e+01
1.508793203365728086e+00
9.582802312620322116e-01
9.538574056879619567e-01
9.457614707824198996e-01
9.423694527903266893e-01
9.348539302110049354e-01
9.324618961385114924e-01
9.204636504337836422e-01
9.229483344853713911e-01
9.180694057757194937e-01
9.205337663098657197e-01
9.048077813996262542e-01
8.776393082981349680e-01
7.962124577143732118e-01
7.960459833307268473e-01
7.908377740469941797e-01
7.946833866559155357e-01
7.914640516387400071e-01
7.725138050514515076e-01
7.473089413795757086e-01
7.386213849944390786e-01
6.900812812635154225e-01
6.893295970602870693e-01
6.806755847058960640e-01
6.781800990708649612e-01
6.701160316871638267e-01
6.700024559802857382e-01
6.767406342578450307e-01
6.751058051273428617e-01
6.819209674923736308e-01
6.787462738314726796e-01
6.786444986506170451e-01
6.545678385752232709e-01
6.406744717837465908e-01
6.315202282082587049e-01
6.323017033693238975e-01
6.304462124868116524e-01
6.272414688105946157e-01
6.226845286546388580e-01
6.245328194761616825e-01
6.217614765436115798e-01
6.221409648905990020e-01
6.240110035722891135e-01
6.184732813495238402e-01
5.972369649774441625e-01
5.999072881457055972e-01
6.043468411421503150e-01
5.878235155211040119e-01
6.029662630079586361e-01
5.978726391801940654e-01
5.958959588686780773e-01
5.907415723600313306e-01
5.846568643391063524e-01
5.765585821262452226e-01
5.648255268526622963e-01
5.570445014998995914e-01
6.630635106086598674e-01
6.763394580334610717e-01
6.990374382663643305e-01
6.981027610755212720e-01
6.879135536262017681e-01
6.827182632909800652e-01
6.722350437306050530e-01
7.009981786135900395e-01
7.038753308806645625e-01
7.048828425173445655e-01
8.116471958686148902e-01
9.690992345851107137e-01
9.700780381287914533e-01
9.752519055438815254e-01
9.768423873411380409e-01
9.797642717082601926e-01
9.820146601535079123e-01
9.718401249253358909e-01
8.742237876536806951e-01
8.342227637259554962e-01
8.371579419547540146e-01
8.395640317537621522e-01
8.520071336628149972e-01
8.496074575774659188e-01
8.465538994094975456e-01
8.478438613963878989e-01
8.445329068832206909e-01
8.394379386357859740e-01
7.355448899677839991e-01
7.328646973275176890e-01
7.363228599786740824e-01
7.333897572187827452e-01
7.352569865761768853e-01
7.389737392986213127e-01
7.205698176192478766e-01
7.229027491876985900e-01
7.229582811441502832e-01
7.135044219150527001e-01
7.145280416701397241e-01
6.999213739396701328e-01
6.924590827376528868e-01
6.962602630166478956e-01
6.912309406145521473e-01
6.835197163391220077e-01
6.468819152048115306e-01
6.346662319603281199e-01
6.310331963763311514e-01
6.501683196605647641e-01
6.344505178871832074e-01
6.453420114245294048e-01
6.340222573972897901e-01
6.266908565093661787e-01
6.214319544264734763e-01
6.113306268458431614e-01
6.154153629738411402e-01
5.933652324561393687e-01
5.902218768823279671e-01
5.989006453005411013e-01
8.486894918025743584e-01
5.912614159789889579e-01
5.965351824267883796e-01
5.984538299926183136e-01
5.996323954260116551e-01
5.932139609395568058e-01
5.905859510714104310e-01
5.879006509928419444e-01
5.829886350985096222e-01
5.825889215110979791e-01
5.838740723337669802e-01
5.824693401426301875e-01
5.769821801709449360e-01
5.736578200748381207e-01
5.768314083782513091e-01
5.779474718508104125e-01
5.809297127181195508e-01
5.845004943795875096e-01
5.664491633852709596e-01
5.623661775736301660e-01
5.616112832389381637e-01
5.520351629071906796e-01
5.775993327470536620e-01
5.732284969788986606e-01
5.669777253693352170e-01
5.731429290528193832e-01
5.765186463375260306e-01
5.724138643402969517e-01
5.590499402757093117e-01
5.617608734138809234e-01
5.583343085619322244e-01
5.634847824579444220e-01
5.642377087596588403e-01
5.624531567354366102e-01
5.647700521314107380e-01
5.667536142643700980e-01
5.676774335269003657e-01
5.687291420728062263e-01
5.514438091113049722e-01
5.531263173619055395e-01
5.828125077581678415e-01
5.888038011337417554e-01
6.003270000746739887e-01
6.088560120873260928e-01
6.129062751150795574e-01
6.072457809494440362e-01
6.058487887050126863e-01
5.896127628947813726e-01
5.981538319742821797e-01
5.717534943668203251e-01
5.752064570695016865e-01
5.711854745083473350e-01
5.741167447087376363e-01
5.738765307304594110e-01
5.828662496338335997e-01
6.072176217753503247e-01
5.978213703490993236e-01
5.951198774472320485e-01
5.950103808172355624e-01
5.940496963469150682e-01
5.925020747029680068e-01
5.934583061145036753e-01
5.933853998967131282e-01
5.884090265184984681e-01
5.864804061909265620e-01
5.897706392529974417e-01
5.900529523517076269e-01
5.976635697706749184e-01
5.912239944112708256e-01
5.932572886615714580e-01
5.828399004183202337e-01
5.873225547697624727e-01
5.856909560174836660e-01
5.715726485903400711e-01
5.744955067092468726e-01
5.636204184794331162e-01
5.629189083630125046e-01
5.614732261007839842e-01
5.625911478981818759e-01
5.531187377621239465e-01
5.521757496507970764e-01
5.428026907578666904e-01
5.443286381141498875e-01
5.324415644362281430e-01
5.294324414394210310e-01
5.278696432023451957e-01
5.205628695378019533e-01
5.131826223732165460e-01
5.075635615584184190e-01
4.979967805414954873e-01
4.937105777212217328e-01
4.974872196580306660e-01
4.864538245932453764e-01
4.885289510232330712e-01
4.897555412986350776e-01
4.890136495055717458e-01
4.860205266065755758e-01
4.852257692856338789e-01
4.680443328806875858e-01
4.766238523558211648e-01
4.770445244062276879e-01
4.755633451195427908e-01
4.741335940803317328e-01
4.681298091358405689e-01
5.375745271636678257e-01
5.474213144916364460e-01
5.741874942021985007e-01
5.689876314196067320e-01
5.649530125089604615e-01
6.121199160895780533e-01
6.102098617418070248e-01
6.006070541865945467e-01
5.995813886820793304e-01
5.926656791145656911e-01
5.923509363929917448e-01
5.818104864441646651e-01
5.811379836074761496e-01
5.777110334115700407e-01
5.706147573830849806e-01
5.499377826209788100e-01
5.594255987245119188e-01
5.465288458994976839e-01
5.483114858212967402e-01
5.433124200717958097e-01
5.413109609749355844e-01
5.395616362415602829e-01
5.410614168473480978e-01
5.540452913967651716e-01
5.526439354798462489e-01
5.650332455915730856e-01
5.714375277661823960e-01
5.767060905206966570e-01
5.922055781086201787e-01
5.324287904113105263e-01
5.783339009326038394e-01
5.900015330824512905e-01
6.108891556041253779e-01
6.011922114316003984e-01
6.064810892620118299e-01
5.992333290918576694e-01
6.057567988314190854e-01
6.055091640392318286e-01
6.073700160571560147e-01
6.138894447132940968e-01
6.418361370398272259e-01
6.112686252519480279e-01
6.158844559364520244e-01
6.238828508887872548e-01
6.298534788929306405e-01
6.396611667522300593e-01
6.217060039085935408e-01
6.589046795527337963e-01
6.552805273005130049e-01
6.460781927292083004e-01
6.514980648386502482e-01
6.544402375598072918e-01
6.608654157175544164e-01
6.735297317707134024e-01
6.746439356540913090e-01
6.748748113090587974e-01
6.768996477084561203e-01
6.482449837120680680e-01
6.433851589183612329e-01
6.451589374471509153e-01
6.457810366735924346e-01
6.491806911283201087e-01
6.455286563124627008e-01
6.459696686033219448e-01
6.499120120814052548e-01
6.448963344865643599e-01
6.444738678487507144e-01
6.467573529434474944e-01
6.501634596957681644e-01
6.526971474143692387e-01
6.526011066733912180e-01
6.580216097463382763e-01
6.748635641650910788e-01
9.058883300923243898e-01
8.821753659521738289e-01
8.767903326745704051e-01
8.941887140469524375e-01
8.984185719453716690e-01
8.979194352535714296e-01
8.993661103460413031e-01
9.004231671392485259e-01
8.996451754594309014e-01
9.017649702184979965e-01
8.795621194705899315e-01
8.926479199610651838e-01
9.034178728071267095e-01
9.059125993612422434e-01
9.162362626008778710e-01
9.202098212903955243e-01
9.398514029699008843e-01
9.342341186724856250e-01
9.309708906768084935e-01
8.993458118392063660e-01
8.958248963308488300e-01
9.025383510718985036e-01
9.742977644360397704e-01
9.094344431829155528e-01
9.161179975321676050e-01
8.991717210145740991e-01
8.958180960428061557e-01
8.890159486920314880e-01
8.543842040034042018e-01
8.524606784058128550e-01
8.596960915588462981e-01
8.492980442012112441e-01
8.507354846401991022e-01
8.498876649625795032e-01
8.498659362380889259e-01
7.155558754064178517e-01
7.126948735999001361e-01
7.121023379339506132e-01
7.169938212431323787e-01
7.180602885800629887e-01
7.308969701244675266e-01
7.310544560174179196e-01
7.406457648783780767e-01
6.914916718008270458e-01
6.969565986663431856e-01
7.260542623710039001e-01
6.850513916335522202e-01
6.800899338621170243e-01
6.806567488781560815e-01
6.779490579454562349e-01
6.661117043164651585e-01
6.600942159374061369e-01
6.660114799759343507e-01
6.607385355979322750e-01
6.562959377777095593e-01
6.524567232995274191e-01
6.432378161191568688e-01
6.427705652601732877e-01
6.483025285484704803e-01
6.301207848828012104e-01
6.183151106711302081e-01
6.045668513102482322e-01
6.047803596949262728e-01
5.878403559137410639e-01
5.757276838023024368e-01
5.675345793900017366e-01
5.658341054067902443e-01
5.621802755829115039e-01
5.585240968687397167e-01
5.461532540505945610e-01
5.336197157599380514e-01
5.343173928285525065e-01
5.047180028089685022e-01
5.043413515816579373e-01
4.965506440349777839e-01
5.034121003616021106e-01
4.989902487390946439e-01
4.996438622625095083e-01
5.006830213739192903e-01
5.003366718378958744e-01
4.999964105701172334e-01
4.785796839462415075e-01
4.793349195897371184e-01
4.758409640002357888e-01
4.766035079315644740e-01
4.771548086464130756e-01
4.696378859224977775e-01
4.665878351163460502e-01
4.711517754952209147e-01
5.774381477102191740e-01
5.639066467399237448e-01
5.402105772682717078e-01
5.210048609461062075e-01
5.212881130090718518e-01
5.294465118029714201e-01
5.286570751878167940e-01
5.132161329869509014e-01
5.164707329105311384e-01
5.173441880025031470e-01
5.088344207702968358e-01
5.088867685453583034e-01
5.023314760636685694e-01
5.058349958088299569e-01
5.072812273281860351e-01
5.115340499083419479e-01
5.045883273620375142e-01
5.065342994814320265e-01
5.976027655065981881e-01
6.428507145503574716e-01
6.583787248419803451e-01
6.563248554093787934e-01
6.621967449650514315e-01
6.788441927682945520e-01
6.706351816100608598e-01
6.673187531478985690e-01
6.605180984189160664e-01
6.573169812974175574e-01
6.548856103847959798e-01
6.454390810345200791e-01
6.392669371086012742e-01
6.081343862747781159e-01
5.938348195080346281e-01
5.866344537730623365e-01
5.805942700601154360e-01
5.824573730762346857e-01
5.648324074679088591e-01
5.583909066295665857e-01
5.353720075618109142e-01
5.323526012809104424e-01
5.332879103936245535e-01
5.304270579698732169e-01
5.251739524865230990e-01
5.171292513388821011e-01
5.175320812033685769e-01
5.154537827869786204e-01
5.179186498594990917e-01
5.285029300466521640e-01
5.226579549957208748e-01
5.258632157014490049e-01
5.242714652610869219e-01
5.242914780265045538e-01
5.050097236511720267e-01
5.204837344971127155e-01
5.115523863394835224e-01
5.183990177490436224e-01
5.127159612121171550e-01
5.133877014350483048e-01
5.163186774758921072e-01
5.073574642643543520e-01
5.860315630549927102e-01
5.959575420726059836e-01
6.737503916951318450e-01
6.551440432910594636e-01
6.242236197817324639e-01
5.945897244219406907e-01
5.776856019480143267e-01
5.662529040150354742e-01
5.419605989255769085e-01
5.334063008072866818e-01
5.318611423253659654e-01
5.870381605219395782e-01
5.832887709033643953e-01
5.805142922219239665e-01
5.767735257754452727e-01
5.663015903562588216e-01
5.658877428681253763e-01
5.869086473797218151e-01
5.629277817444846566e-01
5.563662093616873472e-01
5.533578730500116061e-01
5.544173143980641871e-01
5.282972216130639165e-01
5.308196482852159948e-01
4.594272906158101133e-01
4.522187954458656289e-01
4.619727084819273966e-01
4.682430463777226270e-01
4.580638370933321490e-01
4.560191795083173294e-01
4.491660884898968642e-01
4.658299720266484978e-01
4.663612928568690030e-01
4.710546075342096906e-01
4.473738361480717463e-01
4.441621573928257183e-01
4.741656920798430486e-01
4.648384493827222852e-01
5.712694714426344023e-01
6.005116744993577171e-01
6.092318449855946838e-01
5.803147951771435720e-01
5.839357732139470736e-01
5.872640990735185085e-01
5.889505593511087378e-01
5.925035098789566135e-01
5.946403979485448410e-01
5.961246640540091013e-01
5.961003354149150280e-01
5.874260099200246943e-01
8.056210831163422847e-01
5.842349123560467428e-01
5.865552793446539015e-01
5.844050160671235838e-01
5.851930218033848385e-01
5.832569663210032118e-01
5.823009844701892979e-01
5.787652755955250417e-01
5.782629832677776971e-01
5.776182463904633302e-01
5.765290911811024044e-01
5.765723918803847825e-01
5.742095483061414596e-01
5.720526660961714471e-01
5.718136591559019877e-01
5.540180863494087449e-01
6.408307080892537977e-01
7.064736003272443776e-01
6.942754626653185879e-01
7.766789013876412850e-01
7.487725109057034034e-01
7.320863140939004587e-01
7.139448386934974522e-01
6.928621189067192265e-01
7.577828376998496651e-01
7.474849103675845763e-01
7.366381859965402956e-01
7.537779046272017336e-01
7.662891252960695176e-01
7.132706701074725819e-01
7.003128806512459725e-01
6.972518600220158902e-01
7.101820414107526958e-01
8.864130054937519043e-01
8.501541755190706873e-01
8.803454770261698314e-01
8.377952075456794878e-01
8.413508445418507176e-01
8.700385111318815756e-01
8.319750752483757728e-01
8.356203379506363937e-01
8.263306524348379423e-01
8.055875604937664525e-01
7.869888425204103477e-01
7.765979611267003202e-01
7.894237894886566576e-01
7.763973614004208157e-01
7.679060324396157489e-01
7.582893606154625932e-01
7.436933612628059409e-01
7.396529619128577870e-01
7.310056151439119354e-01
7.193260352131722879e-01
7.173870059301845625e-01
7.127125499283293308e-01
7.105237110822196778e-01
7.130424810290380000e-01
7.134039798548010847e-01
7.132040127835959087e-01
7.169412294983577016e-01
7.175390784065516225e-01
7.198411496753533978e-01
7.177363896885701200e-01
7.213029711094633978e-01
7.161156228217675501e-01
7.388887246031676792e-01
7.222263651075105928e-01
6.917731300991438737e-01
6.721881342890607680e-01
6.651518539155879539e-01
6.733650600322137469e-01
6.662669774277949486e-01
6.789305239658575131e-01
6.765267940519030798e-01
6.778764149970692987e-01
6.616913366004569808e-01
6.637054303689615686e-01
6.655204375708454467e-01
6.692508032494401959e-01
6.504654379194920732e-01
6.256545925751271220e-01
6.116376253777476846e-01
6.054726598735601373e-01
6.056444905303000059e-01
5.996070871577242611e-01
5.860289273754070161e-01
5.840074390314669017e-01
5.834708547020092118e-01
5.768296487381932014e-01
5.626005966245295475e-01
5.574243307103521339e-01
5.589776284613334756e-01
5.436005474618657018e-01
5.493586833619239496e-01
5.434194197770216839e-01
5.409137132014569804e-01
5.318408710936219919e-01
5.281385809973020429e-01
5.245240620069553383e-01
5.154150306727565134e-01
5.032023644451253386e-01
4.826929046050398853e-01
4.688426818666009965e-01
4.631987635193947073e-01
4.631574928874021002e-01
4.667917075669664739e-01
4.843873523114751722e-01
4.699974864448723255e-01
4.614772596140598315e-01
4.518084447806238746e-01
4.305454747145025518e-01
4.579257381860416531e-01
4.504248839743929533e-01
4.468462187463579927e-01
4.415627523680812905e-01
4.464903294064445083e-01
4.302223692929775245e-01
4.349537009828592371e-01
4.325013836290713121e-01
4.331628725129265112e-01
4.339601197136634392e-01
4.398881255940914059e-01
4.294119767371157859e-01
4.344357240423849520e-01
4.340255216852725306e-01
4.293956819185274498e-01
4.337409561509343314e-01
4.322834289215381487e-01
4.368443961479331339e-01
4.305313330355052814e-01
4.350544096326565136e-01
4.310047288804045307e-01
4.336216164200427658e-01
4.323882901760432995e-01
4.301324779107677521e-01
4.240631339615061890e-01
4.255223287958255218e-01
4.268649292174326870e-01
4.274670707890794175e-01
4.209596602001939303e-01
4.139485593539850017e-01
4.046165360094662322e-01
4.044415189542845956e-01
3.931711097421171086e-01
3.908784074953084442e-01
3.914415170337958161e-01
3.901160983865984422e-01
3.924322481605133084e-01
3.866229630379635074e-01
3.834571872883441035e-01
3.837935499443255183e-01
3.837227566180773652e-01
3.762024939691327452e-01
3.723262619930067796e-01
3.718762483814947450e-01
3.613481119462882973e-01
3.606821146385095211e-01
3.569157471586974495e-01
3.565362287882817283e-01
3.501656430094479688e-01
3.513680883029303148e-01
3.382747695504224050e-01
3.323091630291965526e-01
3.310635795498581557e-01
3.331006976969301814e-01
3.251368779665093078e-01
3.196569494803157552e-01
3.193038557575607062e-01
3.086800420175368487e-01
2.800993088066103254e-01
2.784120293257404954e-01
2.804767418268239165e-01
2.801399693804544344e-01
2.640775811633606640e-01
2.657884065952088593e-01
2.649586241231262074e-01
2.656400738007842488e-01
2.599349325628397822e-01
2.612340563648961056e-01
2.738405498657804360e-01
2.630738092334620193e-01
2.595618099399492062e-01
2.562047944408410993e-01
3.001456964900118818e-01
3.242745079884684634e-01
3.094021368111955494e-01
3.103858873755131476e-01
3.090692953092925022e-01
2.831845735989712010e-01
1.011381497232570092e+00
3.817875960097140697e-01
2.645346646660760026e-01
2.594270639171237791e-01
2.577651003404772823e-01
2.555982372068515973e-01
2.630753927703401995e-01
2.581643206853407868e-01
2.589462471806469601e-01
2.538894270769139760e-01
2.493278269817552628e-01
2.516456849368793325e-01
2.489122273287460718e-01
3.094527061637982190e-01
5.597813967236979771e-01
5.650743794638560802e-01
5.592582688728763296e-01
5.533258854241823732e-01
5.400306604816382805e-01
5.366705487541620911e-01
5.287666328809667027e-01
5.101980452811646360e-01
5.084500412418000437e-01
5.050834579674648994e-01
5.004814053129107432e-01
4.958765334776606970e-01
4.914765704273158509e-01
4.882509402859597225e-01
4.863346788354518391e-01
4.814687032357995999e-01
4.787569268974775083e-01
4.645836020517003506e-01
4.643186880303427633e-01
4.580247324662471420e-01
4.545440969252618757e-01
4.493927552329910480e-01
4.477816308512385657e-01
4.427714889334259940e-01
4.353772650409128975e-01
4.278006214703941601e-01
4.262372763813012666e-01
4.231199896595813081e-01
5.944962409647114310e-01
9.330348286501639610e-01
7.491662699980156104e-01
2.094129082601465939e+02
9.119329943157701290e-01
4.699369600675294967e-01
4.677787817079062105e-01
4.601604102580815203e-01
5.075737423358741562e-01
6.364543454920620347e-01
8.707303151277983044e-01
1.088601873743299642e+00
4.652843420067972469e-01
4.663548638215332387e-01
4.635782919984590134e-01
4.668154781449193047e-01
4.579802713996695140e-01
4.473029021950866713e-01
4.427210582460615607e-01
4.417540563530620856e-01
4.456302898957509306e-01
4.441583361529139462e-01
4.321525588799780548e-01
4.356499939154735435e-01
4.380482685244311281e-01
4.443478775717878415e-01
4.494902555047889381e-01
4.492831934230408497e-01
4.501814992339700505e-01
4.515709409907296412e-01
4.503366087941348406e-01
4.535974325872691448e-01
4.511815082592733339e-01
4.567710871990102173e-01
4.393531658414732699e-01
4.392406599794262956e-01
4.549640815409305983e-01
4.306314304434181173e-01
4.081151628302680523e-01
4.085828577551902097e-01
4.030075991819477288e-01
3.946994126261608171e-01
3.953412569078086913e-01
3.736804807810073514e-01
3.778169430649613858e-01
3.538863874301915180e-01
3.333295064085358694e-01
3.308884202095697113e-01
3.394036826887179004e-01
3.365577515361783956e-01
3.429953697570029547e-01
3.400882092810505464e-01
3.351504772396515230e-01
3.336713376082023341e-01
3.351521709570726149e-01
3.329008715074829317e-01
3.339164006263227735e-01
3.346396152686140768e-01
3.381997673526037640e-01
3.378527707000133495e-01
3.358705937818824983e-01
3.284268548973903745e-01
3.215671653988593226e-01
3.085947495066027058e-01
2.994043116214277211e-01
2.854581158257558648e-01
3.476913652186334192e-01
2.967313345726961815e-01
2.879442873174548057e-01
2.863872407663285991e-01
2.771049244715476645e-01
2.754965219423358147e-01
2.754598245015449920e-01
2.718995635263071198e-01
2.720657968922388648e-01
2.679403504547896997e-01
2.651853392220906436e-01
2.625710480249174861e-01
2.671050757260292619e-01
3.615959927303324384e-01
4.912475675107792483e-01
4.800238915997421807e-01
4.726816011463775835e-01
4.739716853579882261e-01
4.988213319911535271e-01
4.899471725013208045e-01
4.893907493993626123e-01
4.467626078241532794e-01
4.290376982119401550e-01
4.763211522427903133e-01
5.443135775915142194e-01
5.502957399275655304e-01
5.239907179082716748e-01
5.189613255271875447e-01
5.104882992166811517e-01
5.090626175969331646e-01
5.145679172913292243e-01
5.108037149565897161e-01
5.059622666190312090e-01
5.056395731890568346e-01
4.846580949910275771e-01
4.643412949068794204e-01
4.649666870033804522e-01
4.590966581941597346e-01
4.646452709991157337e-01
4.640367653123996794e-01
4.635351725406111623e-01
4.608428730805628204e-01
4.703616517743491876e-01
4.402715043798839378e-01
4.379237333606529892e-01
4.403528361330069085e-01
4.368592725336489790e-01
4.365169111772874144e-01
4.070869061288994173e-01
3.921735694831186558e-01
3.887188107463475095e-01
3.889479822169112366e-01
3.876021065202985283e-01
3.866129744651367606e-01
3.463880618315262616e-01
3.870433013211898587e-01
3.812697502298409979e-01
3.784041435874820336e-01
3.729729816450347846e-01
3.732461481192285158e-01
3.897645413171689777e-01
3.755157759650825655e-01
3.676897515457669963e-01
3.636325897202367097e-01
3.639109335874112783e-01
3.664318373068944368e-01
4.852742946002474578e-01
4.341531006810090410e-01
4.323093268064909234e-01
4.230447023613465030e-01
3.959004574853886016e-01
3.947542820383875828e-01
4.020495683550773247e-01
4.041679547933402228e-01
4.033411243651331413e-01
3.898729146362052145e-01
3.814246361717050782e-01
3.853952857392977105e-01
3.820710628332302794e-01
3.719884660629915740e-01
3.682999365652556145e-01
3.728207906157494644e-01
3.745173085831219328e-01
3.745865901496022721e-01
3.734772204725489986e-01
3.699620013411320518e-01
3.675906258936028070e-01
3.664607726643067109e-01
3.640876578307287170e-01
3.199472455773879065e-01
3.213649395392156327e-01
3.230977736213024309e-01
3.233052550755982635e-01
3.228800176201139238e-01
3.103618423983218744e-01
3.067398272489919031e-01
3.056365571387225089e-01
3.077721410045474171e-01
3.085066326932723868e-01
3.096509480013994731e-01
3.089854484006006041e-01
2.683894041771275885e-01
3.018170855088092575e-01
2.814512186285448303e-01
2.750595607041537161e-01
2.733336012994106445e-01
2.765539179911524759e-01
3.101953015435591765e-01
2.734148577289400306e-01
2.766465673547349180e-01
2.692260799403332072e-01
2.706269379520331864e-01
2.675119016898507840e-01
2.634713783022836764e-01
2.513910589671742857e-01
3.418911089810075521e-01
5.384255836986964194e-01
5.277330639613220242e-01
5.124726837919384437e-01
9.806772380444523929e-01
6.472867229059804384e-01
6.447938561270545321e-01
6.399521693868531758e-01
6.383210336431249798e-01
6.395007460381744169e-01
6.328524489045307400e-01
6.215404995674295163e-01
5.895209317331651100e-01
5.343135287811066059e-01
5.270258616029019905e-01
5.201512982284043352e-01
5.204549399099069884e-01
7.004662577392801737e-01
5.726049980413143725e-01
5.221588194677829753e-01
5.136662813782048032e-01
5.319571994820191385e-01
5.027267310665189948e-01
7.248436724663355202e-01
5.104747401366906967e-01
5.254400065500515193e-01
5.232284027603232301e-01
5.130635562152445761e-01
4.962155843304971725e-01
1.979539450651937260e+00
5.615871705249834145e-01
5.269147595896577219e-01
5.475894006194864660e-01
5.092591801893483483e-01
4.993584156711696753e-01
5.152661400890877763e-01
4.982102940006720715e-01
4.965701147571783824e-01
4.718526423791147284e-01
4.721791207445251159e-01
4.645416250205424147e-01
4.651889418349950400e-01
4.608248016634027833e-01
4.584834099178904387e-01
4.565892852081513409e-01
4.581629039277330673e-01
4.544801345669793324e-01
4.537047264925992973e-01
4.589547956147389529e-01
4.454848977474600291e-01
4.442400298039518303e-01
4.359441435759434658e-01
4.353729301125697226e-01
4.302347242166915109e-01
4.131677632195869254e-01
4.113163934889196849e-01
4.007853097894865657e-01
3.977307558857989811e-01
3.938774619615846295e-01
3.975527296333146721e-01
3.969661462908393723e-01
3.961153741481653334e-01
3.963225959320405556e-01
3.875118281768184514e-01
3.814602019976616742e-01
3.852325253880454214e-01
3.736181874512076728e-01
3.635640581413887573e-01
3.564884098717381322e-01
3.540279367096150764e-01
3.548436113409740855e-01
2.801925910018934207e+00
6.017501281132064950e-01
4.455277138535507775e-01
3.632174792398749630e-01
3.466388142018347329e-01
4.452214650716256328e-01
4.408247488404607450e-01
4.401569905575901664e-01
4.197935880618309801e-01
3.860223157224615953e-01
3.782298751651563817e-01
3.632383101489364829e-01
3.613560432531738864e-01
3.446823742353286035e-01
3.408046321154455383e-01
3.375122141971788059e-01
3.374427164036826188e-01
3.335828324600609296e-01
3.329438703721938619e-01
3.296700949898445643e-01
3.235315810997059782e-01
2.946327647367841807e-01
2.937385763824173490e-01
2.931310712618946934e-01
2.940171942411280437e-01
2.945939671678642902e-01
2.927212474824836819e-01
2.801375916288513235e-01
2.838155475781221626e-01
3.447607885966987862e-01
3.356408486200816443e-01
3.391774169651385895e-01
3.383068863861657394e-01
3.372801429330071210e-01
3.373675254563860970e-01
3.291837031361271038e-01
3.323172389957999018e-01
3.076441336097315293e-01
3.061291743718279612e-01
3.059396287652210167e-01
3.029842394597938027e-01
3.412727713292666443e-01
3.515573328171331946e-01
3.352727305775307087e-01
3.309504792313159305e-01
3.280437382406276026e-01
3.274673793458415250e-01
3.251569179675788956e-01
3.438804434214559613e-01
3.397741446387803066e-01
3.309399375681554289e-01
3.148104275430294585e-01
3.124496372548560830e-01
3.115087752852160885e-01
3.322132163303047614e-01
3.319400710070606886e-01
3.351835402563944077e-01
3.340545358647094565e-01
3.342304412532385305e-01
3.302866289206699557e-01
3.226102922784467864e-01
3.211298488408761975e-01
3.210408050291620463e-01
3.209999010776777295e-01
3.169998408271167412e-01
3.177717156756439398e-01
3.913791322724574639e-01
3.917873013870444288e-01
3.935677056862051382e-01
3.893266473459176535e-01
3.448461862344008866e-01
3.979725409940130243e-01
4.291516476624072096e-01
4.002466747851530227e-01
3.711909439921075582e-01
3.684806756208292011e-01
4.169643125600799305e-01
4.406415158323415682e-01
5.844683609275460601e-01
5.873699315945365429e-01
5.873918137065650136e-01
5.825362340392982174e-01
5.880479854930285022e-01
5.945346903270927186e-01
4.553968453179646492e-01
4.500372169005856238e-01
4.401051980407721942e-01
4.326860959766923309e-01
5.473645683479941848e-01
6.299748721331670520e-01
6.962171347734298354e-01
6.759615457538786787e-01
6.620020742250899426e-01
6.609732773519388926e-01
6.465896501885777248e-01
6.399554895833780011e-01
6.308288819795007107e-01
6.328957437356855786e-01
6.310635460179080392e-01
6.289585372371979677e-01
6.251908639940665369e-01
6.261612933408268189e-01
6.397736286573040276e-01
6.015078522311185782e-01
6.057144924648767415e-01
6.042741435036892428e-01
6.002068343136892636e-01
6.038967346772722289e-01
5.328162729016883148e-01
5.329462345113724631e-01
5.298190065183820963e-01
5.305918642382330130e-01
5.289858791003901883e-01
5.291580140328526749e-01
5.311166094376746916e-01
5.294827264182525584e-01
5.121453352404538029e-01
5.081047826819166113e-01
5.108324849428540482e-01
5.122075901763996075e-01
5.102281525080095692e-01
4.374096897745919921e-01
4.373614757223165395e-01
4.403229282681759837e-01
4.434000611807152326e-01
4.445105654387671024e-01
4.472715044960745012e-01
4.493859256925895052e-01
4.512861430293854115e-01
4.543112206399602115e-01
4.491234808386134203e-01
4.440653434879193728e-01
4.363183899455795323e-01
4.493083985216548282e-01
4.417775798088025008e-01
4.385723265508139623e-01
4.387221916096398222e-01
4.369297309181010558e-01
4.126476217483476816e-01
3.843082889098869970e-01
3.892813393286840284e-01
3.917701456609272714e-01
3.932812110002570360e-01
3.921410237952575040e-01
3.947567149014523658e-01
3.928517656994102158e-01
3.855231429344759819e-01
3.574605448409282071e-01
3.531409476775142497e-01
3.466579676554190081e-01
3.412779885630095045e-01
3.395260298650708553e-01
3.367579340002209154e-01
3.363572042144254981e-01
3.330822553496175509e-01
3.210049922006284473e-01
3.149750842744367119e-01
3.144734736654445362e-01
3.106360338532998533e-01
3.087241046987909687e-01
3.077072116240417987e-01
2.998295599248542720e-01
3.544844284177693927e-01
3.443902452238044587e-01
3.468394671021611253e-01
3.460962168550185680e-01
3.341506080294908143e-01
3.355070742615896551e-01
3.343221789934371357e-01
3.207249070811502012e-01
3.147617023132117664e-01
3.432435555958397999e-01
4.410378811148830125e-01
5.700081071813527522e-01
6.788541221141214388e-01
6.774939180570285213e-01
6.950844600025511966e-01
6.912327462089806751e-01
6.998852230742986791e-01
6.877697753057305796e-01
6.004443340435055010e-01
5.663929493603176990e-01
5.686028052832275970e-01
5.679221675165453398e-01
5.673952636131116556e-01
5.663205290875750197e-01
5.814329318569880778e-01
5.728935578429176223e-01
5.720725955850409772e-01
5.730562404490504580e-01
5.273104929094213356e-01
4.333246886758692629e-01
4.398691377877268494e-01
4.451470877116019964e-01
4.405998634225942179e-01
4.407501437754776097e-01
4.404345729918435759e-01
4.009184485908090512e-01
4.042344156872975103e-01
4.366686366532652186e-01
4.806176584248089134e-01
4.759915683059346425e-01
4.738431325911254821e-01
4.716657437498428806e-01
4.724874173986462478e-01
4.690964620345442482e-01
4.592650490629915927e-01
4.575791111737609884e-01
4.551704943542759785e-01
4.556505315779572074e-01
4.856400141921695113e-01
4.683975846803539733e-01
4.538242608102734943e-01
4.495219896874694254e-01
4.362055030709778292e-01
4.399325248669866406e-01
5.063438706158789326e-01
4.999246679955895445e-01
4.895329313681190397e-01
4.768670612862498936e-01
4.773788724110770154e-01
4.809343441717687240e-01
4.859827750282140757e-01
4.668528086760266316e-01
4.703948111832880752e-01
4.746210836783344433e-01
4.717786941549013124e-01
4.721534087920673528e-01
4.707564066163756333e-01
4.701693453299055081e-01
4.676814909254617403e-01
4.690189421949539916e-01
4.696016338397351886e-01
4.694702424421631770e-01
4.648344270931401567e-01
4.617552241857967865e-01
4.639478574677660672e-01
4.600630071316252900e-01
4.617653596859169207e-01
4.417620799985045310e-01
4.363935552730684453e-01
4.340185497606535159e-01
4.360759133170182267e-01
4.311396858697189582e-01
4.293555979331403760e-01
4.307591515098617707e-01
4.342848845640636668e-01
4.362653006008428980e-01
4.314682527371855314e-01
3.939138907465707939e-01
3.936656261131065149e-01
3.943958758691875066e-01
3.773456680950957320e-01
3.822577673959429712e-01
3.682857569822168831e-01
3.694390309193845701e-01
3.565610371849458060e-01
3.519252922096138825e-01
3.567792659585370396e-01
3.608404077224875994e-01
3.587923005453547143e-01
3.597198612909556781e-01
3.612961883694082443e-01
3.894966572194789589e-01
4.239399063991233230e-01
4.123567022335073995e-01
4.110773430378718007e-01
4.097421109889806123e-01
4.079500963712487938e-01
4.430318623781331899e-01
4.616384768406726069e-01
4.572657656792804559e-01
4.561734051333320994e-01
4.569740051964727989e-01
4.528607913444036015e-01
4.446272334639865265e-01
4.506267082628882537e-01
4.516685852074620033e-01
4.493107405733657855e-01
4.473165836365861625e-01
4.682682992234605823e-01
4.785051776782927035e-01
5.208168304983900043e-01
5.107029404302573239e-01
5.077673396728374922e-01
5.121030232050646225e-01
5.133465845131323091e-01
5.160740537457227939e-01
5.084684232099379031e-01
5.065438680845417707e-01
4.890298125486405301e-01
4.871238571781489890e-01
4.927165568878103530e-01
4.936071391406866016e-01
4.954327371334570906e-01
4.736949961122038366e-01
4.413976126525667731e-01
4.409541707230286711e-01
4.421319237324723428e-01
4.391556373592036544e-01
4.549044214634265781e-01
4.658626601685251778e-01
4.567411359923142511e-01
4.475183784628452566e-01
4.402545259411044798e-01
4.300634711310523661e-01
4.314699496960709424e-01
4.152108866847240565e-01
4.188842037688336184e-01
4.045846629305284159e-01
4.100689162840868152e-01
4.779038860509322584e-01
4.555487519969181887e-01
4.528753425729913351e-01
4.550041108771666343e-01
4.518911202679197769e-01
4.509850890433727000e-01
4.512412527502832615e-01
4.526595821154262844e-01
4.222224453457597004e-01
4.190456482230014990e-01
4.150297241441953666e-01
4.075278621884943497e-01
4.083571595367672113e-01
3.960806796138733876e-01
3.903607040328872513e-01
3.909142852494631448e-01
3.890611538647776868e-01
3.885542978915896839e-01
4.646107797278248852e-01
4.751425675821244199e-01
4.786809712868616007e-01
4.827153232677604544e-01
4.786209023530933471e-01
4.756257480014298711e-01
4.487138878473797554e-01
5.330539006763759247e-01
5.336521252855819242e-01
5.383002714972704439e-01
5.438117076725017540e-01
5.414948006591020491e-01
5.097339815080128567e-01
5.131393809703790332e-01
5.162189807925448015e-01
5.092363281835798894e-01
5.128923605243017603e-01
4.846532551426065982e-01
4.730276332021967622e-01
5.528487361925791266e-01
5.503151625831816940e-01
5.547798455790673433e-01
5.551460268655844521e-01
5.540584794466530960e-01
5.524708433085688819e-01
5.529072227027822528e-01
5.523291055287911089e-01
5.532324523878358047e-01
5.277603996128772401e-01
5.305967748243617388e-01
4.997355245943208013e-01
4.788489997704696854e-01
4.755673709858374565e-01
4.769662133270212712e-01
4.754650854876626420e-01
4.767710038737105749e-01
4.773347615129603372e-01
4.756147210895025346e-01
4.461135876641291187e-01
4.501019303790578796e-01
4.426233935921568552e-01
4.362837005703331661e-01
4.305455492045174859e-01
4.286966875196980276e-01
4.295543778346471164e-01
4.288122982375612846e-01
4.283077751443604697e-01
4.276297149777337214e-01
4.229493125667243003e-01
4.231301783455498899e-01
4.183905748410355341e-01
4.190188006500361606e-01
4.155929448686444538e-01
4.126253121326599604e-01
4.813536755627716435e-01
5.158909455481056616e-01
4.780587782036133659e-01
4.693861404399940485e-01
4.667096640597397372e-01
4.581295274708104270e-01
4.534957049359713555e-01
5.443101779425896236e-01
5.477785325457499299e-01
5.444022379425957903e-01
5.456560133872278007e-01
5.477352448954513342e-01
5.475530387973740476e-01
5.486229205358815753e-01
5.278061006806835653e-01
5.172475657480677391e-01
4.804838902956060642e-01
4.748369907414211610e-01
4.401260433857248633e-01
4.496994936440177337e-01
4.447251581527242315e-01
4.447229072264066163e-01
4.451139573838728269e-01
4.429439427477943059e-01
4.468908597601148336e-01
4.535926834791448869e-01
4.495068130626556080e-01
4.498895065779429103e-01
4.506311210685760571e-01
4.564296524528823618e-01
4.421489599793756997e-01
4.206647520763614478e-01
4.077665785311456181e-01
4.198738522755909863e-01
4.111843127539839826e-01
4.209083485579580008e-01
4.386202420313399797e-01
3.922116408791499476e-01
3.967614190193449186e-01
3.984534117099249317e-01
3.959377290539397576e-01
3.998840040965206954e-01
3.962152356405592712e-01
3.909975146844585359e-01
3.862217618466983748e-01
3.806288169222424855e-01
3.730431769643361983e-01
3.744189437622084671e-01
3.724968064850677774e-01
3.909209460349699072e-01
4.001817316697984794e-01
4.044132173147559906e-01
4.097851009660621324e-01
4.100487297802976050e-01
4.087515056125577417e-01
4.219944947502709542e-01
4.209218638394101042e-01
3.942563261671684915e-01
3.967980113707220147e-01
3.970887989342966051e-01
3.959480342771097838e-01
3.850553880596241929e-01
3.803348617543595989e-01
3.747177631168124856e-01
3.746492994254437825e-01
3.919263356613589266e-01
4.266156352889882708e-01
4.446483397513576463e-01
4.376960968002657215e-01
4.385094087699336063e-01
4.354571537930264635e-01
4.259471918427442105e-01
4.219110483025633185e-01
4.113480844378668011e-01
4.098358091384491919e-01
4.090574728200964683e-01
4.061779555828710642e-01
4.071628058221692381e-01
4.046033326255597529e-01
4.036575818880840938e-01
4.080859690148020968e-01
4.036752509644437326e-01
4.054190163580589368e-01
4.196144501411710470e-01
4.553556276283636239e-01
5.277545272874716309e-01
5.358897762047494240e-01
5.243803244721059187e-01
5.673423479647998757e-01
5.629065148233782789e-01
6.353610456444312993e-01
6.828981425139141193e-01
7.277148459471363129e-01
6.890385573567091582e-01
6.915413056145712778e-01
7.141191775548640930e-01
7.058177003981996878e-01
6.572107286240784774e-01
6.437881316322575653e-01
6.595276537195420286e-01
6.445293815129502502e-01
6.591400963465405827e-01
6.572143538768134841e-01
6.348441314860582274e-01
6.352370372269801058e-01
6.339091117326782765e-01
6.363247394008407776e-01
5.518842111496969904e-01
5.496157223441294759e-01
5.473536172666882971e-01
5.831823868423360313e-01
5.614318614689673970e-01
5.448307220969428322e-01
5.333352382055436269e-01
5.327820155566018734e-01
5.357948759285732221e-01
5.322720772224985852e-01
5.389213396732324135e-01
4.996289293609273430e-01
4.985953582293417563e-01
4.985643531967372533e-01
4.998015389771690575e-01
4.739318444634115224e-01
4.698306130742571085e-01
4.922638670045169085e-01
4.641043702927096226e-01
4.256367474094494563e-01
4.413533620276295921e-01
4.721142487458128700e-01
4.689952074672601445e-01
4.720497613108159407e-01
4.284807471604624718e-01
4.483916096394022222e-01
4.122333685328080088e-01
4.154044652590430653e-01
4.137534704562068621e-01
4.144365770466392762e-01
4.144287048738360957e-01
3.877672910035172560e-01
3.854120018343284992e-01
3.604914689479451484e-01
3.455836597665915555e-01
3.448974206234242668e-01
3.447452444780204073e-01
3.194066605669726444e-01
3.325826984962920729e-01
3.201129481707101210e-01
3.181665094198243837e-01
3.225851920507784021e-01
3.228997851561464794e-01
3.276203440846191528e-01
3.264248311597017227e-01
3.249177332464849299e-01
3.064657179101896722e-01
2.996915452882219499e-01
2.977871950405018286e-01
2.981828186350602428e-01
2.979162474555013818e-01
2.957150711748422478e-01
2.909199612330619078e-01
2.812317047782528778e-01
2.800794171275242661e-01
2.798228728440310675e-01
2.941578962316849788e-01
2.889685174079148489e-01
2.958556287045732702e-01
2.942169421502000004e-01
2.942699214292023302e-01
2.991968366137378599e-01
2.914606765661048593e-01
3.411710928482670768e-01
4.098511438847351473e-01
3.785947137659796957e-01
3.863734177465858455e-01
4.078299246699409464e-01
5.398621529156584220e-01
5.535815607818934669e-01
5.577991066657939090e-01
5.715320872357270154e-01
5.742589718088044748e-01
5.769831986434834636e-01
5.823484555869397061e-01
4.929966022790398528e-01
4.825252571710473282e-01
4.792440822998502714e-01
4.805516394958147530e-01
4.855313300629433559e-01
4.974574856948247858e-01
5.036648239170578023e-01
5.163225773903247218e-01
5.249775610595884823e-01
5.207437754763094562e-01
4.726105209350107139e-01
4.626637459204213099e-01
4.887921108601126496e-01
4.846872325415129690e-01
4.915487758910239147e-01
5.249542994967735243e-01
5.724789960350222806e-01
5.153893594229107533e-01
5.186318173228376960e-01
6.188124339999938606e-01
5.994193012563845402e-01
5.539900963831140279e-01
5.827188454966327757e-01
5.294054506598921961e-01
5.222512894442191689e-01
4.825436304657689246e-01
4.879926407142532452e-01
4.908035404640418431e-01
4.832990991913885259e-01
4.815564359472579992e-01
4.745564494248011855e-01
4.665155195386918030e-01
4.639329298855794370e-01
4.595781016718609169e-01
4.538330670533669009e-01
4.814529591622425109e-01
5.070606684791123531e-01
4.872200063290279548e-01
4.741715353945025191e-01
4.550524364143096467e-01
4.568635614066710038e-01
4.980719717032119354e-01
4.970402188323720383e-01
4.876372664535593704e-01
4.560277284187085889e-01
4.432241959141308696e-01
4.447021593240247928e-01
4.758391876260968933e-01
4.533875287970123291e-01
4.445937155488478565e-01
4.453443698362600234e-01
4.168924130628330893e-01
4.270234155768686257e-01
4.128166247437749514e-01
4.069117506122149064e-01
4.135181723083115601e-01
4.174181439882510003e-01
3.830240535558161463e-01
3.852928872712703123e-01
4.098985127882359691e-01
4.084363320049016477e-01
3.942777695240839431e-01
3.759445115573127882e-01
3.751681622051536991e-01
3.679205978577947400e-01
3.678316935682400812e-01
4.143378758677560558e-01
4.100748571986574387e-01
4.026420679289124394e-01
4.351613667930290807e-01
4.397411188905206436e-01
4.856078321582074087e-01
5.673034492019991548e-01
6.050464108177008304e-01
6.317204607372289837e-01
6.180856476901895880e-01
6.537745256016598283e-01
6.985421067601682577e-01
7.004512414089304473e-01
6.912598037894385206e-01
7.225705513441732508e-01
7.322724148115257181e-01
7.081339093788295846e-01
6.839591055858903479e-01
6.313598039895481628e-01
6.201377760392494665e-01
6.190826666854588600e-01
6.069290522218652173e-01
6.144404789488187024e-01
6.154161711396480827e-01
6.103110689891309004e-01
6.348058230832932525e-01
6.156047819067773652e-01
6.011043643828697380e-01
5.894418385640169955e-01
5.845917010017608328e-01
5.853011377546668559e-01
5.850100472479879965e-01
5.865080772104448448e-01
5.712861019695759657e-01
5.573247075324230249e-01
5.585608569497587661e-01
5.593051652366094473e-01
5.581601482667155611e-01
5.577194190583045774e-01
5.381747964863787814e-01
5.295809567266807072e-01
5.379358723294520583e-01
5.343066629746630047e-01
5.252565413030406694e-01
4.894568030458783525e-01
4.833617778637645523e-01
4.775353254587774154e-01
4.803925992516241417e-01
4.734754849274093735e-01
4.538413866878068248e-01
4.174923452079246089e-01
4.207472892186730484e-01
4.259225705437785225e-01
4.306929009215105797e-01
3.959171868028336094e-01
4.030333922465784147e-01
3.992970259165842806e-01
3.987550381992367443e-01
3.999653404453438754e-01
3.973909867734881640e-01
3.939007294954252614e-01
3.942306428740147695e-01
3.947455478608723478e-01
3.953194002189894807e-01
3.930499288528409574e-01
4.018603349395045155e-01
4.085026375816411814e-01
4.027868374591274114e-01
4.033868109569413996e-01
3.930837157806181259e-01
3.786543587706837632e-01
3.803207527451230585e-01
3.776266763217829281e-01
3.891625797723492486e-01
3.874301744802976510e-01
3.866871610144408944e-01
3.770816173675283212e-01
3.587330712035883273e-01
3.768735874500462879e-01
3.788566340108444619e-01
3.696255396910858027e-01
3.646476665150774621e-01
3.532463458445819771e-01
3.527234697025771748e-01
3.443188717567800539e-01
3.354262486858459180e-01
3.290384431986697056e-01
3.232680569845072238e-01
3.126876644467724287e-01
3.172984329030374973e-01
3.564226143168537364e-01
3.878100082219386735e-01
4.152949525111893081e-01
4.534640245233716449e-01
4.471074548079289057e-01
4.405307168759439174e-01
4.458148731566429768e-01
4.460479855001917016e-01
4.479416807928680577e-01
4.512933518995180249e-01
4.526457989031917317e-01
4.582827048734157693e-01
4.628194765598043214e-01
4.630622437810066883e-01
4.608433361780022164e-01
4.562698835868018721e-01
4.592541532966401552e-01
4.612410207709689569e-01
4.671403132778812473e-01
4.691838456246738565e-01
4.642783462596664634e-01
4.654885783690185241e-01
4.636897292316349839e-01
4.576691489213400299e-01
4.638530834775450584e-01
4.622924605243158291e-01
4.666528389909392338e-01
4.636823826057298592e-01
4.392175345775405360e-01
4.130950618381056261e-01
4.221841975027473270e-01
4.280230365885367982e-01
4.212784193721461623e-01
4.143309529448074846e-01
3.632130693925976761e-01
3.646728757352404870e-01
3.629265709118469907e-01
3.563935358899319450e-01
3.419284409614738451e-01
3.366447561934321486e-01
3.343089130875135928e-01
3.347630810774247512e-01
3.672474146007014273e-01
3.548690990790039357e-01
4.128833766366848401e-01
4.015537361392486071e-01
3.918630516986216228e-01
4.301156686923754968e-01
4.269339295430389924e-01
4.312169576882193822e-01
4.162221678095421318e-01
4.194429838253717624e-01
4.244224878017994751e-01
4.437546982293840703e-01
4.881288398585822419e-01
4.763284534811651483e-01
4.715832710949713347e-01
4.822289397545631573e-01
4.810504151410711637e-01
4.784331860822297888e-01
4.380870588880109162e-01
4.446591242513548425e-01
4.362256197534301050e-01
4.465935671732427781e-01
4.524674220691167759e-01
4.448995305543902434e-01
4.455034534380096223e-01
4.471621888125730804e-01
4.379803026450959647e-01
4.324172690780033745e-01
4.327125945364397874e-01
4.319775760841707002e-01
4.293918222620294878e-01
4.313011359944161072e-01
4.101851700701201198e-01
4.107741265611838388e-01
4.118545690170386520e-01
4.679747773922725007e-01
3.997523870601023543e-01
4.643771476464874093e-01
4.844024003695960867e-01
5.024464771080929815e-01
5.153510845821236419e-01
5.361572040275344175e-01
5.300068857554274260e-01
5.301269526856807746e-01
5.223776727892706084e-01
5.164483492105302886e-01
5.500881609220417134e-01
5.488365581131873228e-01
5.497819711015478061e-01
5.510082443829400489e-01
5.494196721491542146e-01
5.460972725390913496e-01
5.462994158494103303e-01
5.431197256998325784e-01
5.494355595931761371e-01
5.501962744553093865e-01
5.489804496997903183e-01
5.439306442533251573e-01
5.481145245466467752e-01
5.856946055324210310e-01
5.595300934148826899e-01
5.478082885588124729e-01
5.802590525622276507e-01
5.459439114464330611e-01
5.596984694332297616e-01
5.277313870710579335e-01
5.339365036548102683e-01
5.471575155536744228e-01
5.646899253066351987e-01
5.425812716188850304e-01
5.088715870420981169e-01
5.110108341589840730e-01
5.023433024819995429e-01
4.862139596679775910e-01
4.848558440625568844e-01
4.823320352137117073e-01
4.838829695256479657e-01
4.681166075796904247e-01
4.645457051125220227e-01
4.616385230093653091e-01
4.463004428321732941e-01
4.251847192788695273e-01
4.044121723304347493e-01
4.092081376359281708e-01
4.045306305759730492e-01
4.338417637233228374e-01
4.257262094264863128e-01
4.467951745454359358e-01
4.405751483806872315e-01
4.758100658814483075e-01
4.790104549345171603e-01
4.768048338459036084e-01
4.773891663969183075e-01
4.752482952419223028e-01
4.723216462224036905e-01
4.499746537892320153e-01
4.444591521086308505e-01
4.459886732920916863e-01
4.497431345360926591e-01
4.522548002123957800e-01
4.521787231802527618e-01
4.542011627654148898e-01
4.526041887615072090e-01
4.545661705130768504e-01
4.562638775316775197e-01
4.531403237200856138e-01
4.272838060090056178e-01
4.286472395587667128e-01
4.335913827077948479e-01
4.385426284326576774e-01
4.325480482050172992e-01
4.368960605628120497e-01
4.219860096133561389e-01
4.208582865024492747e-01
4.251487651436162141e-01
4.292352680149307265e-01
4.220579527918809637e-01
4.362530701835831137e-01
4.228588966890344247e-01
4.223153527012833974e-01
4.162244147015906059e-01
4.056021538236105339e-01
4.457863604573458760e-01
4.419459178821832368e-01
4.526233217494386452e-01
4.908598172091269141e-01
4.874154627528230477e-01
4.825417155626706700e-01
4.816414107779135589e-01
4.751219101031171066e-01
4.739162052027596772e-01
4.992502836622343398e-01
4.961559757192876008e-01
5.024467188848522614e-01
4.949708118292632797e-01
4.998454085129124813e-01
5.007234257660201360e-01
4.589825817280582809e-01
4.601906264489827314e-01
4.619941146622367212e-01
4.650924193862454592e-01
4.670957137953367089e-01
4.676956386962897727e-01
4.666089691401201223e-01
4.669244308533521126e-01
4.689095931987484756e-01
4.729916765285795410e-01
4.745561008605692077e-01
4.734781830739802078e-01
4.763240773500693748e-01
4.503209369682794061e-01
4.307300366496953914e-01
4.354669391802328260e-01
4.322344464799686148e-01
4.359525890945689652e-01
4.291949843985723989e-01
4.295193408744858998e-01
4.209514025012842664e-01
4.176919150456808172e-01
4.185326253198856650e-01
4.175260539323695785e-01
4.177067746515787383e-01
4.084282548633086929e-01
4.049981004626074244e-01
3.937170580936795172e-01
3.897028201436863459e-01
3.850513876020237314e-01
4.476991013880421422e-01
4.327726552743287880e-01
4.336737966544251255e-01
4.288823940996904782e-01
4.144033272293705106e-01
4.177147278482815640e-01
4.419473408089555355e-01
4.329007225557830463e-01
4.263077612704425645e-01
4.257501607491018802e-01
4.248149799881907884e-01
4.377038320869918731e-01
4.247261010756637201e-01
4.262807269909661967e-01
4.379678406987873585e-01
4.302725270795809132e-01
4.340057482669734679e-01
4.313796595680212675e-01
4.363309167987052262e-01
4.420507714087802409e-01
4.400950292671848563e-01
4.406522733934609137e-01
4.407593274571969810e-01
4.537664919136399355e-01
4.367596840402002134e-01
4.202642449357611998e-01
4.107255226971840978e-01
4.121840499659892298e-01
3.974068283083939113e-01
3.919205611674773104e-01
3.900160204459783841e-01
3.826332829092004006e-01
3.766630592131995914e-01
3.868250049969056970e-01
4.120415028192528362e-01
3.967270037637355973e-01
4.128270584639316398e-01
4.050809754556192188e-01
3.999658500442251907e-01
3.979875591731850126e-01
4.082262705762866872e-01
4.016469213758646628e-01
