6.913247000047130220e-01
7.092754979012709793e-01
6.818308599037580242e-01
6.808113142731666567e-01
6.827046087534868191e-01
6.925398699766137645e-01
6.784346065997365338e-01
6.810257105199074568e-01
6.684801190287934514e-01
6.719746338035542665e-01
6.683456367374683849e-01
6.699412572183738313e-01
6.699304812058695102e-01
6.605323665907640862e-01
6.750286312883442275e-01
6.729874263632166231e-01
6.704612283632698233e-01
6.864516433465972511e-01
6.629388357814161026e-01
6.657938732760143585e-01
6.623987482645002922e-01
6.664919333924003153e-01
6.588148861354048424e-01
6.666416918237730860e-01
6.527110722806117593e-01
6.630127448995921657e-01
6.876691064150505239e-01
6.858120724610474728e-01
6.709105273568231054e-01
6.972435608069391666e-01
6.737678000774469655e-01
6.651294251687103198e-01
6.804168993083860029e-01
6.633503311633492938e-01
6.819677615644194058e-01
6.708515461855579787e-01
6.886662990479223145e-01
6.678640794334544939e-01
7.014962195469014450e-01
6.914816314014364806e-01
6.662867595412929056e-01
6.910676136434207306e-01
7.121113925318348636e-01
6.748425412477123686e-01
6.843499832651905868e-01
6.869552389882285226e-01
6.708763075333673553e-01
6.894626645259982478e-01
6.717790406032408956e-01
6.843252627367418794e-01
6.686489725482964719e-01
6.693068622238764753e-01
6.715649260509741758e-01
6.693868320901752433e-01
6.678355562089550723e-01
6.649824618192609060e-01
6.901666183947106070e-01
6.730537085994641178e-01
6.658702680439947397e-01
6.693160678722991364e-01
6.475873891351681122e-01
6.550921631737138817e-01
6.579005474785699636e-01
6.518171449193939093e-01
6.620154489576912660e-01
6.518810531887229143e-01
6.482577202298086538e-01
6.650862445756338115e-01
6.646108078214906234e-01
6.687094187285869129e-01
6.626346221542149806e-01
6.630307976779147294e-01
6.576242143010844199e-01
6.681036192959569631e-01
6.647795733043868616e-01
6.605539476458278658e-01
6.607233184573945151e-01
6.543519293700942319e-01
6.842506657822873262e-01
6.632340088866853778e-01
6.414021029236067761e-01
6.549891579627047378e-01
6.591244220690942734e-01
6.633912311541825257e-01
6.635818838922992180e-01
6.583510446605893573e-01
6.638666815524261189e-01
6.617368405859130887e-01
6.604776340847025029e-01
6.432743860119971568e-01
6.519685829071770744e-01
6.495034829524216624e-01
6.455865530493283266e-01
6.523571918552574234e-01
6.502100201807280433e-01
6.553098247047018932e-01
6.619200152403081905e-01
6.435762022517226288e-01
6.524806358458803413e-01
6.482613580570606437e-01
6.459369838644242190e-01
6.474536034836636533e-01
6.370659755745353703e-01
6.398179369175829301e-01
6.483476726450012606e-01
6.435249517886647563e-01
6.425011763394297137e-01
6.393248158307309748e-01
6.373819646191439814e-01
6.469250322568693701e-01
6.370431304923664939e-01
6.453827231910278517e-01
6.371024168649315200e-01
6.589928091608153737e-01
6.698392590746935493e-01
6.454772973041847939e-01
6.439337234987740910e-01
6.449841717432704957e-01
6.506916394209705246e-01
6.562402161351988950e-01
6.459312279560698311e-01
6.465704328477360763e-01
6.465619133582430900e-01
6.478082867580547966e-01
6.515708047916590751e-01
6.467710775112310850e-01
6.443173545946782044e-01
6.500396386568263463e-01
6.496312100995781380e-01
6.503145361207425257e-01
6.725349007732983608e-01
6.503891770062660838e-01
6.522490891750781783e-01
6.524662698323135945e-01
6.499626677723813195e-01
6.752891190807097654e-01
6.567483724557008351e-01
6.516661247653301459e-01
6.527685874774371566e-01
6.536001916201803486e-01
6.483429433693190802e-01
6.511879122081237758e-01
6.517502329528502836e-01
6.535839391733690995e-01
6.469675852607662536e-01
6.468292045889203479e-01
6.473104792751590564e-01
6.479180620551264758e-01
6.456730757014313982e-01
6.472763602125687354e-01
6.479145260777459114e-01
6.476572716902262439e-01
6.450673739909567050e-01
6.546055002635249309e-01
6.572878037334354273e-01
6.525446848100249220e-01
6.497870356824549942e-01
6.484456699762822796e-01
6.493290538215868990e-01
6.578236488844253493e-01
6.541519878921098208e-01
6.524234636565560130e-01
6.514654874768657233e-01
6.502208364500108306e-01
6.607973165882425892e-01
6.678243007366524431e-01
6.600197434724928147e-01
6.632724697621666943e-01
6.533145328447192979e-01
6.614398632931621780e-01
6.505450454249905867e-01
6.598363537228812969e-01
6.591134759143796318e-01
6.550509393246366496e-01
6.547184317506216100e-01
6.495835014031479115e-01
6.623962000291186980e-01
6.595769486915390445e-01
6.570686361230297923e-01
6.554160882297790369e-01
6.564676907511348691e-01
6.511785242384580119e-01
6.557057926974078077e-01
6.544467764739396731e-01
6.572544026137371320e-01
6.664378686205479907e-01
6.582104778214035168e-01
6.621948208835961580e-01
6.596714541438506441e-01
6.628884099298025800e-01
6.460474964160158873e-01
6.531149826995928942e-01
6.506726504240650799e-01
6.531207025422405277e-01
6.508116469126249415e-01
6.530006383236581780e-01
6.516286432826732256e-01
6.520737503237754584e-01
6.534793652819369525e-01
6.475810098196923548e-01
6.456096997390445846e-01
6.431646121706491304e-01
6.459347197867155721e-01
6.428378119749383890e-01
6.432655082272440428e-01
6.659256951925416335e-01
6.486524935686772686e-01
6.568891482765399914e-01
6.563941046379299094e-01
6.505017831071289169e-01
6.444716847981664110e-01
6.482974157465483112e-01
6.456528532984643354e-01
6.508016322056893177e-01
6.459019817255025053e-01
6.483002117451835966e-01
6.499077849951891972e-01
6.451804629494292120e-01
6.484101353176238147e-01
6.523129125129498718e-01
6.441197966257841134e-01
6.464363580435519285e-01
6.462602023772352489e-01
6.459992098506469604e-01
6.430017452597438510e-01
6.684228347424764349e-01
6.468462780362560505e-01
6.456833821893670500e-01
6.474953602345008274e-01
6.452774899652067297e-01
6.447732897602965751e-01
6.480133898282315341e-01
6.524648561355939069e-01
6.447858669998723924e-01
6.417510363598503131e-01
6.551101119828183217e-01
6.439270073253198223e-01
6.466015307789756417e-01
6.436117089455675178e-01
6.450889272846269673e-01
6.461076574427300212e-01
6.466372787727732163e-01
6.430497819381070235e-01
6.438296192602821488e-01
6.448775266161059783e-01
6.568342364669386146e-01
6.422245733317543115e-01
6.449788810304593056e-01
6.446147609719508065e-01
6.418557717966567600e-01
6.432222488918817316e-01
6.499164443353036003e-01
6.433414475978196378e-01
6.400327192164905199e-01
6.402367878250232458e-01
6.433620337903156461e-01
6.417946762205969380e-01
6.440480988383415761e-01
6.399250821498050357e-01
6.401072351862933107e-01
6.431440393772540620e-01
6.452464115556439950e-01
6.400284877765149982e-01
6.360226655446381550e-01
6.389133738652341687e-01
6.339333984592726567e-01
6.353551217310320354e-01
6.382510617923929930e-01
6.376350418631209216e-01
6.355894437512271677e-01
6.364144070833865907e-01
6.368511858701011441e-01
6.368197662450549856e-01
6.430309693890327027e-01
6.339883675106399163e-01
6.379911660416783814e-01
6.330087531562936798e-01
6.327027166180874129e-01
6.316193511842921327e-01
6.331704536581471698e-01
6.310623560539274646e-01
6.284862774882298275e-01
6.307057469422087115e-01
6.499134317897143909e-01
6.378973443447090164e-01
6.340267930686812603e-01
6.302707786021879421e-01
6.662641027941571537e-01
6.330582555077679530e-01
6.346015806429817774e-01
6.233162189519890761e-01
6.288577210414985075e-01
6.244622844082587942e-01
6.311236911254669568e-01
6.270422882957120692e-01
6.282320380840840102e-01
6.287140406489838407e-01
6.312671455066873882e-01
6.328459999158255744e-01
6.332152374862920485e-01
6.269105202861342541e-01
6.257862651014394206e-01
6.322659743278102873e-01
6.296267629393847987e-01
6.303746118291995160e-01
6.283349648279036304e-01
6.301307390568985367e-01
6.313433482845874911e-01
6.332448959631277186e-01
6.334051907845554830e-01
6.301490477037711146e-01
6.258099724226728888e-01
6.308949088839691521e-01
6.296953858351391764e-01
6.306015529818442822e-01
6.337170006360751673e-01
6.361818445058438076e-01
6.295940031512907709e-01
6.292037434726024392e-01
6.266936637212376926e-01
6.251679433860122259e-01
6.223032604199044693e-01
6.193845537714816052e-01
6.205752648571464247e-01
6.213614435423908677e-01
6.239491921922634132e-01
6.262162428552301430e-01
6.212815846739130343e-01
6.250634358310782623e-01
6.251514632557301221e-01
6.144712837092033419e-01
6.150553163486021102e-01
6.151449859516083807e-01
6.137642476803439884e-01
6.135599596923408949e-01
6.152578209268292353e-01
6.098999629579285875e-01
6.123280169751352808e-01
6.141265419121582081e-01
6.051931711906800571e-01
6.077459368327678968e-01
6.232132222193926818e-01
6.168067145282145614e-01
6.231013613010767394e-01
6.180477287666186204e-01
6.208124737870057697e-01
6.159044360293111087e-01
6.215103208730914375e-01
6.212091134123221003e-01
6.088810150411869682e-01
6.114280540897334415e-01
6.125043151108625628e-01
6.098299756243382719e-01
6.106047349600334240e-01
6.115332444720242844e-01
6.086286204955094759e-01
6.085215826455656618e-01
6.206699779190031352e-01
6.312333039751167885e-01
6.124216998871290230e-01
6.120062736571598716e-01
6.146636899672709431e-01
6.119585674185880064e-01
6.120372996047146463e-01
6.085216750938021724e-01
6.102203762842515200e-01
6.143571164300052345e-01
6.097139364671202433e-01
6.192034867991810243e-01
6.132684384456476012e-01
6.126655168833206044e-01
6.113811372764738072e-01
6.104881197717404451e-01
6.083423484633543321e-01
6.097810507065410945e-01
6.133152738303395690e-01
6.141548400885956660e-01
6.146296355690687996e-01
6.160348461480061877e-01
6.157260394363269773e-01
6.130225632318271334e-01
6.116617603545084769e-01
6.105241570570476561e-01
6.139382486490353452e-01
6.170984537170182138e-01
6.133901158184164037e-01
6.136877757155148050e-01
6.170109635353212552e-01
6.576598079348561221e-01
6.114577156839577921e-01
6.117270403981854843e-01
6.104160532314146792e-01
6.134842911334201787e-01
6.149459647288764153e-01
6.114734993977388733e-01
6.130962741100864921e-01
7.534915877769363668e-01
6.099412166620583609e-01
6.109395885857780151e-01
6.094628710206013711e-01
6.087299083968852331e-01
6.078649767827899453e-01
6.088770276465000908e-01
6.094764202550708720e-01
6.069032072591559190e-01
6.078482858260814137e-01
6.078894462579058633e-01
6.099578805017340510e-01
6.111277388216835860e-01
6.093919305054935620e-01
6.087642759697883266e-01
6.068834267045560837e-01
6.184238066497131925e-01
6.144900630642462502e-01
6.681629194981218989e-01
6.072646944145518866e-01
6.067369304196202906e-01
6.084621526705462635e-01
6.102930790707701281e-01
6.082833276762197317e-01
6.100559876578747209e-01
6.090614075155490470e-01
6.073997412453069344e-01
6.169218560958830144e-01
6.107775657437278793e-01
6.099959717829661621e-01
6.096722614403191631e-01
6.069231434285367044e-01
6.087767082938900787e-01
6.102180245101229694e-01
6.120060991151526908e-01
6.078496261158184977e-01
6.087731144335917222e-01
6.100198479215459546e-01
6.068602306720516371e-01
6.085041680873443104e-01
6.128979501751500303e-01
6.157297729087426452e-01
6.098333808503126896e-01
6.140612201109386659e-01
6.042763745071312309e-01
6.050097424844458338e-01
6.054648732669690725e-01
6.051194959847763233e-01
6.056063383706511427e-01
6.087461877705684365e-01
6.109571634423756059e-01
6.106447305984983309e-01
6.119383905231630116e-01
6.105570782497319327e-01
6.076680961699444383e-01
6.096192469195330643e-01
6.084051210820510258e-01
6.097531597206973242e-01
6.097361989233884838e-01
6.080286067783728932e-01
6.084107096439412832e-01
6.081054380334388609e-01
6.219848469562823112e-01
6.120298245908754042e-01
6.110997019721973178e-01
6.117029673288022495e-01
6.095776428410358827e-01
6.123056559999765502e-01
6.115777750257520573e-01
6.117899551104116762e-01
6.141391517622576401e-01
6.148523764535658298e-01
6.181765417550501018e-01
6.174961887215824063e-01
6.237592246361747250e-01
6.138096996911408532e-01
6.172062513869407407e-01
6.163972293803128277e-01
6.154821938228088873e-01
6.139926381801819044e-01
6.137893443548771977e-01
6.163643190187790832e-01
6.123356224190956709e-01
6.143424134724617680e-01
6.107599933554377358e-01
6.086329026584355040e-01
6.101099425227893835e-01
6.078973006052936778e-01
6.155555390889771994e-01
6.163568714046370189e-01
6.119616873819543335e-01
6.178280519381571523e-01
6.205178215823948795e-01
6.148210472569763940e-01
6.100009359389015895e-01
6.096158639659865486e-01
6.068420439802164612e-01
6.108639796970112279e-01
6.084594263036642303e-01
6.113897408283903712e-01
6.164889005540230560e-01
6.156527004004412884e-01
6.170172174403719678e-01
6.152753749365569291e-01
6.141409142223492879e-01
6.155764154395026999e-01
6.150720509579217232e-01
6.137729136043009737e-01
6.148132091196750748e-01
6.118912518270269718e-01
6.138581246641130473e-01
6.139789872530161396e-01
6.198787832713685830e-01
6.124308014437267467e-01
6.114499945864407815e-01
6.118969314203481780e-01
6.119650002187387861e-01
6.124916792896399897e-01
6.108825036622869131e-01
6.104162969342904477e-01
6.156884535093050115e-01
6.130597767574107460e-01
6.145490966250664044e-01
6.126270999621490354e-01
6.108884894099424478e-01
6.116728849279323699e-01
6.159907837191401780e-01
6.136664600186647611e-01
6.148579879166846673e-01
6.226044400449242122e-01
6.236020595703126723e-01
6.197205992334617886e-01
6.221200235124545452e-01
6.235206348884019256e-01
6.224197076500419534e-01
6.238145975032719504e-01
6.179072924486466167e-01
6.183106421956245935e-01
6.187076680259506745e-01
6.269655391780022402e-01
6.205882538406539695e-01
6.206306061528744644e-01
6.237661584275574489e-01
6.216637810479179738e-01
6.213824770518607821e-01
6.203152715186776023e-01
6.514455586359424455e-01
6.231851575637858964e-01
6.216072327226802585e-01
6.281284274781447907e-01
6.451297502502915115e-01
6.251003336119593801e-01
6.236911528766718726e-01
6.227462778586909664e-01
6.216741475515029647e-01
6.239838293902749689e-01
6.226751454477027492e-01
6.217745360167360458e-01
6.208498251319762851e-01
6.233331079227745208e-01
6.226251645459415229e-01
6.225898928581397040e-01
6.223855941206000164e-01
6.293639985109887869e-01
6.232015148171323737e-01
6.193876803151013855e-01
6.209075955211741382e-01
6.179623180084394818e-01
6.168094530307965950e-01
6.196547390009177203e-01
6.183940557427781703e-01
6.206294235329891107e-01
6.193248054964102245e-01
6.289312137654892165e-01
6.209287316388153455e-01
6.213643399691601843e-01
6.220099492647073181e-01
6.229544217370666104e-01
6.185845720895810640e-01
6.222814563853134029e-01
6.204599826230189352e-01
6.222446284821376850e-01
6.216715135151302807e-01
6.425801933424200030e-01
6.196134947853282338e-01
6.163104274980611974e-01
6.199208579533317387e-01
6.204091596947189924e-01
6.209177979592535035e-01
6.218682313402369433e-01
6.187384637052516512e-01
6.211590952269483434e-01
6.204377898621187271e-01
6.208355984583563414e-01
6.279673288899572103e-01
6.198792829910029223e-01
6.176348538282445677e-01
6.195551071944379595e-01
6.211792355646791330e-01
6.211967954917606560e-01
6.238859188416856494e-01
6.222640286987954905e-01
6.210141370885854384e-01
6.250865471239676063e-01
6.218028677599574117e-01
6.239858219489333724e-01
6.226156105608600111e-01
6.235083585298337727e-01
6.312754810887368784e-01
6.275266360517920416e-01
6.216851158083636086e-01
6.260270292909170253e-01
6.213630565953772722e-01
6.295119174527079586e-01
6.271344252602968350e-01
6.267171682678849276e-01
6.278152910909720053e-01
6.271703902868549507e-01
6.279229255690610412e-01
6.263759956350845037e-01
6.268736178733878006e-01
6.255491871260095982e-01
6.278935326406567263e-01
6.337167117447966014e-01
6.251576616476048898e-01
6.259721015990676873e-01
6.274256264868108834e-01
6.225746479297891156e-01
6.271384432774729234e-01
6.269949364597124930e-01
6.297214508502436692e-01
6.268970902861564776e-01
6.259740391457567776e-01
6.331322400610492895e-01
6.299061164819037550e-01
6.282961097329117228e-01
6.322073602888678145e-01
6.316886260093999006e-01
6.289516249772448830e-01
6.322004009772690392e-01
6.643408315127532493e-01
6.305341306826268699e-01
6.325695791092852405e-01
6.350117788268225816e-01
6.267400334523992589e-01
6.298929774016337468e-01
6.315856648914300875e-01
6.364530459913348981e-01
6.341278295499638284e-01
6.337966155985209626e-01
6.324876805973079774e-01
6.398690469752552623e-01
6.338786615930827040e-01
6.347761120717250183e-01
6.328771313078556116e-01
6.325422219645467914e-01
6.327578620766710626e-01
6.358443090843568513e-01
6.332953439001872686e-01
6.374101517793968608e-01
6.395751830776903457e-01
6.406630718714046990e-01
6.476550516644004052e-01
6.385129878298166917e-01
6.386491822006038488e-01
6.387921397629527931e-01
6.378572234157326992e-01
6.389453698485656474e-01
6.386968169313745891e-01
6.367007342702475370e-01
6.391971730294833121e-01
6.373556209238186998e-01
6.383369043230971984e-01
6.315914547536281010e-01
6.364873401612296533e-01
6.348909127746341641e-01
6.401961688879529433e-01
6.351403750932376191e-01
6.340190201474308340e-01
6.326217144541285142e-01
6.362161039665387152e-01
6.364713171345204312e-01
6.324021452636064966e-01
6.336565109697076537e-01
6.327102037119305411e-01
6.353000699033347631e-01
6.326238976531186609e-01
6.325256203635147845e-01
6.330381413641450461e-01
6.321443996178232050e-01
6.341508186929193380e-01
6.328606787899971886e-01
6.353649039257966979e-01
6.378168562903996364e-01
6.344210325520853733e-01
6.337362337938170498e-01
6.321797363114345369e-01
6.339051048397965626e-01
6.364050584319589365e-01
6.334068377568347064e-01
6.307565434914365055e-01
6.339410081031666699e-01
6.360795175472701013e-01
6.340354590861662087e-01
6.336544385152778069e-01
6.275659439121158423e-01
6.337967730108370334e-01
6.332800938842675365e-01
6.340151146291175266e-01
6.337737026817946706e-01
6.324372540535359022e-01
6.330252945587006019e-01
6.327524854433113077e-01
6.312177053561546236e-01
6.311899328708822088e-01
6.306853252300164137e-01
6.312072644334273397e-01
6.295321634688834100e-01
6.318151257483778371e-01
6.275487568230559976e-01
6.316944268891411252e-01
6.361121723736781197e-01
6.345539308431591419e-01
6.339065091920247363e-01
6.304346440656524164e-01
6.305167899225441186e-01
6.313153956660990662e-01
6.317744741761990301e-01
6.312661245652184672e-01
6.305124148406064943e-01
6.347790111589496354e-01
6.340467858010321311e-01
6.321310000044929600e-01
6.301842700858955038e-01
6.292049398794175019e-01
6.294300184810931453e-01
6.290094138294513026e-01
1.111039980553219841e+00
6.294289506779212617e-01
6.300325218612256029e-01
6.290353716876896373e-01
6.294140119761300056e-01
6.293188881327650419e-01
6.309023517921416024e-01
6.304313505791054872e-01
6.281711444997587490e-01
6.291129224847084034e-01
6.280167157004638012e-01
6.290068622241009599e-01
6.278697866797089411e-01
6.290467539719446499e-01
6.293880444392887519e-01
6.294532311977483197e-01
6.314637183184553804e-01
6.294982042179741999e-01
6.297011974200064088e-01
6.295375148721285008e-01
6.311200756951813595e-01
6.298910390999071796e-01
6.311718468892925094e-01
6.348077835478465047e-01
6.343776410120349762e-01
6.352559500779184631e-01
6.365564281141208314e-01
6.362801872056953467e-01
6.322945167657322285e-01
6.343106089127468206e-01
6.412177670693491871e-01
6.389803763607952991e-01
6.358401252900015566e-01
6.373497383440510644e-01
6.337786214040403987e-01
6.349705541026243738e-01
6.360607823961276219e-01
6.364407848362032549e-01
6.394915660960165393e-01
6.353481017298713285e-01
6.348889959188583898e-01
6.363064326017681127e-01
6.360837484244142859e-01
6.363149136787713545e-01
6.369494009522416178e-01
6.349194806372381317e-01
6.342277623972047973e-01
6.345339331574930686e-01
6.340187957518486073e-01
6.343522319418775091e-01
6.372997320595306103e-01
6.376130898702663252e-01
6.377515760517837862e-01
6.366768442310259957e-01
6.366527373236615661e-01
6.381256319168630009e-01
6.376626054960886636e-01
6.400089296779892800e-01
6.366574141581499147e-01
6.552039700990253124e-01
6.368363377968145889e-01
6.367238640737664657e-01
6.377995562434770616e-01
6.365469274519341969e-01
6.373028498531997377e-01
6.385472392889052218e-01
1.012646007755734878e+00
6.367998282834642643e-01
6.346325172710280960e-01
6.351487829982598310e-01
6.358731677056368436e-01
6.349565577195989130e-01
6.338084040161937605e-01
6.339613048135751550e-01
6.399915558560319573e-01
6.337158686611173986e-01
6.338233862494544457e-01
6.335445324121746768e-01
6.364003083203667588e-01
6.352927351220747365e-01
6.340078433241026490e-01
6.340091996467545066e-01
6.338206897037244048e-01
6.345540774530902262e-01
6.358748775105619311e-01
6.328782597571983581e-01
6.330427933183568889e-01
6.331094114917019677e-01
6.321588898603700546e-01
6.325615627969852772e-01
6.311899034487510329e-01
6.318638436107762990e-01
6.345312454297383775e-01
6.346872640934767551e-01
6.350134569013161645e-01
6.310189700558253012e-01
6.327737758684808256e-01
6.338235387677253474e-01
6.327209600690137936e-01
6.349196214246909387e-01
6.313556169273044638e-01
6.335298005828237100e-01
6.315215835269327727e-01
6.335661604674318603e-01
6.333921461644383966e-01
6.336353799333895864e-01
6.332317499056218102e-01
6.349133049791184646e-01
6.323206579739645283e-01
6.317669099967377910e-01
6.324032648133044443e-01
6.336067117388011205e-01
6.325749277852352748e-01
6.330119413895041180e-01
6.330098183904849796e-01
6.329656461473383011e-01
6.342874111475291787e-01
6.309958198029823606e-01
6.301846295771766915e-01
6.300629741325909361e-01
6.299750545343312247e-01
6.303949549133031072e-01
6.302685696587826403e-01
6.301725255595802544e-01
6.297265248409718019e-01
6.302814098426785527e-01
6.312309202812927955e-01
6.269232265278690264e-01
6.306726419484967039e-01
6.289694829872780613e-01
6.281768708214090502e-01
6.286161825401974657e-01
6.297101138510085017e-01
6.302560562080725681e-01
6.354073538582984959e-01
6.302446025697323595e-01
6.300796922851800153e-01
6.293177184165403837e-01
6.293062700955323052e-01
6.287604142412777097e-01
6.302477666397006129e-01
6.328159925118315154e-01
6.303413846818785027e-01
6.307293320245747070e-01
6.336057382054971487e-01
6.305799970017422762e-01
6.285558482321336182e-01
6.305432742740632035e-01
6.277878636107548926e-01
6.293885967826647887e-01
6.290837296086388974e-01
6.286487280544891254e-01
6.281332144017142127e-01
6.299521789885020873e-01
6.294982001293452090e-01
6.280466849836165988e-01
6.305991059578270885e-01
6.395076993851153135e-01
6.276646225868970363e-01
6.282188254315634879e-01
6.276746493495141133e-01
6.274259130937318574e-01
6.291244099656772004e-01
6.282790255368650989e-01
6.291337389741913366e-01
6.288705053111652843e-01
7.255436749786163819e-01
6.318225126323302465e-01
6.328243384851737208e-01
6.322027010687341075e-01
6.345108401424536249e-01
6.345103108247068802e-01
6.366283407960675600e-01
6.335947007099994588e-01
6.351685397550465018e-01
6.343863247885370704e-01
6.346275386450080935e-01
6.338151581274165114e-01
6.355231311755711321e-01
6.346239652668859144e-01
6.366048091606875126e-01
6.351758080647781357e-01
6.349012574793218011e-01
6.360924598407508013e-01
6.344921148789617327e-01
6.340278750904408955e-01
6.364474719986256135e-01
6.360997820273859293e-01
6.351045381431627002e-01
6.373111778521186599e-01
6.354469830460682811e-01
6.385914387529905145e-01
6.376651551271974583e-01
6.393866861188203243e-01
6.389966183020128199e-01
6.384380931514377355e-01
6.369843763731848352e-01
6.378395676471526610e-01
6.370912758250996122e-01
6.373416258801191114e-01
6.367589119462996328e-01
6.369557070998994597e-01
6.371687379227620740e-01
6.386859785425643699e-01
6.386504896097618955e-01
6.376185044044281325e-01
6.378945727732636684e-01
6.366647095126150013e-01
6.381721926009445989e-01
6.390669919019706935e-01
6.366891746192921975e-01
6.374836417038129976e-01
6.372794647852306760e-01
6.374528616560635186e-01
6.398861134279493212e-01
6.368136847756219465e-01
6.349493913310608750e-01
6.352450886914297046e-01
6.354494912977337595e-01
6.414941240665386069e-01
6.351861393944747691e-01
6.348082291339856020e-01
6.440616869563035030e-01
6.339307331039900628e-01
6.358516297966736452e-01
6.344342307082022625e-01
6.347249379445424333e-01
6.349751922155411066e-01
6.344566226044368040e-01
6.339768720826197690e-01
6.370281924488444547e-01
6.337276931515812839e-01
6.357429116165559391e-01
6.368086720552424973e-01
6.354975003261027489e-01
6.348296461933407020e-01
6.361960365150983732e-01
6.443549332504030502e-01
6.384720571058924987e-01
6.363931953957328025e-01
6.368166393844640893e-01
6.370054105786338017e-01
6.367200989081962526e-01
6.385182778947006144e-01
6.369081737846442604e-01
6.396559560468184635e-01
6.413746828241078113e-01
6.387532360657727226e-01
6.399759213644171663e-01
6.385955546199073574e-01
6.393389450484695535e-01
6.418511468528393937e-01
6.400243292754885793e-01
6.414915651050774326e-01
6.396932789410070264e-01
6.402428220632415679e-01
6.383425131185478385e-01
6.384571318309332222e-01
6.418925664886798721e-01
6.399214277155200747e-01
6.394418147562914712e-01
6.406240207617005522e-01
6.398232603697704413e-01
6.399184771758685830e-01
6.392854583314467876e-01
6.392984756940833790e-01
6.405017404920115842e-01
6.393555539645590091e-01
6.387041657598093725e-01
6.382210047969169020e-01
6.393337921033088733e-01
6.395187696547139922e-01
6.393409442731329273e-01
6.399226051866102605e-01
6.391870652010814835e-01
6.409220584104947660e-01
6.389171840617542397e-01
6.387865397339177465e-01
6.384330139321484632e-01
6.380605749895501555e-01
6.385134358041052449e-01
6.390396001178464402e-01
6.411706969692499980e-01
6.389403188063687011e-01
6.408273467857276140e-01
6.393283674629091085e-01
6.394944864453281363e-01
6.399553575124843352e-01
6.386132531672871204e-01
6.386175332843506691e-01
6.398741534328556968e-01
6.390994265346848779e-01
6.411874909869001993e-01
6.412404510157734272e-01
6.407305844702240183e-01
6.397880095963368596e-01
6.402322538110275518e-01
6.401799005557720079e-01
6.384864764772673063e-01
6.386181185106791780e-01
6.377123039865201237e-01
6.388845399448227491e-01
6.390939553722153610e-01
6.409794882644757053e-01
6.397393907138039237e-01
6.400415330492575938e-01
6.400406735304640105e-01
6.397404050595305591e-01
6.396768046296024135e-01
6.393856489827062228e-01
6.401124770313713075e-01
6.388031552263778723e-01
6.416814711132456939e-01
6.413363115615717813e-01
6.402801198350124290e-01
6.412868353819763945e-01
6.393757187986773838e-01
6.439774654890653149e-01
6.390278499393595713e-01
6.391403879087393936e-01
6.397429184117373602e-01
6.391353738196858814e-01
6.414179556711646635e-01
6.398090359272926575e-01
6.397702842777811538e-01
6.392990422592417232e-01
6.393159743813192630e-01
6.385092975949285821e-01
6.414675013856200314e-01
6.443307223920472504e-01
6.398553797330817083e-01
6.412693137929865728e-01
6.412942148507374540e-01
6.428445825854218754e-01
6.398330716828978249e-01
6.400750911429423651e-01
6.391864350247622450e-01
6.410266030741935683e-01
6.401430032980260920e-01
6.412703327723450197e-01
6.404163776024597299e-01
6.407725355670530476e-01
6.423109379482276893e-01
6.399598427526846933e-01
6.395909216794283259e-01
6.402361108501596343e-01
6.410536826778716613e-01
6.635882991302343159e-01
6.392908732488853385e-01
6.409564940027595581e-01
6.443022650746579316e-01
6.394066520642696094e-01
6.399477926962543473e-01
6.402529745348393142e-01
6.404274306460691069e-01
6.405319753616118827e-01
6.400433891566114086e-01
6.400615315409113881e-01
6.415443650080043803e-01
6.420537613721241099e-01
6.448385510877069349e-01
6.429788100249123062e-01
6.424130585224442358e-01
6.448043873639935919e-01
6.449814173400232331e-01
6.446592514837060639e-01
6.429275219181906920e-01
6.435021613147612340e-01
6.487870978763714547e-01
6.436997724325362880e-01
6.448604779919479002e-01
6.437352629122372605e-01
6.441913531232871248e-01
6.470963720729665525e-01
6.484346293767808689e-01
6.442475692898594897e-01
6.443013010204485802e-01
6.430970422832229527e-01
6.430174036853258945e-01
6.442266237896430159e-01
6.430610202001213471e-01
6.452693770724073907e-01
6.428966660489485729e-01
6.441228568670478438e-01
6.450543770554857392e-01
6.455112302857537454e-01
6.479823752894127153e-01
6.423592396657255010e-01
6.449667707777603232e-01
6.433976594486326972e-01
6.431149224893840666e-01
6.429427738956555727e-01
6.427066937849728046e-01
6.431710219789856797e-01
6.430875963017559371e-01
6.429854368417484700e-01
6.456387239997600780e-01
6.425687110596309815e-01
6.420664573364568417e-01
6.430222874767028696e-01
6.426070685815560291e-01
6.426316642936631407e-01
6.429045973242989431e-01
6.429435745294606042e-01
6.438094883653895373e-01
6.476251690932184335e-01
6.436657257702205204e-01
6.444902331237963855e-01
6.436884076132430854e-01
6.433461141746771306e-01
6.488152822063137926e-01
6.463941305166222007e-01
6.448097908745383799e-01
6.451600079948263122e-01
6.444073779118766332e-01
6.436092310045256060e-01
6.430649799557187629e-01
6.439104638469151931e-01
6.441584747534115918e-01
6.442253840080436333e-01
8.506977406763079896e-01
6.451531222893130968e-01
6.425196801747926623e-01
6.440313815531359953e-01
6.438101730175870285e-01
6.438242293313870546e-01
6.443151561983974096e-01
6.429955549148521632e-01
6.430335749527220646e-01
6.431981159979746066e-01
6.434746335290255637e-01
6.433926716500235621e-01
6.428581256335561545e-01
6.433907926204325278e-01
6.432666421015880154e-01
6.446433503199988646e-01
6.435965362137897605e-01
6.430336472514404100e-01
6.440148206527903652e-01
6.429402529572184610e-01
6.426833022265920903e-01
6.433886344185608674e-01
6.437632614852079049e-01
6.472766447951366908e-01
6.435451930433139234e-01
6.439624207226994912e-01
6.435982836485977243e-01
6.435640385798967467e-01
6.436877471114564875e-01
6.452953743484877158e-01
6.426269733368938919e-01
6.428540944964993287e-01
6.441322859281082280e-01
6.439002807828615449e-01
6.435186236271304150e-01
6.437632892408243768e-01
6.436983234146599342e-01
6.432967609076072346e-01
6.438751590688289728e-01
6.429813764241826268e-01
6.434723374875932489e-01
6.435390438166210814e-01
6.443674218873688408e-01
6.446223591749734583e-01
6.448947761359113962e-01
6.448082911532981853e-01
6.434915381982593274e-01
6.430507935144452736e-01
6.440846669264531643e-01
6.436758203179445692e-01
6.452314191998334003e-01
6.451118227909846681e-01
6.436754769797677911e-01
6.463916274867784750e-01
6.442550770182388087e-01
6.474041247873967286e-01
6.454191287955233225e-01
6.465207395246614919e-01
6.446077602942961171e-01
6.439206824980860944e-01
6.441665726766712119e-01
6.430742089353848057e-01
6.443236398464842196e-01
6.454437730324376066e-01
6.449931920779107264e-01
6.961762486841542863e-01
6.471811675596828017e-01
6.460774104101603132e-01
6.458753520209731258e-01
6.456123980963934805e-01
6.462395211901137415e-01
6.456248324531637106e-01
6.455522224836932610e-01
6.486105787465931138e-01
6.480287005092622010e-01
6.473618180374081099e-01
6.488246047332761890e-01
6.483214301246584821e-01
6.482239743875386484e-01
6.476988553850109298e-01
6.478573916287354573e-01
6.480202046303320529e-01
6.484791429994161138e-01
6.508218956247234788e-01
6.480435093128534829e-01
6.483172334642357537e-01
6.500323432022665493e-01
6.499870417723051519e-01
6.480423726470893042e-01
6.454658513657054453e-01
6.457701104531945457e-01
6.457624143328379862e-01
6.453368074233406526e-01
6.457606816430550012e-01
6.460124945116503259e-01
6.457630420137201455e-01
6.467997699839929115e-01
6.456623380033696957e-01
6.448906938072368478e-01
6.459962773489916765e-01
6.455488767289470076e-01
6.489763396817416208e-01
6.450902582918232042e-01
6.462074244637777687e-01
6.447378982683991122e-01
6.456002266572737902e-01
6.468487922748402674e-01
6.438529247934249300e-01
6.449102285527099632e-01
6.449988596634292914e-01
6.455601296089855667e-01
6.450261352187913744e-01
6.454654896533190689e-01
6.478927549808841668e-01
6.457571934753663090e-01
6.451892194997724816e-01
6.473684154124100809e-01
6.484381724432901617e-01
6.480625754856494947e-01
6.468389637655046487e-01
6.489923852906074320e-01
6.480497319116473864e-01
6.485262215363782889e-01
6.479068343019704912e-01
6.512445128530955918e-01
6.485088095080228099e-01
6.463287188859411225e-01
6.467237627475117545e-01
6.465545084814756649e-01
6.470231751036220613e-01
6.475191914840383589e-01
6.473937226174490966e-01
6.483914236737680081e-01
6.486480795769287155e-01
6.481086280177382752e-01
6.479995046946145365e-01
6.486748376764105428e-01
6.474539698388026565e-01
6.471327281459139380e-01
6.487960308171050183e-01
6.484382557729005958e-01
6.490143577091049831e-01
6.484423922007709340e-01
6.488220668746775832e-01
6.496863778619180740e-01
6.508895278846895671e-01
6.621734173370188437e-01
6.487908535304263147e-01
6.494340047042133079e-01
6.489185352953770192e-01
6.489414814580019009e-01
6.491568933615375903e-01
6.481778656511515413e-01
6.488569282217724332e-01
6.540614358590810529e-01
6.522603336644764438e-01
6.503042936674396923e-01
6.511618470957087901e-01
6.468079922016420902e-01
6.496762603380650258e-01
6.488432141714288726e-01
6.532943450383404960e-01
6.507491389792603442e-01
6.496718707122444147e-01
6.482953080323585748e-01
6.507995615019817048e-01
6.485326859005308142e-01
6.472246565476011959e-01
6.464115463367988701e-01
6.463385660895836216e-01
6.473659009471610659e-01
6.476646297094705851e-01
6.473711669225652443e-01
6.453824968613121049e-01
6.475410461582956634e-01
6.469575960356717115e-01
6.474354509989800333e-01
6.445722994215510315e-01
6.464463017546141499e-01
6.469719244058369512e-01
6.469741916830238360e-01
6.464867281996558024e-01
6.465407292905163139e-01
6.452649937046803785e-01
6.465257299680228220e-01
6.462077719162258038e-01
6.453188403455931699e-01
6.460335200330216132e-01
6.449663986117333270e-01
6.447182489712196540e-01
6.449018669483917998e-01
6.448794158402325616e-01
6.447347561623416601e-01
6.447206403652472329e-01
6.446580778391077793e-01
6.451117132177183189e-01
6.451783786787037567e-01
6.449003597799758403e-01
6.443678861609647424e-01
6.438299680669009595e-01
6.437402043827453735e-01
6.452138876081839891e-01
6.465098413942104161e-01
6.439382256759862422e-01
6.438004246437603051e-01
6.441312172282523951e-01
6.439722237965561646e-01
6.435840596963314786e-01
6.446867308787747053e-01
6.441031161800467864e-01
6.447909752654947813e-01
6.455460087690206850e-01
6.460182706564026045e-01
6.455751744746119902e-01
6.448962087642146068e-01
6.446356677022442305e-01
6.453629220439106584e-01
6.451665605190577413e-01
6.437847674079304472e-01
6.445731854820552220e-01
6.451411075164653619e-01
6.451794743303760349e-01
6.445875870680920494e-01
6.446983201372109562e-01
6.452120648044462614e-01
6.446734345915235975e-01
6.447668103718328103e-01
6.449481256779447946e-01
7.190920707553956071e-01
6.440367901730739142e-01
6.440419511830269839e-01
6.453653072208453967e-01
6.433474118288317056e-01
6.439295583711630577e-01
6.441388385652437876e-01
6.531406299905337942e-01
6.450820442713622871e-01
6.450654621097379193e-01
6.448903703542923083e-01
6.442853733380954351e-01
6.449458114650759022e-01
6.445964717922468834e-01
6.450360303617328483e-01
6.444758299322164152e-01
6.445198450327496165e-01
6.460295597092968745e-01
6.450524412155731468e-01
6.448874638084984845e-01
6.461848880730287625e-01
6.457239855879807200e-01
6.468439206189583457e-01
6.457167948851039174e-01
6.454923852895927405e-01
6.460310497473104041e-01
6.454995069612045056e-01
6.448072064282348581e-01
6.442729145479387798e-01
6.477520912256324870e-01
6.445012647800287819e-01
6.449353733914009457e-01
6.462734302572046285e-01
6.443586763149214969e-01
6.453620161508526465e-01
6.466249013515914523e-01
6.460614799710557854e-01
6.462185723701943107e-01
6.439016327955650043e-01
6.454355252154631017e-01
6.449287238694842994e-01
6.445031018965284852e-01
6.466490974382530510e-01
6.456953819182793541e-01
6.469505364571437322e-01
6.485121806380705900e-01
6.482414219821538426e-01
6.462050796675412601e-01
6.458904921490318252e-01
6.456122596960098825e-01
6.444213777496377027e-01
6.443562280245408447e-01
6.433575499046749746e-01
6.437046526821645909e-01
6.442836869515369269e-01
6.423163157729939732e-01
6.427484708396117297e-01
6.436330890857968612e-01
6.529488606464914913e-01
6.406091381409341201e-01
6.421610544238495200e-01
6.429994068217537162e-01
6.418208382646864996e-01
6.423325384673796989e-01
6.431494121145227005e-01
6.430288751688026938e-01
6.438099328746169636e-01
6.410108369670005635e-01
6.423652470097508393e-01
6.456730855854677653e-01
6.415745131733827655e-01
6.438592199447989994e-01
6.458347616542046143e-01
6.464100834399834072e-01
6.472984516352882078e-01
6.470747437607909935e-01
6.487777728219181750e-01
6.474809635953143738e-01
6.465303058162827909e-01
6.460215933964890134e-01
6.493545252847099380e-01
6.470355718569074099e-01
6.481969201624770971e-01
6.468878378733420309e-01
6.469290067760227192e-01
6.469146735980711993e-01
6.469898389254998827e-01
6.482578565401397874e-01
6.482845685365451471e-01
6.475015574918593364e-01
6.475644057194926972e-01
6.473731258891530782e-01
6.474811817025130090e-01
6.576813334307860526e-01
6.480038666711501749e-01
6.477605048328112236e-01
6.479984149824641326e-01
6.480636691074881384e-01
6.487036434959404518e-01
6.473407683736585039e-01
6.467829478159983214e-01
6.474810295906859858e-01
6.480191987023552480e-01
6.479175101383314317e-01
6.479918132795271513e-01
6.477026282082213315e-01
6.484256481558257068e-01
6.477366301483311606e-01
6.481222708220243378e-01
6.482792991399806137e-01
6.471664216871633180e-01
6.470250573636739944e-01
6.472211725090828427e-01
6.464196975769194164e-01
6.468105160029571365e-01
6.481493418490356095e-01
6.468297592184223399e-01
6.471462067688815711e-01
6.472422815609817359e-01
6.460949228178289871e-01
6.461536923133969212e-01
6.463443274719695708e-01
6.464913575258608436e-01
6.466564683454365525e-01
6.471773830595185517e-01
6.476501028933827619e-01
6.478131375362663480e-01
6.472824650973147964e-01
6.464055409671028984e-01
6.468442214441724181e-01
6.457771433379004833e-01
6.470782170516147236e-01
6.456495939930674277e-01
6.458179532676744383e-01
6.462883594261873421e-01
6.471260704377514994e-01
6.468203100151986851e-01
6.470363955155792324e-01
6.456859305753852585e-01
6.459005976891327716e-01
6.447429914780196114e-01
6.476251150934526635e-01
6.463168830141003962e-01
6.462923730994478699e-01
6.469609161935068187e-01
6.448652987517210500e-01
6.451197260600295413e-01
6.458337701859913071e-01
6.441657446202441184e-01
6.436072878679545139e-01
6.445020430134091871e-01
6.438467073391923590e-01
6.443271110232080545e-01
6.443126121998425937e-01
6.437470036103882798e-01
6.438066659046082219e-01
6.450978072245165951e-01
6.437811815933067727e-01
6.435944173104488630e-01
6.425538053809912720e-01
6.429491429844040873e-01
6.443716392108299607e-01
6.429061359494037120e-01
6.428471584046306919e-01
6.441247368426591402e-01
6.423929147006343099e-01
6.436003746651248747e-01
6.430574617927906633e-01
6.424707504540287939e-01
6.409620593567667557e-01
6.423060012378609684e-01
6.439483768463324376e-01
6.426250727708657795e-01
6.439708114232446379e-01
6.441625160312867138e-01
6.433506052635731276e-01
6.431493294515716608e-01
6.434273542383377453e-01
6.407206762206036910e-01
6.423525572467964073e-01
6.421454557471679703e-01
6.414919219461232558e-01
6.478877300903131964e-01
6.432136707926057184e-01
6.410464152837123120e-01
6.420088051925602057e-01
6.411887011208216025e-01
6.420776646905471674e-01
6.405095364280052328e-01
6.407283144282889253e-01
6.431336829997633675e-01
6.404539249606739926e-01
6.406408223420501091e-01
6.405824265977552168e-01
6.402133822589710643e-01
6.375709780008053107e-01
6.406858772605554808e-01
6.407208537328925591e-01
6.410309053652059053e-01
6.384094472641230755e-01
6.387326438618847746e-01
6.382392116250099612e-01
6.416624890707549600e-01
6.389181133016152980e-01
6.394244396702338795e-01
6.390447677279116334e-01
6.400860155689731545e-01
6.393899512470244684e-01
6.398585451806140245e-01
6.386797741057790301e-01
6.383605229210886911e-01
6.383129561322132828e-01
6.362685025069028111e-01
6.411745974429010619e-01
6.394311471150964099e-01
6.412559924633584041e-01
6.413197605440461579e-01
6.427391372147310822e-01
6.377269058561600978e-01
6.357512875864043123e-01
6.388101851104068807e-01
6.355229975949627796e-01
6.377942380752608109e-01
6.336198061630495815e-01
6.337744472137490925e-01
6.427659074658611527e-01
6.414283365753012944e-01
6.400275400375057266e-01
6.401364672942475575e-01
6.413136988646211956e-01
6.401229227574140035e-01
6.404165796063427951e-01
6.414592128099102508e-01
6.401354327164465730e-01
6.417621562719920680e-01
6.411082652947723837e-01
6.413313859758233981e-01
6.413110046485566151e-01
6.405635021693649733e-01
6.372017272358047046e-01
6.370520675526324395e-01
6.378859632241151711e-01
6.372305837404267370e-01
6.410379228107571103e-01
6.379379221253642651e-01
6.387459757286895190e-01
6.372519953739024245e-01
6.392560350414352444e-01
6.390051772246447825e-01
6.355732346408750066e-01
6.367257351757201755e-01
6.360773367564993563e-01
6.367678758622681290e-01
6.365461906416549631e-01
6.363348291737107587e-01
6.365204257539177624e-01
6.373692997863403820e-01
6.364547715063575417e-01
6.372739899105288597e-01
6.375888801640094972e-01
6.370167608170181905e-01
6.378403729773208797e-01
6.391617288684509068e-01
6.386986384225598057e-01
6.367495461104433208e-01
6.375905549305019848e-01
6.395416902464702291e-01
6.387828506634181114e-01
6.383318920440568256e-01
6.394230511554881424e-01
6.399146089682635763e-01
6.400440226248059750e-01
6.409806844009677818e-01
6.395016632643628629e-01
6.399369275576769489e-01
6.401627970690784153e-01
6.396837444312269971e-01
6.398720189551870829e-01
6.411280137601236273e-01
6.523525211085839937e-01
6.396612004026682730e-01
6.406295522100140527e-01
6.402515652755947917e-01
6.398216228659180382e-01
6.399900344947726527e-01
6.395486276567301509e-01
6.396613462605102995e-01
6.397628330865693380e-01
6.397116804808027357e-01
6.383810821335254015e-01
6.391022076527587137e-01
6.386216661674293249e-01
6.390183165636769136e-01
6.394861770344489882e-01
6.389321372814997790e-01
6.389356187030624801e-01
6.397511528763546451e-01
6.396610900084866991e-01
6.373327237943480217e-01
6.391552330403419413e-01
6.406043201500596362e-01
6.442253875053377543e-01
6.408899703935997394e-01
6.408562268704521836e-01
6.415915204138890049e-01
6.407678098449874904e-01
6.406465483923569071e-01
6.410520775640894398e-01
6.409096458809191432e-01
6.415273912903554088e-01
6.413578242314071920e-01
6.416985401076433781e-01
6.417621382984917133e-01
6.437241423451904865e-01
6.418003305811241788e-01
6.413175340029252380e-01
6.411818367870052437e-01
6.411392333925520770e-01
6.409700025901875486e-01
6.410713833770042003e-01
6.411476528623775151e-01
6.431080822494504856e-01
6.411679343742145987e-01
6.420076280585831352e-01
6.418859331890657272e-01
6.419137046592986451e-01
6.416647874529861628e-01
6.422566429091245421e-01
6.425791931071598295e-01
6.411689211837958702e-01
6.418327722250951606e-01
6.416004666345728191e-01
6.417846651439325090e-01
6.431478692507345274e-01
6.417158483929543689e-01
6.438135550858765654e-01
6.444934600005606251e-01
6.458395418873621452e-01
6.459958121283231325e-01
6.454034781951665245e-01
6.745481080063406853e-01
6.448874298100725211e-01
6.445486607239521160e-01
6.448648770798445229e-01
6.447438963509477539e-01
6.456618839699627133e-01
6.453060638018930373e-01
6.458817712316102799e-01
6.467680586649543484e-01
6.461903121446147535e-01
6.443538271201392220e-01
6.455215140285648356e-01
6.447564918850732241e-01
6.450443973363925165e-01
6.453253436735245652e-01
6.454871203740863983e-01
6.456363480191105175e-01
6.458303114524863719e-01
6.459631702275194787e-01
6.462112042407439638e-01
6.450451845668601081e-01
6.450963994420707559e-01
6.453431757043770478e-01
6.455861897296036878e-01
6.452503880819722148e-01
6.454530507625512170e-01
6.442372928883288719e-01
6.458246049580174120e-01
6.447881778588633317e-01
6.445626877637563590e-01
6.433150503954612187e-01
6.437339023678776417e-01
6.434009429603312347e-01
6.436454601672453313e-01
6.435320663774264371e-01
6.433647014447575474e-01
6.432854927891333841e-01
6.436584020384769067e-01
6.424504462811750916e-01
6.408018937689070604e-01
6.410193883494068601e-01
6.428040105744603494e-01
6.419723352869983746e-01
6.423530005241201435e-01
6.418230380524747591e-01
6.411639888777390661e-01
6.413916514386057699e-01
6.419118554614299255e-01
6.400114416677764595e-01
6.403886740510400521e-01
6.405834035730280096e-01
6.411495895959826719e-01
6.429472710516481726e-01
6.423248855808693092e-01
6.422812224082155019e-01
6.426517959103903443e-01
6.431134628134377307e-01
6.426595697133983265e-01
6.413304100965411259e-01
6.411488072712108188e-01
6.409218696667488002e-01
6.413847898083026022e-01
6.416422305552029748e-01
6.410942302685012084e-01
6.416061504684495986e-01
6.410270366253143504e-01
6.420250121416454236e-01
6.413621733629959465e-01
6.410141365040761263e-01
6.410575156375670769e-01
6.411536724967128453e-01
6.410926767054518916e-01
6.418420337103443174e-01
6.415797064989561260e-01
6.415679051006432099e-01
6.415950040283912026e-01
6.413789060766639238e-01
6.420036563912892014e-01
6.433751592983866230e-01
6.417979240728528545e-01
6.412966815852828573e-01
6.415840646775072820e-01
6.410045212810752124e-01
6.415199323480598181e-01
6.413789764100514823e-01
6.413138343341601155e-01
6.439548674247488336e-01
6.414940629964702712e-01
6.414902757035965131e-01
6.416377318974789690e-01
6.415937412518074590e-01
6.419364000405453075e-01
6.410740313614523567e-01
6.417895053572546527e-01
6.418085364818115757e-01
6.417757455028524349e-01
6.422198316925291639e-01
6.414369694207154859e-01
6.412598489471650343e-01
6.408431688514832913e-01
6.408490820277601419e-01
6.404512709988073871e-01
6.405534936255293799e-01
6.399736632472051712e-01
6.405374049641036072e-01
6.409512083451793796e-01
6.406509616761244530e-01
6.403157344423562325e-01
6.410081841478706410e-01
6.402033973135257128e-01
6.406699656575035595e-01
6.399345338298840780e-01
6.401895352102300318e-01
6.402806851143416633e-01
6.402644093575984297e-01
6.405291199157556736e-01
6.406564057473567164e-01
6.417043478599168127e-01
6.412208081059509457e-01
6.400931254093782385e-01
6.406283108566559470e-01
6.399420744726209698e-01
6.407409920842209727e-01
6.396560125155631438e-01
6.408286590710026154e-01
6.398749701361654552e-01
6.404715730364756165e-01
6.408324066891784021e-01
6.407351861884966748e-01
6.398372213069325465e-01
6.396661576440358932e-01
6.407586847287419785e-01
6.397898984646162024e-01
6.398387073449737228e-01
6.397121876225906334e-01
6.408935875230454826e-01
6.395793237801813413e-01
6.399052356346930370e-01
6.394569476299508670e-01
6.388047838970888348e-01
6.391996775008789156e-01
6.388138608780840055e-01
6.387565615478242309e-01
6.392442476699180531e-01
6.393465180123826253e-01
6.392830676727527806e-01
6.395265004533264852e-01
6.391951811194221955e-01
6.383298637274409382e-01
6.388910865416637108e-01
6.380253462803204823e-01
6.378452390272268957e-01
6.386601690879658566e-01
6.387590312928472791e-01
6.382948338480427530e-01
6.386817573428460459e-01
6.381245431274497060e-01
8.391987632411843645e-01
6.399237973843864280e-01
6.374680327402545421e-01
6.374679966254580554e-01
6.379337383655506732e-01
6.382018608153766648e-01
6.384848855252558408e-01
6.382543445229829082e-01
6.388499883275809976e-01
6.386893529652913903e-01
6.386222163615163927e-01
6.388533154789937107e-01
6.383202415626645365e-01
6.396575673992199729e-01
6.390507901407177505e-01
6.398509479372114228e-01
6.393712776227598038e-01
6.395830009861861454e-01
6.395913368983354719e-01
6.394675915790504206e-01
6.393315050885418627e-01
6.380181991665292429e-01
6.398152933198143488e-01
6.392185782307693298e-01
6.388356430167676514e-01
6.386629787185409413e-01
6.396588284419721937e-01
6.394395922618597572e-01
6.391323353308218103e-01
6.395883476707535653e-01
6.383100960405345692e-01
6.390733684820537608e-01
6.385474010108856957e-01
6.384483005896075536e-01
6.390769870867091251e-01
6.385959012810962232e-01
6.393860947064532452e-01
6.384399280420983702e-01
6.397964968791112206e-01
6.406336261390914721e-01
6.385639137547123312e-01
6.381805988585206313e-01
6.381165417933432060e-01
6.387514387904821289e-01
6.387568923144055777e-01
6.385983436220631360e-01
6.384410103336335407e-01
6.382468759300530259e-01
6.398238887744480685e-01
6.395840472648390840e-01
6.397705214864716217e-01
6.390943821801279290e-01
6.396587446900474649e-01
6.392608503675332177e-01
6.389850697447728711e-01
6.395629492904402191e-01
6.393752359379301087e-01
6.396251845931428814e-01
6.392228801248687198e-01
6.397066255742296370e-01
6.390741706616065443e-01
6.393969881461472049e-01
6.392147998595275604e-01
6.393929621544622854e-01
6.397779819085573916e-01
6.393649798888703106e-01
6.383898599788834227e-01
6.384837124241857786e-01
6.390446965757708986e-01
6.385599782495948729e-01
6.385083706569947282e-01
6.379836954875475197e-01
6.383605277853732218e-01
6.386873838640045875e-01
6.388689152197325472e-01
6.388925503635014547e-01
6.387931539023388172e-01
6.383346292935455635e-01
6.390392583993178555e-01
6.390445034800454893e-01
6.378810901110496534e-01
6.375952801145554627e-01
6.379431100715815539e-01
6.381687174971073517e-01
6.385934764446590250e-01
6.381692297086554166e-01
6.384197820194503770e-01
6.379899356247200615e-01
6.380531180697437410e-01
6.382000934476516063e-01
6.384797938784455562e-01
6.386836506957271897e-01
6.376689850500023571e-01
6.381420025811451735e-01
6.389303266251000757e-01
6.388043365087467951e-01
6.392530629814553444e-01
6.386422710010952741e-01
6.387051231155096431e-01
6.387794255832695001e-01
6.470665967133344409e-01
6.389592088718083485e-01
6.382076367562312669e-01
6.394623728726611667e-01
6.388095689048101100e-01
6.383817260670620053e-01
6.385190700348570836e-01
6.378481393639928720e-01
6.390151159316308505e-01
6.386590514494678850e-01
6.388281154887671676e-01
6.388346136543143761e-01
6.386916336141672534e-01
6.387334002020398360e-01
6.384801190631911316e-01
6.378410169366844906e-01
6.376314972644741008e-01
6.388158850828707935e-01
6.386380270113205526e-01
6.384368391472936555e-01
6.382021453756306917e-01
6.383008130846581363e-01
6.385315686115500267e-01
6.393174306200927193e-01
6.376266676928031840e-01
6.402476615471766053e-01
6.380983460818856479e-01
6.386983062996924865e-01
6.377706180969765493e-01
6.379795351461441388e-01
6.379371822111429280e-01
6.393480698163571674e-01
6.379528490000558882e-01
6.366771184131918560e-01
6.381642263151563466e-01
6.352684798831889079e-01
6.351866971793548311e-01
6.377740639674780443e-01
6.354824302841186601e-01
6.349760193351996485e-01
6.386356128778123420e-01
6.382190445334980922e-01
6.377025109591161200e-01
6.375933859293119177e-01
6.374272946558459108e-01
6.347699978834624446e-01
6.352694768158684280e-01
6.351013539782204287e-01
6.380440318080539130e-01
6.351610760590236104e-01
6.350166957672216395e-01
6.357614708232461886e-01
6.330404000500399198e-01
6.348378874981531750e-01
6.323764709942440998e-01
6.327887018941548147e-01
6.322752482133630059e-01
6.335087791374258703e-01
6.332938867690988127e-01
6.322409866067189022e-01
6.325140239420459221e-01
6.315601350931973057e-01
6.321523093110137381e-01
6.316887196546291383e-01
6.306951942612782913e-01
6.314576704122127904e-01
6.308441364802612750e-01
6.328870713401442138e-01
6.310573849963508897e-01
6.325803965669457574e-01
6.324259450944358374e-01
6.351307576186835391e-01
6.322141198741013657e-01
6.316040134248374072e-01
6.345316052329291745e-01
6.373864155650696972e-01
6.372725747109870831e-01
6.381743434603708298e-01
6.388995738046080453e-01
6.378296538369639945e-01
6.377897783992052538e-01
6.378464430044823441e-01
6.376108659127582845e-01
6.393305159957676231e-01
6.377709702176910245e-01
6.378001086322890867e-01
6.371019061661588045e-01
6.379373905776272169e-01
6.370924782434126410e-01
6.378015932485404660e-01
6.383338322593639091e-01
6.377069866479171401e-01
6.376016606444029344e-01
6.373153197930705449e-01
6.372616599437668228e-01
6.373317402265441523e-01
6.371421705693036674e-01
6.375304185794616885e-01
6.450676526785908971e-01
6.391233359597100483e-01
6.387751812185382683e-01
6.390575211297760960e-01
6.381984835640331921e-01
6.372478701159929315e-01
6.374172814358812778e-01
6.372624882998924045e-01
6.371818487343891002e-01
6.374706746636198407e-01
6.371945858676448804e-01
6.371440079779714383e-01
6.371301427292007657e-01
6.374674198193340802e-01
6.366683873769978241e-01
6.368034201109332715e-01
6.367620994669488388e-01
6.366300648812632801e-01
6.368693969716863190e-01
6.371906869991939004e-01
6.360675979999877994e-01
6.359751531644354250e-01
6.359902441894502712e-01
6.383875653784919502e-01
6.360420088930640592e-01
6.372901021321527582e-01
6.365231533080015769e-01
6.359061900431437486e-01
6.359420710232143170e-01
6.371012465349483733e-01
6.363916931480279038e-01
6.452684194374747051e-01
6.365708165968189114e-01
6.359663709493851291e-01
6.356745022735761363e-01
6.359758224325069431e-01
6.452755740916339411e-01
6.363252339177765116e-01
6.356948759338911792e-01
6.358435172518165368e-01
6.361545438433262589e-01
6.356915848007670400e-01
6.360308344890086563e-01
6.364643617855005875e-01
6.354308227187868141e-01
6.356702334768846718e-01
6.337601151357671325e-01
6.356648839211962443e-01
6.386506526585136179e-01
6.333932596616459465e-01
6.353991339712248276e-01
6.328719392152494239e-01
6.380635248689203731e-01
6.337939114799945317e-01
6.348694420682519102e-01
6.346849658021525009e-01
6.334868985105458483e-01
6.349907985590685922e-01
6.309163124591639082e-01
6.363281412595784836e-01
6.374640530626174417e-01
6.373132369398026853e-01
6.360629069958509962e-01
6.312066961960125511e-01
6.356372625011040833e-01
6.355184416055909002e-01
6.353764735083379245e-01
6.335816528751686549e-01
6.342029302241326549e-01
6.354739931200360514e-01
6.354285675673532197e-01
6.350963442262838043e-01
6.335150761615954140e-01
6.353297832083311114e-01
6.321055672566335826e-01
6.314198237952297621e-01
6.342467791914951913e-01
6.357026833389534115e-01
6.353439020875235599e-01
6.370744593172836812e-01
6.364036217164888987e-01
6.371485749497469708e-01
6.375141935768761092e-01
6.387838971542335598e-01
6.364620704965018305e-01
6.390179003365560328e-01
6.376033782890643264e-01
6.375213233704508653e-01
6.376969172813716780e-01
6.373945265591748344e-01
6.385165095329230489e-01
6.366847433004585444e-01
6.370007693504813329e-01
6.364923678259659656e-01
6.364717016525749393e-01
6.347251747352872231e-01
6.364343292365920446e-01
6.349858516880864112e-01
6.348842445450307848e-01
6.360858788113449291e-01
6.364361279003452054e-01
6.374936441199640091e-01
6.372571787527370191e-01
6.379185595841647682e-01
6.364675646032114109e-01
6.344544567956619252e-01
6.347058310698228123e-01
6.378117064149363413e-01
6.370794130934075428e-01
6.365481502951979564e-01
6.366337926263325731e-01
6.349650838399532038e-01
6.357103159797141689e-01
6.363121178499522301e-01
6.333595126855680046e-01
6.331029603808115969e-01
6.366805713061282068e-01
6.361019652525157220e-01
6.361000503500290337e-01
6.364462654344072989e-01
6.347192723313855867e-01
6.366788135524061865e-01
6.363658806785693622e-01
6.335647104824451148e-01
6.333821878149813456e-01
6.342581406619726136e-01
6.345718179608110798e-01
6.336062078389057550e-01
6.361646809329245533e-01
6.351700316392467904e-01
6.360609812040187716e-01
6.344027047657396778e-01
6.357861340562954711e-01
6.347304948626427690e-01
6.321206874999631964e-01
6.323199258171476878e-01
6.322916953492441205e-01
6.321142326565928338e-01
6.319991411148311311e-01
6.323023405466371427e-01
6.321459914287173021e-01
6.360196903621154751e-01
6.361494481895616504e-01
6.365580816976343925e-01
6.330197726441409989e-01
6.334163476863037268e-01
6.331863560575156091e-01
6.331702910849523747e-01
6.350914464514884061e-01
6.351168208937578719e-01
6.357780809646902398e-01
6.361730525813394932e-01
6.349376534880371015e-01
6.343951115734797197e-01
6.332046412597061025e-01
6.338010447719799600e-01
6.338818774330851058e-01
6.351860657624052164e-01
6.335879101542056802e-01
6.331607438595454607e-01
6.333109849415063941e-01
6.361901817384939539e-01
6.333278025062334393e-01
6.325378644738568479e-01
6.336650780793817717e-01
6.329482349904743677e-01
6.343768763380307485e-01
6.346394443594522983e-01
6.346836263925164090e-01
6.344800839030013684e-01
6.347506318567530670e-01
6.345882016789994307e-01
6.361521869750541569e-01
6.347387425426636032e-01
6.344919605556256226e-01
6.346451407309809944e-01
6.339558859963860815e-01
6.340093636278756328e-01
6.349885286783353289e-01
6.342819813930394846e-01
6.365118997306671300e-01
6.347603974615070310e-01
6.342415544999033816e-01
6.351705430515618422e-01
6.347460321774762715e-01
6.339237876665400062e-01
6.345072831537104108e-01
6.351498634873096183e-01
6.376415616544760523e-01
6.354027977392082693e-01
6.353219167848556115e-01
6.359182008829353805e-01
6.355208618803819265e-01
6.362613926113348528e-01
6.363485558573469536e-01
6.351942211124620430e-01
6.349072372442664536e-01
6.353320416624151923e-01
6.354815330923662131e-01
6.363786806774568428e-01
6.370137868084613242e-01
6.361938299890937953e-01
6.372875330920168002e-01
6.353539829047143428e-01
6.372890002033737566e-01
6.372355465931947016e-01
6.388486507060081587e-01
6.373751314823574710e-01
6.399699428560544634e-01
6.381168730570653258e-01
6.388309286102751283e-01
6.370234001726380324e-01
6.389193950930804888e-01
6.363938743348476201e-01
6.368071122054413946e-01
6.356284578188029499e-01
6.387280157804706704e-01
6.411583172772523653e-01
6.385698745815252542e-01
6.384919295676646511e-01
6.384895622035355878e-01
6.414678010692158594e-01
6.389799678006667927e-01
6.394109241861920534e-01
6.383794918961968046e-01
6.377259962523826875e-01
6.372746201114019016e-01
6.379304677762912545e-01
6.380688852575566727e-01
6.375027581773572427e-01
6.396504042792139355e-01
6.373441400720183392e-01
6.391257534606509250e-01
6.391996130467443304e-01
6.373597980063698820e-01
6.371696797794892397e-01
6.381137801574445767e-01
6.378859083925337847e-01
6.374553463330526748e-01
6.369329397155883976e-01
6.374214221043124073e-01
6.376148810026904812e-01
6.378642026228299455e-01
6.360787572540655965e-01
6.362334705495834575e-01
6.361806250526399475e-01
6.359273346728676612e-01
6.359627583431610720e-01
6.356363293072386789e-01
6.358551226059562245e-01
6.357885076267798530e-01
6.363345116843417415e-01
6.371094735526233732e-01
6.363875232663031012e-01
6.366567355512884330e-01
6.368095473987970268e-01
6.373773054073851307e-01
6.370124055377051064e-01
6.363807030200602233e-01
6.368343304346137934e-01
6.602145054609065422e-01
6.363656069335302812e-01
6.368668918568999304e-01
6.360872223004876425e-01
6.360619165165178890e-01
6.371900362163478437e-01
6.363725479851944922e-01
6.364841727929770876e-01
6.368518422773304932e-01
6.366904716020570509e-01
6.366522294496855805e-01
6.366145037348880376e-01
6.370400824583678512e-01
6.361107118213260581e-01
6.360546204855943575e-01
6.366934724851944782e-01
6.362226016726394429e-01
6.361969186987219693e-01
6.369410643713924181e-01
6.360072927369899709e-01
6.369891072440637680e-01
6.374095210689431079e-01
6.363752168122454034e-01
6.377334641004139826e-01
6.361669509065814854e-01
6.356660627644574735e-01
6.362080209371260286e-01
6.380289534622519687e-01
6.374477671569052095e-01
6.384003473217658708e-01
6.386449599216634798e-01
6.381244287681936411e-01
6.378760499532851735e-01
6.374908507949803571e-01
6.381797792713829187e-01
6.376209105610471939e-01
6.383072233682303143e-01
6.397338041805760156e-01
6.392895890011710547e-01
6.397731688528589533e-01
6.392921006242936466e-01
6.393086153510590952e-01
6.394229117025480580e-01
6.384154416519194353e-01
6.388761718216829921e-01
6.389002435730827267e-01
6.387955658146420301e-01
6.375956030617366821e-01
6.384833377276842858e-01
6.386882792071477688e-01
6.384397036180471385e-01
6.395388625411985162e-01
6.399385057647097863e-01
6.396195220956043537e-01
6.389087665647981140e-01
6.381199724888890756e-01
6.381133757006769436e-01
6.391724924306096955e-01
6.396033985453821735e-01
6.390297509162163880e-01
6.398888986141050284e-01
6.394045979734090945e-01
6.386817430902849146e-01
6.381179443206475010e-01
6.384668263579584835e-01
6.385405109627269038e-01
6.386574325973595201e-01
6.407390651998071673e-01
6.391546577473125046e-01
6.386971174757091196e-01
6.387528038033575273e-01
6.397449947577549256e-01
6.385076041057490270e-01
6.386202854528109096e-01
6.383084996148109536e-01
6.393820275643867790e-01
6.397011390727829205e-01
6.388351047099158908e-01
6.393711338072708417e-01
6.399997863123685349e-01
6.405004897719974721e-01
6.410495312218180697e-01
6.391954760622897691e-01
6.399405659349648445e-01
6.383361629396731018e-01
6.396546164876081297e-01
6.390651842201326982e-01
6.394294513441265426e-01
6.606118597853392060e-01
6.378862459537730789e-01
6.400456005014605321e-01
6.406419846061152112e-01
6.389019740049604046e-01
6.382647011321869179e-01
6.390898781308611554e-01
6.386032208651156727e-01
6.385895794622925559e-01
6.385946344336147495e-01
6.389320737996726507e-01
6.385911290493444525e-01
6.386133764170426330e-01
6.384343709630110331e-01
6.379576952332327577e-01
6.380207985491168632e-01
6.382245028310883361e-01
6.384418937999658539e-01
6.387062627705947238e-01
6.382646663098237028e-01
6.382081969541603117e-01
6.382642041299658731e-01
6.381114250173689495e-01
6.381367363432327577e-01
6.385509481205333682e-01
6.382307223909888805e-01
6.374426037034536252e-01
6.378575575166508527e-01
6.381026404260062845e-01
6.376396166803397492e-01
6.378776324314046065e-01
6.390334959149041039e-01
6.394263765990023662e-01
6.381037651031997715e-01
6.395106241355215104e-01
6.378491315332204259e-01
6.374194898806324616e-01
6.370693125441676541e-01
6.373712213751436817e-01
6.372665648980631037e-01
6.392888350683939569e-01
6.385098843391476819e-01
6.376574179481424576e-01
6.367562926431027392e-01
6.375799527754213436e-01
6.375054787879834706e-01
6.365957424258055219e-01
6.365418190230451856e-01
6.354968878505375951e-01
6.364608337154462614e-01
6.386620293956994932e-01
6.374850399174675220e-01
6.374975682426831103e-01
6.371884325245493752e-01
6.382377189407080209e-01
6.376927013343677286e-01
6.369435166178717411e-01
6.356976510090378563e-01
6.373593059723061671e-01
6.352410643198196372e-01
6.356616240542014573e-01
6.365458501436331851e-01
6.379255349428358812e-01
6.365736473115369831e-01
6.366967919952079002e-01
6.353598953115957571e-01
6.347282974335333172e-01
6.350525782852098899e-01
6.348189108492673371e-01
6.346312979492947370e-01
6.344559847388421270e-01
6.346847233116392761e-01
6.355773705553766639e-01
6.363645762134877426e-01
6.352850143907000646e-01
6.347107747470304151e-01
6.350441739125016749e-01
6.350267269941317627e-01
6.350144538638098357e-01
6.344463704301386286e-01
6.348147828890853273e-01
6.345836990176187964e-01
6.347929516575396836e-01
6.348749098563924997e-01
6.348607016709701956e-01
6.353084264484166743e-01
6.341080453049107168e-01
6.346467590355369115e-01
6.347679619539124962e-01
6.347165521307809311e-01
6.348869953276421452e-01
6.343558857828581754e-01
6.353963321161522071e-01
6.343872153825091953e-01
6.341105472778989505e-01
6.370013227021247282e-01
6.345243818528413238e-01
6.338119613115735795e-01
6.343057968885864595e-01
6.343586849808846573e-01
6.347924227733203750e-01
6.376064956309052123e-01
6.343622066960310502e-01
6.343530283812741644e-01
6.351124359453557133e-01
6.344150066902858320e-01
6.343590074274675361e-01
6.341694809646428732e-01
6.340451963522405476e-01
6.344884018293697192e-01
6.337565296297009709e-01
6.340978553052096789e-01
6.342855769818110945e-01
6.341953285060584200e-01
6.342572611608253697e-01
6.337960765247987460e-01
6.330009854684577331e-01
6.327290584277770469e-01
6.339708634591392222e-01
6.332989724844725332e-01
6.327453234085949063e-01
6.323216991047102553e-01
6.336333554616632169e-01
6.327452753132771779e-01
6.329348687023346187e-01
6.318508466661387768e-01
6.316449599395689285e-01
6.314059455967702128e-01
6.314752407466794892e-01
6.319363718461563639e-01
6.316447815886054862e-01
6.309323175946186524e-01
6.327660198466749097e-01
6.322887708731961265e-01
6.326036279073916635e-01
6.342788992919635715e-01
6.343942516551278610e-01
6.317024659632675121e-01
6.317330355293457878e-01
6.305863696646062388e-01
6.312950620458850359e-01
6.313870908838408180e-01
6.343960832583523946e-01
6.342207602396617849e-01
6.331275706988875873e-01
6.316817202791296104e-01
6.318051600807800261e-01
6.311194822774149893e-01
6.313005271671967567e-01
6.314463178337551552e-01
6.320342310766557947e-01
6.317875560317911532e-01
6.316366500092984726e-01
6.316273951564475020e-01
6.314054876499043401e-01
6.315613567212664536e-01
6.314007325414616734e-01
6.310309652987002860e-01
6.315321140071371575e-01
6.321171345591771740e-01
6.310774267875176591e-01
6.315387176902028665e-01
6.312949850599669510e-01
6.312923852742649000e-01
6.312455480007077568e-01
6.310652987504501432e-01
6.307598345636341586e-01
6.308878319608934859e-01
6.307646122368030239e-01
6.306924293113451707e-01
6.304957616843487322e-01
6.312262528474279488e-01
6.311371273772283796e-01
6.310001427849184497e-01
6.314046299568498721e-01
6.310619179723423455e-01
6.319925292147597906e-01
6.315464476458589882e-01
6.322860084515935508e-01
6.317101436028722539e-01
6.315875603703124952e-01
6.312565551414690557e-01
6.310256356098333796e-01
6.301222157261028300e-01
6.306515218608782503e-01
6.305137518360497406e-01
6.296715587704844186e-01
6.302127880211997324e-01
6.298524736340811447e-01
6.307421783635858148e-01
6.300803652800861521e-01
6.317718042905720033e-01
6.305130412873563017e-01
6.305489327298680058e-01
6.306547686224087679e-01
6.313738325533334583e-01
6.298620462201792725e-01
6.308386199382933768e-01
6.307754247365628952e-01
6.304685212862851662e-01
6.303722837123985068e-01
6.309036991807001060e-01
6.309641717636007563e-01
6.315407862206048328e-01
6.315344361264138007e-01
6.316313996691840238e-01
6.318278026627694999e-01
6.314367784550285467e-01
6.315421292863501179e-01
6.313943946624563930e-01
6.316481230222490417e-01
6.312458042225577159e-01
6.383984242127975772e-01
6.316882705679254251e-01
6.312718718397108963e-01
6.324179100685869415e-01
6.316364244373139369e-01
6.316827254890934329e-01
6.316888960528108665e-01
6.317256183734514252e-01
6.314468729540787528e-01
6.306907259518422793e-01
6.309660403632919579e-01
6.318684659261709635e-01
6.309913948542046347e-01
6.313665461832294046e-01
6.317944397472651241e-01
6.312836171430319387e-01
6.312348337368475226e-01
6.311827710953310522e-01
6.310247792170801118e-01
6.319560505548111884e-01
6.310754849544868428e-01
6.326731765972168908e-01
6.315223421083060451e-01
6.315635197237068343e-01
6.315997947575165972e-01
6.319716989487906833e-01
6.318953219787091236e-01
6.316912298972373607e-01
6.316158365646792339e-01
6.321745592684095971e-01
6.326572085742168117e-01
6.328212079617427932e-01
6.329177519616275838e-01
6.332981020061663191e-01
6.321104041678490271e-01
6.319948299051767471e-01
6.320694885309869893e-01
6.319796931372421156e-01
6.318254256347721753e-01
6.328355660684917838e-01
6.321117369700860467e-01
6.322336737361617942e-01
6.322655761198584523e-01
6.322203861397206470e-01
6.311240810913347765e-01
6.309074284958458012e-01
6.311023557809816165e-01
6.308363796168519055e-01
6.309883916379703805e-01
6.316284790283586137e-01
6.312894712566747835e-01
6.311652242646552669e-01
6.312766109638293655e-01
6.306972001627840774e-01
6.296133498434079989e-01
6.299784841524923573e-01
6.301569220352343237e-01
6.292858807835526314e-01
6.310268355521454486e-01
6.315922947132905918e-01
6.308700061456427033e-01
6.315242407944851033e-01
6.318319996689878426e-01
6.304745758136239830e-01
6.307999556695406129e-01
6.305724441452982276e-01
6.304070033112828542e-01
6.302386489589243412e-01
6.301592656651990865e-01
6.307429679790587107e-01
6.306151259166706824e-01
6.313914430596057059e-01
6.304604786835248387e-01
6.304239643433937612e-01
6.307799201205761541e-01
6.299937560554729199e-01
6.302715469976905016e-01
6.310537120920516330e-01
6.315361215753542146e-01
6.314821373306522823e-01
6.312490060823163773e-01
6.314202532003048152e-01
6.324461790627556868e-01
6.306142430152057443e-01
6.307432237357628591e-01
6.305795794075710337e-01
6.307184897361366449e-01
6.307194041167798471e-01
6.305042512905433272e-01
6.304968567747417652e-01
6.309707748875312827e-01
6.306181242737253223e-01
6.308185924399376532e-01
6.307524440790042153e-01
6.303813707270869982e-01
6.303927810839279333e-01
6.312645884455265755e-01
6.310243380415321290e-01
6.299984719692039992e-01
6.302710645854543436e-01
6.314563132732838868e-01
6.318305145366228670e-01
6.320992926539769075e-01
6.314574802918905272e-01
6.319122428976595707e-01
6.310368115087416907e-01
6.305842415994276084e-01
6.309032504562593902e-01
6.322081992098530501e-01
6.318484211233499348e-01
6.319189785393322101e-01
6.339565842325081135e-01
6.324845927999860340e-01
6.319973222062817975e-01
6.314906160035530513e-01
6.315422457421070446e-01
6.320708569809692090e-01
6.320031535100369968e-01
6.328356515298100282e-01
6.655264508231757414e-01
6.361090017421185960e-01
6.319271351935183967e-01
6.321765782076010920e-01
6.323774854093271447e-01
6.309192378692540792e-01
6.316733493969562963e-01
6.314639418772585167e-01
6.310870039562337386e-01
6.318089900197922937e-01
6.316878076774354867e-01
6.315314073889278790e-01
6.318395853721792133e-01
6.313914224187822111e-01
6.338015023884165933e-01
6.319733475689378599e-01
6.314491616181817646e-01
6.323619987010089538e-01
6.321378852632624223e-01
6.318082544689805902e-01
6.320666261474864323e-01
6.320543877273152589e-01
6.323505598306813358e-01
6.323053792508417370e-01
6.319798696898702994e-01
6.318765359299330919e-01
6.328803977525766511e-01
6.315002044773596612e-01
6.312221669053097450e-01
6.316821242017638394e-01
6.318856412004197898e-01
6.313723996817872663e-01
6.313795880639668789e-01
6.313147447287297265e-01
6.313181716844186164e-01
6.311336964357773249e-01
6.315616958506811152e-01
6.340132297324713173e-01
6.334146489458388762e-01
6.336418469972868728e-01
6.335599792029590338e-01
6.337408252666072439e-01
6.333765929895628366e-01
6.337425669771790115e-01
6.329378695206251404e-01
6.327985915388754101e-01
6.563286332839141091e-01
6.331414230262490950e-01
6.331826274717602399e-01
6.331009860244546372e-01
6.336000719387044899e-01
6.335704919629183696e-01
6.335084450020915803e-01
6.334232582027411462e-01
6.326847563364628169e-01
6.329241250885999648e-01
6.330962753463802439e-01
6.350692902687987695e-01
6.343059111104359937e-01
6.348671669976975185e-01
6.338799118728140058e-01
6.369307776115090691e-01
6.357294941552296130e-01
6.358273175115940479e-01
6.351980168206365907e-01
6.334461834876879971e-01
6.334611342202016715e-01
6.331212161865079624e-01
6.351625824179775170e-01
6.353406981922813390e-01
6.360126262681550235e-01
6.346695664129424763e-01
6.347107082067878769e-01
6.352163535863030175e-01
6.346102751845672518e-01
6.331894936441161414e-01
6.349406108974845475e-01
6.332660694550733549e-01
6.334722111862628458e-01
6.334613000192164112e-01
6.333268890944805385e-01
6.330166544738564660e-01
6.332303701002399698e-01
6.335365042385805445e-01
6.342152466945094602e-01
6.332029980730990992e-01
6.335087012869692336e-01
6.334739049895943275e-01
6.335063742768392014e-01
6.334513367623171298e-01
6.337274384707936026e-01
6.348230391247700055e-01
6.339346182984730849e-01
6.336214898568699461e-01
6.333280179857216918e-01
6.334813692907237392e-01
6.334403196062321495e-01
6.336832721431671089e-01
6.335919930353254292e-01
6.336968722415083910e-01
6.336894364738743235e-01
6.336732877303408173e-01
6.332669786913196486e-01
6.335318951103383611e-01
6.328084687483034321e-01
6.335303636575599917e-01
6.339997622690767276e-01
6.326892704004247747e-01
6.338911024023516916e-01
6.329554553731799871e-01
6.333541862680875933e-01
6.335368897650393016e-01
6.327714459419815363e-01
6.332585467148280634e-01
6.331002768494786714e-01
6.330998003090753112e-01
6.330438974326422219e-01
6.329759610523930657e-01
6.331217577838353927e-01
6.330334158073618323e-01
6.333524783715424045e-01
6.331139714588137624e-01
6.336670951615387404e-01
6.358759201738795053e-01
6.357639341294694102e-01
6.336020414506724485e-01
6.336849553943062485e-01
6.336178641324539118e-01
6.353233249657749271e-01
6.346034481839251118e-01
6.348364208999294211e-01
6.347761255676162007e-01
6.346314682485203473e-01
6.348428083001625977e-01
6.351615607079080794e-01
6.355756253816260415e-01
6.360135030269770118e-01
6.354866300042441019e-01
6.346974165080880859e-01
6.342401211494002045e-01
6.354877097491942184e-01
6.351974116884567811e-01
6.355078722315774531e-01
6.354909445721478312e-01
6.333668431900187912e-01
6.354190585036435523e-01
6.353990157665847516e-01
6.340764517798695987e-01
6.359252662760546126e-01
6.341926358226385174e-01
6.354564953488615053e-01
6.351154674870943539e-01
6.358028654096277155e-01
6.354864172003361622e-01
6.343513163187157744e-01
6.341329703490425906e-01
6.353148953850336067e-01
6.353281310707802332e-01
6.362570582226221294e-01
6.342294270037052151e-01
6.356089139037526259e-01
6.355842089916341475e-01
6.348537750211641351e-01
6.351304963529866843e-01
6.376236112675597312e-01
6.352181339660527559e-01
6.354546595249894736e-01
6.357613373097947829e-01
6.358013243561768668e-01
6.395183167256111023e-01
6.394535695639099737e-01
6.396010761991079985e-01
6.390437249672046294e-01
6.395436934435848597e-01
6.378648321870165061e-01
6.353271495162140514e-01
6.393758782488964121e-01
6.371548462818723557e-01
6.401483215189526232e-01
6.403594535847060287e-01
6.402269835163806322e-01
6.402536997492316306e-01
6.399102888094608810e-01
6.403214773915666402e-01
6.371672481108310304e-01
6.390527388222649874e-01
6.395221847306507001e-01
6.399816913583484812e-01
6.400671258386785301e-01
6.410837791065554514e-01
6.399625945756259870e-01
6.397695394500718669e-01
6.397357494122399846e-01
6.399390928283947844e-01
7.676189419432594141e-01
6.395956034575799309e-01
6.401706768659214397e-01
6.401284639174070756e-01
6.398629086921450160e-01
6.402066523151508370e-01
6.407499202251718540e-01
6.404506150964905942e-01
6.405750397188954004e-01
6.407126567746436185e-01
6.400274163042101172e-01
6.402603913327202800e-01
6.403127469501723734e-01
6.404665648267869882e-01
6.407941764654643269e-01
6.410220208103699635e-01
6.413173118913468862e-01
6.414350700507054359e-01
6.413988791094945574e-01
6.412421455449770491e-01
6.416842628231236301e-01
6.423795029693148972e-01
6.410030088315477048e-01
6.409872720284950365e-01
6.405931032462802710e-01
6.417266956045393211e-01
6.414190733256870391e-01
6.414435308260062474e-01
6.414039942267970584e-01
6.412644735013789399e-01
6.416251010532757482e-01
6.412397462743311127e-01
6.412848798711971998e-01
6.412939947411058217e-01
6.422876824835307419e-01
6.420787121855657809e-01
6.418042091884103018e-01
6.417200737916428643e-01
6.420470194673904007e-01
6.417294712156710323e-01
6.417651576642872113e-01
6.415898477912918008e-01
6.418112058074421089e-01
6.415845300897533576e-01
6.417987266378724076e-01
6.416281911902165236e-01
6.429366979288451134e-01
6.428556307339214904e-01
6.425763164893844026e-01
6.418087537164200995e-01
6.423505316025496237e-01
6.415081733231463579e-01
6.445790454745419229e-01
6.418029180570130610e-01
6.416731301283183919e-01
6.439550472926880431e-01
7.341660037442062636e-01
6.422889833606376664e-01
6.421688611607310193e-01
6.425314115500335710e-01
6.417965592094234673e-01
6.417428060941692269e-01
6.420764037619665077e-01
6.418940620446313972e-01
6.421387334806257785e-01
6.421378982006776814e-01
6.419389447787330338e-01
6.424226949399839404e-01
6.420385839440645448e-01
6.432182507068953115e-01
6.432734507297946935e-01
6.425260057846067241e-01
6.426912766731909255e-01
6.429244243249652158e-01
6.428148508190625332e-01
6.432289146555613124e-01
6.424225091931301534e-01
6.468795965021614247e-01
6.434951570050091441e-01
6.428016221984458323e-01
6.442740375594930846e-01
6.427607492704230374e-01
6.439727885450342582e-01
6.439124486334955044e-01
6.445237336925385696e-01
6.444653446027208687e-01
6.435629192884194660e-01
6.442131857789059612e-01
6.447131822963754200e-01
6.442266533005228668e-01
6.447286978872891483e-01
6.434500205877637935e-01
6.437494865757271700e-01
6.437079009945377850e-01
6.434859767949114850e-01
6.432263703834252278e-01
6.457290027826643186e-01
6.435541750579374387e-01
6.438011245796939619e-01
6.436184821749748597e-01
6.438922249424701150e-01
6.432782265451620907e-01
6.432239131715387082e-01
6.431901610198864638e-01
6.436232687216787429e-01
6.430244534479959695e-01
6.435139800739404503e-01
6.433655680661489740e-01
6.432736879948530717e-01
6.432088932554881344e-01
6.439083947944223008e-01
6.421864460536533814e-01
6.426605441264405805e-01
6.430469848764608365e-01
6.429908591184456679e-01
6.431202614988098532e-01
6.427542154958284515e-01
6.424120330808422707e-01
6.425993667973928236e-01
6.434093980238186905e-01
6.439060169794508237e-01
6.433135338276567694e-01
6.426022696970860038e-01
6.433310132446427021e-01
6.433302937592432214e-01
6.424067998461764351e-01
6.989607861056265081e-01
6.429788189391747455e-01
6.427741693238481213e-01
6.427243677636795827e-01
6.437861419997611412e-01
6.426110569015082152e-01
6.425391546188601311e-01
6.424357572912895442e-01
6.422509761153395447e-01
6.426226441001835488e-01
6.423534218702073861e-01
6.421027579574168920e-01
6.423745555519494443e-01
6.424800843544486995e-01
6.418800650323717161e-01
6.423807225241536800e-01
6.421290814803179980e-01
6.426747930633718298e-01
6.418542180203963277e-01
6.420761859271633121e-01
6.427419450796723055e-01
6.421207208809840417e-01
6.424977632974834263e-01
6.417785141655156789e-01
6.422071941221622060e-01
6.418893022262728287e-01
6.420255001349739477e-01
6.939103109646431733e-01
6.418646134085959076e-01
6.418811329274741739e-01
6.419517171772567421e-01
6.418147998291356959e-01
6.417358507054560235e-01
6.416926209325022334e-01
6.412383218177711841e-01
6.412099445951947585e-01
6.412484732897690831e-01
6.418538659600918628e-01
6.411388076313462303e-01
6.414458909908313800e-01
6.418322957784955429e-01
6.417224626063128268e-01
6.420001694862857988e-01
6.422147608784982697e-01
6.416344492889483053e-01
6.414721080529404151e-01
6.416076694086911836e-01
6.439540607320258792e-01
6.418096117540951218e-01
6.420578996506346448e-01
6.421608975920525264e-01
6.420551607528692806e-01
6.415314579912816395e-01
6.420995246645895271e-01
6.409027931841326797e-01
6.417332843677377996e-01
6.417083349666594660e-01
6.423058252527217293e-01
6.414755123713961060e-01
6.416813239786497425e-01
6.414674001964372207e-01
6.419350021117560257e-01
6.415571802408134294e-01
6.418099488374613415e-01
6.417389853613735262e-01
6.411943583547289327e-01
6.411367470445257233e-01
6.410664584478428241e-01
6.412152387343401649e-01
6.413236653641612994e-01
6.412050933401653996e-01
6.416166200580197820e-01
6.415481739609675271e-01
6.413213141187832367e-01
6.413682783693204215e-01
6.412316509240238993e-01
6.409456371443718048e-01
6.417853167066752684e-01
6.418596661600224351e-01
6.416594193316775829e-01
6.416793128329205675e-01
6.421553191127401528e-01
6.419520439960746394e-01
6.419935400329281894e-01
6.438281777721209798e-01
6.420918826601573759e-01
6.419827436952886268e-01
6.420140017110886888e-01
6.423899539414608117e-01
6.420448562594149866e-01
6.423417458187818951e-01
6.419759647406895198e-01
6.420680772184238494e-01
6.417524071186836432e-01
6.418604746612952550e-01
6.415096121756227454e-01
6.417507658626746547e-01
6.418747210754468524e-01
6.415629104974511776e-01
6.415859180629438496e-01
6.413511465777035347e-01
6.415604971280477464e-01
6.417205342854432892e-01
6.417707827193230852e-01
6.414280809520116478e-01
6.416144936344970739e-01
6.416243901032985253e-01
6.413848678642024570e-01
6.416925492511790230e-01
6.418095562344328098e-01
6.416532259284331019e-01
6.415032623435309445e-01
6.425338065002449417e-01
6.414139928082959186e-01
6.410660090455096993e-01
6.415327966901180901e-01
6.414584241027027067e-01
6.412250589171505366e-01
6.417624460479567361e-01
6.417351485851936488e-01
6.416719993813650991e-01
6.423327525141369065e-01
6.413647555282044888e-01
6.417376541697901171e-01
6.421641964337457820e-01
6.415768373261389046e-01
6.415768994656018132e-01
6.414700644536714957e-01
6.417021706774097556e-01
6.416968397576192640e-01
6.415735796855597250e-01
6.422710719235593668e-01
6.440317544664209137e-01
6.427154493582952766e-01
6.426858451091412849e-01
6.419186737982658375e-01
6.413605115315478278e-01
6.420675272138294254e-01
6.417547029830039662e-01
6.422595015180460054e-01
6.419280211682998338e-01
6.417017871745605007e-01
6.418122972735189613e-01
6.424739814617905775e-01
6.423146659128937674e-01
6.425049897663926979e-01
6.421874242043471570e-01
6.422433261508776470e-01
6.422236217709773598e-01
6.433810063194632667e-01
6.424291482041998291e-01
6.424630870235370494e-01
6.422243571582689770e-01
6.423039651172390840e-01
6.421199434128976868e-01
6.429889709048673962e-01
6.416626006034443774e-01
6.415738216936039962e-01
6.420698080420834675e-01
6.413554863126145200e-01
6.417807652720545208e-01
6.418422610627743108e-01
6.419209612038385693e-01
6.414469397712776466e-01
6.413347674553963040e-01
6.416423172815728382e-01
6.417618277321117670e-01
6.417657617566889794e-01
6.423525964173493197e-01
6.416936337732864759e-01
6.421574528361612133e-01
6.621844186539771471e-01
6.426515439861347767e-01
6.422633742775737398e-01
6.424401916988295991e-01
6.428631246754670236e-01
6.419049585781049228e-01
6.512056878493588385e-01
6.423787405867512623e-01
6.415759013561692647e-01
6.419166740520834136e-01
6.416614196966102801e-01
6.416319220569809412e-01
6.417171892964361746e-01
6.418917342707528562e-01
6.419866606208748383e-01
6.417035410507951898e-01
6.421574632268427507e-01
6.415904433103850613e-01
6.414154765487147802e-01
6.414135559686320320e-01
6.413881956311129340e-01
6.411929427966487349e-01
6.413894419750999498e-01
6.410131840142203608e-01
6.412496724581439045e-01
6.417604636383797967e-01
6.413605286474481915e-01
6.411774558919076661e-01
6.412579230609786185e-01
6.415664649026309174e-01
6.412875139595926033e-01
6.413540555133230292e-01
6.415208243530595711e-01
6.417626940564979954e-01
6.424989261396895079e-01
6.414618544526488053e-01
6.413825971816280447e-01
6.412901402050296129e-01
6.415464839532293295e-01
6.415472711884968593e-01
6.412205983486187755e-01
6.412993379250556680e-01
6.415037606376183810e-01
6.415663669170721395e-01
6.413160989974561188e-01
6.412505727175190628e-01
6.409679333750885055e-01
6.411751885798114836e-01
6.411712753276598287e-01
6.413837621318961846e-01
6.412680977069518118e-01
6.408722652341175552e-01
6.413123442696957444e-01
6.410737221287864385e-01
6.411079894131659351e-01
6.409962084870757248e-01
6.417641384088760281e-01
6.411335675871437934e-01
6.409903568574362165e-01
6.461728818956868903e-01
6.412461078618243437e-01
6.414390228254338577e-01
6.410696276182880071e-01
6.411665689881795860e-01
6.415315282413266429e-01
6.410646651893671111e-01
6.412163774123720295e-01
6.421412601207033832e-01
6.415242376787178014e-01
6.415705755862378679e-01
6.413218271493906775e-01
6.412143335801072652e-01
6.413342059578541754e-01
6.412349496789683245e-01
6.411004024307228599e-01
6.412257443744995289e-01
6.412338340807248738e-01
6.411277998915245746e-01
6.415919646034278223e-01
6.417108501370893947e-01
6.418269968161665062e-01
6.413156494824008291e-01
6.412491386638665691e-01
6.412598357067840205e-01
6.411279597385434181e-01
6.411042108337572376e-01
6.410619867652953552e-01
6.409830869951972376e-01
6.408602599381190146e-01
6.409442602004585821e-01
6.427382967495500754e-01
6.410939624964491212e-01
6.411500528109932429e-01
6.416216137509261896e-01
6.410239439389914251e-01
6.411117894801999784e-01
6.410477929113618245e-01
6.409801760344724375e-01
