2.620798195046503132e-01
2.590150428886645595e-01
2.672194761032508081e-01
2.543590176765398447e-01
2.600424041277842879e-01
2.605502418244515783e-01
2.596554017599991826e-01
2.582843597861065321e-01
3.033917678504468030e-01
2.775305627673604336e-01
2.676353003842565359e-01
2.708423145980299873e-01
2.725426024846329676e-01
2.805160808239988146e-01
2.922250187087430673e-01
2.815107937741641031e-01
2.836008316445691735e-01
2.811248203149055991e-01
2.826816496378299348e-01
2.795337873172057952e-01
2.834001688899676630e-01
2.787532959316403325e-01
2.806829622735136920e-01
2.803315270888234734e-01
2.862165805333606317e-01
2.809332629559602168e-01
2.903485357367524555e-01
2.891749320471401763e-01
2.875171540262706493e-01
2.867224359965941938e-01
2.809991450421021608e-01
2.773774231536809687e-01
2.877781574692722666e-01
3.025677307999484200e-01
2.804588974811629276e-01
2.846576672909360561e-01
3.136141278253923304e-01
3.349232418848587245e-01
2.797389666057205071e-01
6.205010245907586208e-01
2.747148500271763827e-01
2.805039860291909104e-01
2.797229136848509712e-01
2.798864801004957159e-01
2.836039413391674424e-01
2.883139696645504735e-01
2.937366918273452421e-01
3.086650749184305931e-01
3.045844473633130822e-01
3.008883184083761542e-01
2.960919725593948448e-01
3.007937746838242332e-01
3.030521304995408838e-01
3.121014366510162508e-01
3.103445015520430728e-01
3.099580678071855444e-01
3.144528914866299152e-01
3.171506815827037640e-01
3.151322873809263569e-01
3.116683001634225625e-01
3.080513417617458671e-01
3.073345263623923351e-01
3.091547900529550974e-01
3.047894770034153544e-01
3.067588365372440617e-01
3.005049483684844591e-01
2.990265308037429737e-01
3.022536695689339581e-01
3.237210860403222368e-01
3.218185270468452153e-01
3.159881144752105797e-01
3.076230226034164517e-01
7.187037489660836886e-01
4.652884664512743629e-01
3.119237399157125390e-01
3.134536022578044978e-01
3.122550653622486738e-01
3.057579373624326191e-01
3.069669104877900678e-01
3.002772753915067816e-01
3.052072572196562472e-01
3.144199768103901893e-01
3.298218419291116810e-01
3.368110528967833139e-01
3.408084612786565493e-01
3.418166181788822033e-01
3.380568906168892607e-01
3.431706158647999105e-01
3.439769553178180228e-01
3.294094785920607671e-01
3.308270797272453434e-01
3.338215832801275651e-01
3.293954308085667582e-01
3.398430357014911030e-01
3.345893424140264361e-01
3.399746699156552254e-01
3.380893827055151957e-01
3.357678543618543010e-01
3.419794134586149892e-01
3.464767011568734012e-01
3.470495572366828485e-01
3.490191362587861112e-01
3.537736895258557501e-01
3.764027295498990622e-01
3.683318111160592268e-01
3.801198669232587757e-01
3.554183438921599825e-01
3.789305569963553610e-01
3.523105755654782345e-01
3.771018215998815371e-01
3.749672159201270505e-01
3.679970015485934942e-01
3.788806749644092475e-01
3.766055532400974792e-01
3.715103370480333789e-01
3.611241546310341999e-01
3.635065696119094136e-01
3.794848428788418770e-01
3.804498512978085056e-01
3.817122642397266508e-01
3.834824248821496750e-01
3.842226687796649887e-01
3.820102570817444643e-01
3.895176568189658850e-01
3.907842674104988201e-01
3.927263816045157285e-01
3.930862705585787542e-01
3.934957877209151467e-01
3.959954722388188131e-01
3.986481778076773064e-01
4.067918129631146740e-01
4.060308956325983654e-01
4.041683018789917758e-01
4.029584942264489156e-01
3.998943931637262139e-01
4.037557438147098554e-01
4.018998368550025235e-01
4.039179548341214621e-01
4.058716466538860868e-01
4.132869865323773317e-01
4.009360987682413779e-01
4.015425396994269924e-01
4.072771871529622389e-01
4.105123035056402747e-01
4.188034337639634508e-01
4.111154084743841031e-01
4.065483184277185469e-01
4.122035541063003294e-01
4.125297101269199684e-01
4.081120596212557960e-01
4.054773704932629896e-01
4.040242534127002627e-01
5.118588349273025528e-01
4.355228452445527587e-01
4.387085366774898798e-01
4.985980679296508900e-01
5.025563776799534255e-01
4.890049731712865499e-01
4.409902370389361392e-01
4.449086483373230760e-01
4.397961992047060287e-01
4.434085061619821855e-01
4.395277261530046164e-01
4.429865412588037676e-01
4.324336495201194230e-01
4.321078277694078706e-01
4.314332816449790720e-01
4.311537218916263181e-01
4.327406677715618377e-01
4.318551887502659614e-01
4.303000209089400396e-01
4.285286665371243475e-01
4.273103957989020651e-01
4.279781751055385941e-01
4.320961623538803753e-01
4.286083647896198334e-01
4.275447855506086525e-01
4.268803908707871075e-01
4.383569862015441743e-01
4.402294888025339858e-01
4.373792744887959882e-01
4.317876881809125655e-01
4.276048807440497312e-01
4.303968813946895122e-01
4.357718905450607694e-01
4.328572731634027781e-01
4.318248491896452546e-01
4.295929766253154813e-01
4.352930950496321505e-01
4.352403768513797289e-01
4.276667265911003324e-01
4.282435441711165969e-01
4.237587161832916949e-01
4.253825299512625224e-01
4.373512118681617267e-01
4.371950863574528556e-01
4.377736636539897308e-01
4.371387414074945355e-01
4.376998299529333281e-01
4.304598217669243221e-01
4.248640145558514880e-01
4.256730649000318167e-01
4.216413840974940763e-01
4.200034207565124800e-01
4.222194470197424554e-01
4.217183679525596252e-01
4.258328392341742541e-01
4.218651886947015206e-01
4.230243527384265345e-01
4.219031102140852751e-01
4.199916016882112579e-01
4.190851386273725110e-01
4.226794077445837350e-01
4.223161400206387750e-01
4.212456085719260557e-01
4.159969346703972226e-01
4.195990577799691978e-01
4.175711680402476311e-01
4.169661507807566059e-01
4.164267719543199298e-01
4.143203991678878206e-01
4.133855146628424571e-01
4.115278081025192658e-01
4.114595647184278726e-01
4.130194882176296822e-01
4.128243879779054382e-01
4.122150472221059458e-01
4.112009358717759744e-01
4.096325314559915443e-01
4.099023648253704577e-01
4.099071777758809265e-01
4.096219914313144472e-01
4.084030533491530002e-01
4.066965533938917687e-01
4.065202532623481413e-01
4.064753140511993545e-01
4.085247761438050573e-01
4.151642164176156391e-01
4.187214496770259586e-01
4.202507636362978749e-01
4.205498231765489314e-01
4.225509639113822491e-01
4.289008199288718570e-01
4.295227858671188392e-01
4.307285327080364046e-01
4.294581334454365962e-01
4.300425779896471790e-01
4.309833704549690947e-01
4.379302765056290458e-01
4.351835120859404715e-01
4.342514989312388218e-01
4.330816207303546661e-01
4.314961065494920534e-01
4.321942073542222040e-01
4.359812277414327197e-01
4.335905604949907843e-01
4.310911249755383090e-01
4.306450203518656927e-01
4.344903503735516037e-01
4.337301098503761332e-01
4.347418964931284990e-01
4.334898037912111590e-01
4.328750131404388579e-01
4.305963247227874713e-01
4.325158283564692896e-01
4.333250503598846115e-01
4.359953162759953038e-01
4.344928714474303733e-01
4.350178354085806331e-01
4.341059539108081400e-01
4.296923283001184979e-01
4.304696861340399083e-01
4.320429540739706975e-01
4.316141273565967107e-01
4.285851363676186909e-01
4.327946589145205691e-01
4.283529440638523256e-01
4.358484925321930992e-01
4.773978681472017538e-01
4.688684109925725929e-01
4.803933003690999959e-01
4.720685494977819863e-01
4.544634207078686039e-01
4.488671760208895467e-01
4.439582970396807049e-01
4.456033896612365264e-01
4.436871339501882727e-01
4.439938856699914282e-01
4.426209955029398735e-01
4.395580589331962162e-01
4.428276020974712401e-01
4.426852137303177170e-01
4.420222975693103851e-01
4.418658850245932301e-01
4.430510274924988057e-01
4.441971128188504925e-01
4.441447593247680459e-01
4.415165737307422678e-01
4.431202370175943983e-01
4.421729868289937526e-01
4.413679744144016759e-01
4.409255995498892466e-01
4.419975497988511415e-01
4.384969559347086654e-01
4.395613430305537195e-01
4.410672318078125986e-01
4.400695849971162921e-01
4.402915234124354926e-01
4.394372057862840908e-01
4.392375963869180056e-01
4.373366277461211982e-01
4.372588869607872963e-01
4.366829970907633029e-01
4.370918896873605686e-01
4.397817774928282630e-01
4.402616586246887453e-01
4.377892863106333521e-01
4.357274431158034700e-01
4.333887499160092860e-01
4.325382987979862204e-01
4.391852192544516420e-01
4.396764650576616140e-01
4.390675544393090601e-01
4.377233269509889779e-01
4.366408564752722876e-01
4.342657592695604030e-01
4.382524258964967667e-01
4.375693656593623304e-01
4.370410000547669815e-01
4.378396929473624688e-01
4.358652677365532080e-01
4.376574187848782937e-01
4.385537240797730552e-01
4.368128095403054911e-01
4.337649138550962458e-01
4.352034979047809671e-01
4.367846700893613376e-01
4.360070923253304698e-01
4.351876398752249631e-01
4.350029869436521368e-01
4.344551498134482936e-01
4.335272117174344686e-01
4.318071883099038333e-01
4.327373073911335299e-01
4.341424574091255484e-01
4.330288885805894106e-01
4.317352919100780895e-01
4.291452303165496085e-01
4.303759547775334315e-01
4.306387408768330705e-01
4.287258727105566769e-01
4.283669787156291764e-01
4.281414440793344656e-01
4.287916497553727613e-01
4.300393724188748545e-01
4.299810205751973813e-01
4.321573459892925628e-01
4.325577816264900011e-01
4.311704506923340063e-01
4.278248117685911067e-01
4.274715655154751603e-01
4.267802401074655139e-01
4.308525621282419671e-01
4.334546560463793385e-01
4.329061016733737888e-01
4.329514211551087066e-01
4.312687417728979233e-01
4.308750256526805988e-01
4.272031767660398605e-01
4.279244238490840790e-01
4.277838459585457942e-01
4.278473540905201045e-01
4.266164524167410654e-01
4.269119677409513036e-01
4.281162269599832482e-01
4.284165680957199296e-01
4.264421425560520618e-01
4.263216367387879790e-01
4.266338460068748173e-01
4.270240899502060761e-01
4.256598658415888248e-01
4.257314928052112202e-01
4.253561346348446737e-01
4.250653573494309057e-01
4.252203716494159513e-01
4.254485886504515979e-01
4.373410779058642395e-01
4.280160359534929126e-01
4.241106603134573994e-01
4.280493486975442963e-01
4.259109861139850350e-01
4.243176029491143586e-01
4.232499083525524952e-01
4.235896740424589524e-01
4.221277047736903265e-01
4.215676096864877098e-01
4.218754022622362987e-01
4.220475101342552326e-01
4.266325356167902094e-01
4.233343698608590389e-01
4.230947555448921760e-01
4.216149873266892278e-01
4.229160189712090623e-01
4.257401789598237452e-01
4.331715562660051755e-01
4.327660405226106399e-01
4.342945183802449649e-01
4.378045494837825014e-01
4.405425815830342207e-01
4.408765591050488042e-01
4.407911242011638420e-01
4.365549436060547350e-01
4.368955465779493785e-01
4.358293873325952417e-01
4.380278340511284396e-01
4.401677873414871489e-01
4.384755097232317933e-01
4.378906709152041721e-01
4.388439703232084876e-01
4.365982324371791568e-01
4.362814737103990481e-01
4.346457072816946599e-01
4.345954007360434135e-01
4.364413881966873743e-01
4.381255903296550347e-01
4.367705451763016500e-01
4.349747232331006019e-01
4.354430566012886805e-01
4.350914865560652212e-01
4.381178680174021567e-01
4.346458402905375440e-01
4.349320314176614577e-01
4.333558253509393055e-01
4.342955939650793296e-01
4.362972604037459456e-01
4.367054426762213004e-01
4.323042525995905438e-01
4.373451583482181881e-01
4.371655203466723316e-01
4.753779970265222254e-01
4.306240121464806614e-01
4.289341588771121150e-01
4.271076535440380129e-01
4.310352098282784206e-01
4.253772754578409310e-01
4.311395828156623367e-01
4.337478847165161522e-01
4.330555309865356528e-01
4.330366208579383702e-01
4.323759477074622382e-01
4.285241389725059635e-01
4.310583852687583373e-01
4.288275283846683661e-01
4.271674866455092978e-01
4.271409008662283568e-01
4.282494345736783670e-01
4.280960147590716081e-01
4.277807000962348116e-01
4.292417444470260079e-01
4.281633706090134384e-01
4.261820857421400599e-01
4.274395131513087365e-01
4.268326271570154762e-01
4.271840331245975730e-01
4.267346952074746458e-01
4.270401848995470928e-01
4.264472757341341014e-01
4.276862210161839206e-01
4.290036551235379969e-01
4.279633020013133282e-01
4.260498554743706867e-01
4.250991994466579715e-01
4.256891015319962390e-01
4.247986541788520976e-01
4.249192669746735818e-01
4.239153048358589304e-01
4.250995444297148151e-01
4.236280713743116322e-01
4.233271221285165309e-01
4.244452825418018604e-01
4.231485974074914447e-01
4.232040411159895266e-01
4.244934399492089061e-01
4.248480950053641902e-01
4.247726821677628162e-01
4.227933569715419670e-01
4.253525375612325354e-01
4.240292028494714316e-01
4.274137446944947238e-01
4.259081403648940500e-01
4.245304771491976159e-01
4.267682864843037049e-01
4.276941236938583968e-01
4.339036455226046307e-01
4.422586295892246833e-01
4.415860102281527477e-01
4.399296647350077194e-01
4.393143458086610220e-01
4.393909645472406922e-01
4.370214708401931603e-01
4.369925827831556142e-01
4.364790927693018574e-01
4.365957473028884150e-01
4.362491997443503355e-01
4.332728812953836051e-01
4.331227866450765296e-01
4.335458830053134371e-01
4.344260491912766975e-01
4.342516559211201388e-01
4.319392294990410663e-01
4.323037787399731657e-01
4.306892097055017299e-01
4.313898779025297503e-01
4.327636733005167380e-01
4.310876325140768350e-01
4.300927765458008034e-01
4.311398166910777596e-01
4.351149012900290547e-01
4.363843929884708150e-01
4.327731332196328995e-01
4.323234273631075819e-01
4.321938495720025752e-01
4.320741405085516407e-01
4.311907009257201495e-01
4.320621315596258616e-01
4.330490268600826753e-01
4.322365626066915767e-01
4.317272736145644219e-01
4.311695836733004938e-01
4.310373866043080704e-01
4.318754575093708969e-01
4.318953035710554889e-01
4.319341085707806283e-01
4.319954746915957156e-01
4.309653044127019217e-01
4.317453621931841568e-01
4.339630858683860004e-01
4.338699145059575213e-01
4.344427932180963126e-01
4.347814630345054332e-01
4.350669204705231441e-01
4.334716570706915184e-01
4.358707271946191675e-01
4.339366949072235302e-01
4.343440239130604841e-01
4.341889578140257777e-01
4.345901641320264464e-01
4.365620440662186796e-01
4.358492051604941908e-01
4.342446456314529302e-01
4.347592484168087412e-01
4.343055978811732887e-01
4.366343482541534815e-01
4.357428391455933081e-01
4.355882988046158588e-01
4.384831683021885307e-01
4.372300126094417205e-01
4.395044770286818947e-01
4.403007131003954799e-01
4.411172998956933711e-01
4.358005046395408977e-01
4.361302921516420628e-01
4.350303167571094032e-01
4.365492837223755029e-01
4.369683462529611595e-01
4.375908608336405714e-01
4.428562229759805402e-01
4.398057490048508655e-01
4.419810421296136438e-01
4.430533018945413959e-01
4.426256470395985021e-01
4.450151013604682904e-01
4.463919352939156315e-01
4.487928631040428717e-01
4.496340129373608829e-01
4.517932388517933440e-01
4.542129725210035107e-01
4.509717918554762006e-01
4.514710756174560857e-01
4.531323320529245802e-01
4.493656249866603281e-01
4.497017874085665889e-01
4.497429073177866554e-01
4.497983452781120772e-01
4.895680376707971515e-01
4.881977438421449267e-01
4.623398992900338289e-01
4.556805678987425612e-01
4.573457536743877339e-01
4.536729542670128179e-01
4.492223821083982105e-01
4.495954334089000692e-01
4.485875472929233831e-01
4.487671164320551354e-01
4.491746493727569733e-01
4.489042442988487869e-01
4.494832923717558826e-01
4.488859474359126467e-01
4.493299501635774629e-01
4.491148877652910154e-01
4.490937430587694790e-01
4.489575848050417761e-01
4.491793450461508685e-01
4.486325860632903728e-01
4.480083151343373093e-01
4.480486286241558425e-01
4.480099501047433153e-01
4.486035086722144904e-01
4.493483137810143080e-01
4.500920317104972201e-01
4.488934279185615717e-01
4.483957918358763561e-01
4.479223663375484499e-01
4.475371104951348933e-01
4.492377521399714690e-01
4.488717597461343023e-01
4.486719720631063280e-01
4.480467481090659732e-01
4.473409231060845870e-01
4.459914940106973757e-01
4.452960007987645241e-01
4.445631595167654493e-01
4.446519742615189230e-01
4.447313153498511085e-01
4.450179398509117590e-01
4.449747782211248559e-01
4.463204762782045920e-01
4.513566820673430846e-01
4.496287337522873462e-01
4.446538595399635030e-01
4.443913147328674706e-01
4.443217164604803537e-01
4.439342740521571296e-01
4.440699070798330705e-01
4.441278770827081779e-01
4.441789277637377409e-01
4.442014889470652372e-01
4.437568122933599479e-01
4.527217451402381077e-01
4.506447735062515947e-01
4.559750528936178937e-01
4.486383685705055413e-01
4.445304604599797371e-01
4.436442311330860422e-01
4.435800357673852501e-01
4.432682234776439412e-01
4.428032154425192712e-01
4.431456639845082202e-01
4.432167670475033461e-01
4.417394175560674929e-01
4.406334561809180372e-01
4.417579315540041685e-01
4.417406552705401279e-01
4.415080296880873334e-01
4.413945654388656270e-01
4.405210656124374236e-01
4.415885763722625645e-01
4.418610986726172474e-01
4.460154279163186519e-01
4.437147814863425799e-01
4.452224285245672264e-01
4.452178237137604522e-01
4.518508977734501109e-01
4.521320813038737785e-01
4.524854721086806197e-01
4.522506114233418861e-01
4.523746709242956188e-01
4.540578995161259068e-01
4.546470007559527682e-01
4.502449887466259404e-01
4.500993869092823063e-01
4.505480518495211251e-01
4.505469353869821503e-01
4.516906404420706345e-01
4.512818201562383003e-01
4.519902281348403550e-01
4.522213647224291311e-01
4.515621073669823793e-01
4.523495795544106857e-01
4.512614524935202320e-01
4.522112187667109984e-01
4.597558999450734873e-01
4.493631912223844393e-01
4.460232971891813225e-01
4.505641573153535973e-01
4.506200283208557367e-01
5.024409692331900379e-01
5.032412970208767211e-01
4.903759947190898250e-01
4.773312777686856134e-01
4.582312491159737378e-01
4.538546184339141143e-01
4.463938281495672400e-01
4.467416835165669009e-01
4.464757487220507581e-01
4.445821211297483200e-01
4.451144872788240781e-01
4.455200430481384144e-01
4.456091647413241152e-01
4.461256060555587322e-01
4.447736878880803602e-01
4.439000134294792677e-01
4.442193815441482507e-01
4.429386615818286521e-01
4.420058465015548332e-01
4.424003399813905557e-01
4.446078591983622097e-01
4.460066487264284785e-01
4.457420280408421198e-01
4.437908224346810426e-01
4.516491512617532567e-01
4.507654860025747112e-01
4.476070187560857727e-01
4.439703676945658262e-01
4.450124000909079225e-01
4.451034998727299019e-01
4.743427737773259212e-01
4.738357976664515636e-01
4.588826958055116645e-01
4.616790223510540137e-01
4.618308467860554600e-01
4.572710763668230705e-01
4.438935006740482025e-01
4.441397475673322104e-01
4.441571984348298696e-01
4.417844362470511599e-01
4.441933752677229008e-01
4.448855609383492449e-01
4.442861356140401785e-01
4.406105212957989181e-01
4.407462780805890823e-01
4.400981474198727428e-01
4.412829341888584445e-01
4.412603977023494828e-01
4.420184858154718732e-01
4.424731610997089115e-01
4.419884404982572512e-01
4.410465932712090420e-01
4.407028128536185640e-01
4.413803703643833787e-01
4.410913468590993980e-01
4.408709373619207339e-01
4.406753524386944898e-01
4.406534098033180191e-01
4.400699575699020261e-01
4.403468958833792746e-01
4.406182731001594965e-01
4.398347902722651859e-01
4.403813162630545452e-01
4.398318977414217845e-01
4.398182112823944556e-01
4.397952866698430219e-01
4.397002095330662108e-01
4.400232585674689889e-01
4.400415336730172378e-01
4.394315746280197388e-01
4.400373099456935666e-01
4.399251689246248542e-01
4.392926541864732304e-01
4.398366259970044045e-01
4.384455270722950049e-01
4.376048077931791180e-01
4.376742979671117695e-01
4.373539617048178840e-01
4.379058979405676677e-01
4.378689200955628857e-01
4.378921981554493303e-01
4.379342733038729119e-01
4.379427456099038163e-01
4.379730779494446224e-01
4.401538734726890834e-01
4.432663398327454929e-01
4.401119925070798855e-01
4.388478346972882749e-01
4.380187279430656222e-01
4.367273313000812340e-01
4.362711923056741270e-01
4.363894007438166023e-01
4.363181049687339663e-01
4.360660882968794838e-01
4.374493596766895753e-01
4.383945908529155999e-01
4.393832143641247523e-01
4.401246804984372818e-01
4.400595040928893531e-01
4.435954139866689627e-01
4.455817900482199057e-01
4.478318180662432813e-01
4.535541097390178855e-01
4.528418237563732740e-01
4.535028961032192552e-01
4.576342799160376673e-01
4.585627491253348453e-01
4.603483547681302968e-01
4.621599342295094059e-01
4.614493349197797967e-01
4.639063174406276024e-01
4.635973898834238605e-01
4.622378831610924887e-01
4.593419464262904484e-01
4.607744562822963519e-01
4.594989676951195534e-01
4.606863609667581350e-01
4.607574830880687977e-01
4.605679245443198844e-01
4.607351070400522719e-01
4.595395207179297503e-01
4.613745193891261032e-01
4.665223006761002877e-01
4.587464060689373513e-01
4.556890441288488636e-01
4.572319798541004676e-01
4.568199040436971559e-01
4.570960069452999486e-01
4.557065442384125586e-01
4.571184903408588296e-01
4.572782157202286979e-01
4.560020189219070041e-01
4.573717930801853848e-01
4.543342833065207031e-01
4.536103864667331287e-01
4.533345612258717905e-01
4.536389462234665104e-01
4.535109596942253907e-01
4.534931058440060392e-01
4.575623568258615492e-01
4.572849118725506590e-01
4.561793820817158229e-01
4.548786565637306656e-01
4.540903326550019825e-01
4.545621017500156014e-01
4.556898710804332953e-01
4.540439630849293362e-01
4.548496644745625983e-01
4.536032565791827675e-01
4.543065877007585462e-01
4.543827944918837347e-01
4.535663728419536689e-01
4.543678302489866372e-01
4.541945877707397883e-01
4.535003766476328746e-01
4.542576192367974164e-01
4.552458831365594483e-01
4.559731979683027125e-01
4.553115847939357419e-01
4.540454190193510264e-01
4.543960899041363799e-01
4.544096052028274713e-01
4.534522660243392456e-01
4.534215241872194824e-01
4.529684351042491675e-01
4.531946889136694301e-01
4.532286170150177096e-01
4.532033873515843303e-01
4.534605490228955649e-01
4.533002710707529359e-01
4.534648869823997841e-01
4.532071397377387401e-01
4.533563466198333725e-01
4.532388030497315201e-01
4.528694600975459172e-01
4.521192852072424273e-01
4.524760014995495849e-01
4.523830719050271343e-01
4.516804558358711863e-01
4.527347973039976270e-01
4.532127536324989658e-01
4.524323794454767622e-01
4.528528064852144208e-01
4.539573614043764249e-01
4.538147253478562737e-01
4.547096506488149670e-01
4.566899581550666332e-01
4.566272053811810117e-01
4.564442436796215530e-01
4.574026788401350241e-01
4.576990772285512987e-01
4.567417832759972374e-01
4.590669036868778030e-01
4.565665857537754002e-01
4.559359829844362721e-01
4.571396315413607248e-01
4.562275926522789127e-01
4.575797162918643912e-01
4.562211585427036753e-01
4.548908043294347392e-01
4.578970452634777422e-01
4.580422911590010804e-01
4.582270538889721689e-01
4.587685301549286332e-01
4.519737143091828724e-01
4.520521107550971029e-01
4.517381414456307920e-01
4.526654976669509112e-01
4.527960190189992962e-01
4.526083446308534208e-01
4.511733274033232766e-01
4.524805751609684568e-01
4.524844920727554287e-01
4.501657815692404752e-01
4.502351114185680903e-01
4.511473751159832402e-01
4.507828244676463925e-01
4.508659935778114303e-01
4.507979982327954827e-01
4.518545697285273888e-01
4.525159447848595140e-01
4.537504147852149394e-01
4.559861100651772525e-01
4.561500443775639013e-01
4.571193965352781108e-01
4.587322493734796169e-01
4.622550820333867216e-01
4.631741611673442227e-01
4.677605576302491519e-01
4.677656603723628903e-01
4.677880206836662613e-01
4.678131577262903962e-01
4.665767106275571230e-01
4.671611195393930438e-01
4.639161040484532927e-01
4.665168623276195747e-01
4.664700588300442208e-01
4.664347289587803536e-01
4.619802353164302877e-01
4.663329602558141662e-01
4.629051276233741019e-01
4.671385266201955044e-01
5.421693665887500346e-01
5.292026938061361596e-01
5.521955188930948166e-01
4.647145350424536359e-01
4.631685568702473277e-01
4.633195633070293917e-01
4.634124610468653982e-01
4.633002374528277789e-01
4.633435847125799145e-01
4.632658322260829742e-01
4.634592415125973197e-01
4.618722787572959732e-01
4.618818771121364075e-01
4.623570723774550473e-01
4.621222843509336653e-01
4.616854888197721163e-01
4.623487806756155782e-01
4.634384424803590363e-01
4.642730808959645294e-01
4.665828366206977718e-01
4.692318826659849229e-01
4.685932746447601382e-01
4.712397985825615976e-01
4.720580987484172542e-01
4.729346725329762746e-01
4.739107854992667956e-01
4.745456427175328562e-01
4.743501634728867211e-01
4.753649061401094000e-01
4.752893161005030120e-01
4.759561363736590778e-01
4.759219427148665971e-01
4.751332221284642610e-01
4.751632491675465975e-01
4.784427232841290678e-01
4.776605657395120441e-01
4.779028463613776423e-01
4.781168343898190565e-01
4.781337170394571179e-01
4.780818656801535949e-01
4.745984941214090314e-01
4.743279477137752886e-01
4.744973865513576472e-01
4.745602300275609808e-01
4.746187028661005280e-01
4.746907331693496213e-01
4.749343794887632697e-01
4.747267331660007250e-01
4.751017004308428215e-01
4.750327478954166072e-01
4.745721463389774297e-01
4.753766021660171259e-01
4.730590559729218603e-01
4.732554748050489257e-01
4.737524838366516944e-01
4.736902853941632463e-01
4.721876910834168495e-01
4.726944268024475537e-01
4.729855343366122788e-01
4.735356487717039542e-01
4.730215589586653779e-01
4.729915673113328500e-01
4.729512189386385623e-01
4.727435081017410390e-01
4.734765720438645076e-01
4.738677460637853445e-01
4.739061797352832617e-01
4.754469708582177434e-01
4.761473156828467390e-01
4.767505543032677373e-01
4.787842111734581518e-01
4.790584803080794041e-01
4.779153210836895038e-01
4.785634201082926698e-01
4.778158911067731385e-01
4.776397282845773473e-01
4.800665879979747475e-01
4.792268510410895854e-01
4.784293811863946644e-01
4.792637358805398873e-01
4.788782986304026545e-01
4.777961186910572033e-01
4.769767457415013956e-01
4.778374125830445185e-01
4.771277242909205407e-01
4.773110344455377962e-01
4.779956670456088075e-01
4.780985836720937909e-01
4.781679718213444619e-01
4.782538565860410262e-01
4.782754303770559989e-01
4.770505661873355452e-01
4.771032344358124844e-01
4.771381592956369100e-01
4.773461507898233980e-01
4.773633796151663944e-01
4.762328767845517286e-01
4.775213671998242426e-01
4.774448391046974827e-01
4.775769014075202379e-01
4.772109058321474251e-01
4.756269002909984112e-01
4.741642058076923072e-01
4.754502699467341720e-01
4.790203061653234284e-01
4.803440125006203099e-01
4.804934229600498208e-01
4.808212558196223174e-01
4.816165234718898791e-01
4.820868653268350901e-01
4.820004066910055784e-01
4.836332342600836998e-01
4.841018622988908504e-01
4.839432671124004881e-01
4.834675198979809796e-01
4.840353917821564322e-01
4.842007411240183967e-01
4.835597085107526949e-01
4.844960192583900316e-01
4.838383906628141440e-01
4.839893642216862579e-01
4.831036318084410697e-01
4.830581655289530318e-01
4.836057276507819691e-01
4.829853330865712668e-01
4.830567390975183950e-01
4.831605523082105336e-01
4.829034577822302055e-01
4.833652064062957665e-01
4.834412057144856778e-01
4.834106950334531305e-01
4.848107389678407153e-01
4.806529037335985355e-01
4.812114362828088243e-01
4.827260153957252387e-01
4.812476641186061999e-01
4.827752744208495539e-01
4.813991369914080165e-01
4.830518003559743367e-01
4.832835293893493755e-01
4.815394768194372066e-01
4.796577276786077038e-01
4.783155738126507739e-01
4.794366079194376518e-01
4.795648401149292250e-01
4.783070323397826673e-01
4.783877077517025289e-01
4.784678417438181230e-01
4.804292203483245816e-01
4.815405371640010257e-01
4.845106560839818055e-01
4.850228150298846463e-01
4.856381070141375655e-01
4.858230953965871346e-01
4.864626286221819251e-01
4.879818436283301364e-01
4.877356308213842695e-01
4.870294934251403474e-01
4.870133563171840096e-01
4.865137381730436084e-01
4.891100368901541984e-01
4.866879855624696716e-01
4.870626598406879726e-01
4.968175097163984866e-01
5.007541897684486543e-01
5.075150098729561687e-01
5.659558480672974845e-01
5.242161145851190751e-01
6.880249229136277123e-01
6.328672997227859920e-01
5.644084789355646725e-01
5.969002202050812667e-01
4.828811198973055885e-01
4.827360158060147177e-01
4.825082028042337323e-01
4.850901683772577688e-01
4.849942124413967881e-01
4.849437128426694055e-01
4.849706801072519169e-01
4.859105923535604887e-01
4.931349644977587321e-01
4.904931047795422216e-01
4.910787146325104047e-01
4.912182927853378511e-01
4.928866065492132353e-01
4.923940501967545291e-01
4.918665731499413107e-01
4.924989594155240180e-01
4.917637891621948198e-01
4.910878215784468259e-01
4.909478619406646427e-01
4.911949135471798122e-01
4.896997466343145922e-01
4.892768523986950058e-01
4.904391257040202623e-01
4.898418660612828823e-01
4.886774289642298874e-01
4.892225245956237645e-01
4.891300769611078292e-01
4.895364484760006407e-01
4.889783024743420969e-01
4.895096478137134222e-01
5.230360690487610986e-01
7.292521393538979879e-01
5.497915385863245685e-01
4.978552720118608055e-01
4.974182172787197098e-01
4.970448402297694690e-01
4.977912597142962192e-01
4.985672265388511604e-01
4.992373600689351543e-01
4.978331408633381305e-01
4.977538097539571105e-01
4.957631176123314942e-01
4.934177064922942724e-01
4.936859955363375740e-01
4.936091907180929494e-01
4.934877488929824141e-01
4.935109439570473100e-01
4.934491449061322310e-01
4.934288328208967234e-01
4.925307753597611415e-01
4.933685932189059153e-01
4.991255267631656278e-01
5.006064086798008850e-01
5.020146641771615625e-01
5.020596072156015000e-01
5.022219185307601474e-01
5.023076818822905798e-01
5.024239615273481396e-01
5.025642879199866409e-01
5.027393490345941629e-01
5.024948654403513792e-01
5.022268328942043336e-01
5.014277815753575007e-01
5.017142612983044314e-01
5.013033275009735057e-01
5.013041078889107771e-01
5.010178620368710423e-01
5.013355686476680395e-01
5.005338391694480471e-01
5.013406504813968656e-01
5.005130018816325022e-01
5.005324124247785278e-01
5.000090761335691525e-01
5.006142819731861371e-01
4.995493524042896594e-01
4.999789604710735968e-01
5.005474474728452972e-01
5.000603746043476017e-01
4.999655030393076460e-01
5.000273411764990517e-01
4.981094857155845546e-01
4.998108680474442345e-01
4.996223844020983296e-01
4.980825281779375224e-01
4.995238795193802650e-01
4.999779591715456384e-01
5.001127160514331482e-01
5.001896970895064465e-01
5.001326203393448022e-01
5.002924936990800209e-01
4.970078259776403717e-01
4.965349952303451664e-01
4.973598466745888791e-01
4.973584084370170078e-01
4.963825138424542427e-01
4.970318570479735909e-01
4.953491741754794120e-01
4.988779546003992982e-01
4.973414378106796319e-01
4.977445428390695481e-01
4.994195247709679042e-01
4.999641787820473526e-01
5.004372644877177478e-01
5.024330323000029130e-01
5.026867682688095362e-01
5.040928158555061378e-01
5.107545678270876133e-01
5.153030744586784007e-01
5.045919957000088996e-01
5.043934312489178895e-01
5.034608181864077547e-01
5.027026703304768862e-01
5.027590452002844712e-01
5.025428297188616611e-01
5.037527819546652186e-01
5.028176663108637756e-01
5.039197509926379714e-01
5.039526000657555960e-01
5.038676020804715439e-01
5.038023114691870807e-01
5.015048257676134602e-01
5.000710893310609251e-01
4.985902308786291370e-01
5.011688522018266090e-01
4.997812444221788053e-01
5.011374911809152177e-01
5.012933968258423967e-01
5.012986612874303916e-01
5.012342892513976800e-01
5.012496496194939199e-01
4.981727516999476801e-01
4.986998090133660799e-01
4.988558253182574509e-01
4.987749264246626457e-01
4.985406498616282711e-01
4.978120480545881743e-01
4.992488842396753945e-01
4.994734953711910119e-01
4.977142426347287429e-01
4.994589661601889219e-01
5.005099117654009389e-01
5.021657959418237560e-01
5.023761659799536039e-01
5.042435690612174781e-01
5.043958855858950985e-01
5.051137973678145876e-01
5.043616216354835924e-01
5.042215126127866931e-01
5.040208061995805622e-01
5.040103197505543253e-01
5.037248554367101949e-01
5.045437047373573236e-01
5.046985188250583398e-01
5.049904007126393424e-01
5.054394570240040574e-01
5.056003450188308879e-01
5.038316502267747854e-01
5.043455197677041424e-01
5.042482421967364736e-01
5.041320293328466207e-01
5.029678934660697376e-01
5.025755773420530481e-01
5.038712103853844049e-01
5.036403275776795141e-01
5.025535987542031346e-01
5.025292549793569652e-01
5.027512698587988105e-01
5.032965834470876088e-01
5.028824060416827724e-01
5.036667095853242238e-01
5.030955549954430062e-01
5.031528646480931677e-01
5.065414227424773763e-01
5.091251197072040879e-01
5.105869052438728461e-01
5.162847426048773336e-01
5.166261972057617502e-01
5.164844337790872597e-01
5.173292061491689964e-01
5.188920281572577675e-01
5.178698779726768064e-01
5.190789553565526848e-01
5.223476126781446682e-01
5.217847557607497855e-01
5.241140683309574166e-01
5.267284561832370482e-01
5.272148642400665830e-01
5.289802087262293062e-01
5.297786135256741247e-01
5.304789113070296214e-01
5.315780640901470733e-01
5.402011563927043847e-01
5.404119907685906998e-01
5.400555289881197041e-01
5.399221752309759648e-01
5.397695807448649186e-01
5.396699372032813802e-01
5.396922690675182155e-01
5.392239287946097859e-01
5.406647305245066981e-01
5.403034541441553706e-01
5.375085266857160260e-01
5.370956112867462107e-01
5.366798345152966609e-01
5.318066247281714176e-01
5.316272949227140998e-01
5.403704831554896337e-01
5.359839553107073051e-01
5.405961184748290238e-01
5.310330706623530572e-01
5.315680932423154648e-01
5.403557492610278068e-01
5.399764293728942510e-01
5.416746414149522515e-01
5.421950672234671087e-01
5.458320385305434064e-01
5.487688681750868547e-01
5.502448509415562850e-01
5.502603864208335249e-01
5.497483430609308996e-01
5.494103029359583834e-01
5.495889114646688167e-01
5.501153579206808919e-01
5.491478722959786118e-01
5.514083481569289624e-01
5.490565552730017895e-01
5.494873289250469250e-01
5.529081713354155880e-01
5.482528046912051867e-01
5.478841449154020493e-01
5.469237264098161244e-01
5.469189609125236773e-01
5.464066087460665022e-01
5.459340790729564352e-01
5.459455277340797830e-01
5.460185210068384531e-01
5.464072581241452564e-01
5.467077838630627351e-01
5.465707009191145271e-01
5.467355304097311075e-01
5.455988614732275588e-01
5.455555466199654147e-01
5.455042792979580835e-01
5.453692102317178048e-01
5.452163910737974906e-01
5.449691987364247980e-01
5.448148528073020191e-01
5.448529914623363446e-01
5.447901496796692111e-01
5.447035673901414743e-01
5.407833348280481900e-01
5.446969508932056891e-01
5.409416181851008920e-01
5.411224914278678355e-01
5.374587120388650829e-01
5.414371287178270098e-01
5.452373696784277302e-01
5.453560894372101453e-01
5.454881410128064045e-01
5.456009672753450168e-01
5.380269462995805885e-01
5.381839672647950046e-01
5.380222234568846629e-01
5.380635110369917928e-01
5.380840595434619456e-01
5.457659798295408926e-01
5.453611097348003423e-01
5.461610381195727282e-01
5.462545524231562366e-01
5.477025839047416911e-01
5.495181521263223789e-01
5.497998191830621995e-01
5.490881588296122606e-01
5.494020657686805587e-01
5.496716568668293945e-01
5.509732448009945216e-01
5.524170760747442177e-01
5.530159217358647794e-01
5.536920829947371558e-01
5.525875947236064123e-01
5.529969022903754583e-01
5.535773649727787626e-01
5.525717829307360551e-01
5.528775511012247179e-01
5.529120847087934942e-01
5.529563589536301560e-01
5.525744860776573564e-01
5.530763806831402452e-01
5.532837051127073025e-01
5.538879013307632659e-01
5.539576141268718334e-01
5.545956083167065120e-01
5.547739649779759308e-01
5.554515445548422470e-01
5.534411467859126077e-01
5.532867685015203651e-01
5.538010842526046584e-01
5.535231293735629610e-01
2.918229049541448905e+00
9.451566247325772219e-01
5.586991760868096346e-01
5.589998946213912134e-01
5.590938751649866534e-01
5.586069729707326958e-01
5.588950435272773687e-01
5.588916069984184443e-01
5.579576651598296966e-01
5.614445583517368998e-01
5.633097809420191115e-01
5.645125580593741699e-01
5.641933293914127567e-01
5.663575953803878793e-01
5.663163839482689976e-01
5.672329749602265103e-01
5.687579254373007487e-01
5.691417077186282647e-01
5.695891297975157475e-01
5.710756932120421014e-01
5.693619412714705508e-01
5.690151468226394282e-01
5.689080384029918669e-01
5.686220196498164015e-01
5.686667027886302961e-01
5.685639048350508151e-01
5.688894022784386495e-01
5.687701009891534820e-01
5.689061155246930568e-01
5.688510879203697579e-01
5.691372340362370608e-01
5.687259021618560340e-01
5.683607030983908182e-01
5.683859985399750681e-01
5.681616996871805547e-01
5.682242970093661638e-01
5.692363766340389208e-01
5.694637197146673602e-01
5.685783464985583180e-01
5.702084946321911429e-01
5.693464051216688970e-01
5.686280229582102441e-01
5.688161267364917340e-01
5.691293570321580564e-01
5.682729597800260102e-01
5.682319816289329584e-01
5.683049653804296275e-01
5.681630934012993350e-01
5.684080598744066792e-01
5.688005958035143861e-01
5.678156957024925733e-01
5.675740702148933670e-01
5.678111755761855450e-01
5.681685972027055165e-01
5.698719399939682351e-01
5.696166621735172519e-01
5.702646764352077291e-01
5.729079376838529525e-01
5.748309092040115864e-01
5.764273460436026841e-01
5.780008301297470119e-01
5.781841752794322220e-01
5.790930384555318389e-01
5.796626426776718688e-01
5.805271927704291901e-01
5.810454510688967122e-01
5.838364503388642213e-01
5.837809198249032105e-01
5.842481553779805825e-01
5.843955200091279778e-01
5.842580539963966313e-01
5.843891692960948570e-01
5.836103608269227472e-01
5.841196191933452075e-01
5.836436778649362056e-01
5.841556218898441566e-01
5.836426881698033586e-01
5.832088212547830164e-01
5.843372706113528769e-01
5.845560889420858830e-01
5.840071512480635718e-01
5.832357765677995687e-01
5.829513010264062434e-01
5.826497853115466530e-01
5.823715618387131920e-01
5.821845290909927195e-01
5.819762322607556770e-01
5.825132584416926607e-01
5.820084921176666981e-01
5.825614678472754715e-01
5.825939228309260365e-01
5.821104603427005308e-01
5.804787710625057828e-01
5.814868151388599138e-01
5.819799441090339753e-01
5.827559453868184081e-01
5.850326132395760048e-01
5.873841339512934079e-01
5.874119200046212796e-01
5.890564906855961791e-01
5.892495793470653442e-01
5.902556929205083902e-01
5.891940498203197540e-01
5.907264672917619253e-01
5.927408351361934669e-01
5.929516406380147542e-01
5.925062631335764607e-01
5.930886828315613535e-01
5.915725552499224715e-01
5.924885040762546407e-01
5.917114690042012404e-01
5.911800701957312665e-01
5.906965284971155139e-01
5.909755710375992344e-01
5.909940154595505479e-01
5.942579408176095201e-01
5.901070513332844492e-01
5.907610079580276619e-01
5.906420809905088554e-01
5.900978963028533641e-01
5.905089919407476851e-01
5.892926102237011632e-01
5.899729816686754003e-01
5.900575954616509300e-01
5.896189734490862033e-01
5.903774898659953640e-01
5.903780242098182196e-01
5.897317830547222917e-01
5.898237491500395446e-01
5.898643492218905715e-01
5.890587514766951749e-01
5.890731678293696927e-01
5.884431369825844360e-01
5.879590974703542416e-01
5.882527397182470974e-01
5.888825734447384885e-01
5.898290463095104963e-01
5.901765759879368245e-01
5.937289071125517737e-01
5.935126645880549612e-01
5.949921722349276187e-01
5.957999618570932743e-01
5.955043800112049812e-01
5.954382744937457561e-01
5.953758054825531998e-01
5.972880650815396431e-01
6.002434307031413452e-01
5.987843705334372491e-01
6.011228775741864760e-01
6.016357698339387383e-01
6.020703321356570825e-01
6.024769610966377309e-01
6.024922448101867056e-01
6.038612640812808241e-01
6.047769328484192686e-01
6.072921122329444366e-01
6.152709043646127363e-01
6.175107139708190251e-01
6.184829236861991708e-01
6.193982116061043097e-01
6.193193840619510837e-01
6.183277757715899270e-01
6.175973223885736774e-01
6.170362061274530241e-01
6.174627122171900684e-01
6.143337939515691737e-01
6.157201166454125962e-01
6.157055920953236061e-01
6.175972595142280586e-01
6.175972928380742966e-01
6.155809077665915785e-01
6.128968823048255299e-01
6.133904650332651087e-01
6.133774869916128747e-01
6.138616886224621538e-01
6.137747027588760229e-01
6.136729336356980813e-01
6.146682814168935582e-01
6.152998449621851496e-01
6.156639476948219114e-01
6.156705772417423450e-01
6.154821934936705041e-01
6.150617491532935910e-01
6.160798087626194741e-01
6.155195941029316664e-01
6.188469388870500021e-01
6.195087236079879212e-01
6.170524353857200772e-01
6.184981248737453363e-01
6.171224204624089493e-01
6.171644728218281806e-01
6.172315216593518006e-01
6.157791132916293764e-01
6.151657634513780781e-01
6.151141185918781451e-01
6.155813014574814668e-01
6.183804977747381360e-01
6.184873923904837811e-01
6.226254779305721021e-01
6.238712884325160468e-01
6.243545221891030339e-01
6.240698374156485873e-01
6.254734011955912498e-01
6.259100253032189309e-01
6.274336943504783548e-01
6.273362094822788615e-01
6.281763541837571685e-01
6.276455254684438767e-01
6.265149568114631862e-01
6.256705793762188383e-01
6.254353228901285977e-01
6.260781453916907102e-01
6.249099797445332172e-01
6.246845314413465022e-01
6.246711774752594648e-01
6.259375039054057011e-01
6.263650306703372195e-01
6.259064641200375867e-01
6.253655674491024330e-01
6.280359859214487139e-01
6.284155096031064369e-01
6.287316187245861610e-01
6.289700010079513071e-01
6.294757107586697042e-01
6.307306325655330781e-01
6.307478708854814542e-01
6.304446832891591468e-01
6.312052781419045244e-01
6.327204531183324709e-01
6.339282867792719323e-01
6.344862956459687009e-01
6.344189918470671818e-01
6.331888094407467360e-01
6.329962699022413375e-01
6.358000243071171287e-01
6.365917800406355465e-01
6.377115517871589923e-01
6.379162345674661561e-01
6.385273523155806652e-01
6.381491625409073665e-01
6.382607264281185966e-01
6.383445170842251271e-01
6.393711944707247685e-01
6.393439093630640668e-01
6.399836880107843129e-01
6.402331775472186459e-01
6.401535650823702017e-01
6.402384078400393808e-01
6.382662827615055434e-01
6.384732898538316714e-01
6.382043455893340322e-01
6.374296159977614895e-01
6.371845426797838607e-01
6.381167952144487510e-01
6.351910370146340856e-01
6.365502325206171541e-01
6.365224927970685176e-01
6.365077319593510641e-01
6.367315788980141278e-01
6.366798670321264231e-01
6.347100304064112741e-01
6.357181522866623968e-01
6.366016822723481461e-01
6.374598935676858424e-01
6.383175316323475013e-01
6.390484320111610161e-01
6.400700944416117810e-01
6.408354975261865150e-01
6.415143924956496768e-01
6.457581362621244159e-01
6.465224721791814622e-01
6.464369758369418184e-01
6.478476053307982152e-01
6.476667034296992309e-01
6.469104651706417686e-01
6.470518413822060610e-01
6.466785343743759462e-01
6.467071922877078993e-01
6.464721401234492237e-01
6.466615641703901129e-01
6.468613893798361714e-01
6.462373240879342173e-01
6.463030512401776173e-01
6.464242127426119700e-01
6.460354549266256186e-01
6.458420218884297626e-01
6.460812334863277329e-01
6.458481799590802819e-01
6.462021430840164671e-01
6.462183089595729957e-01
6.460866192451208967e-01
6.447608906298680775e-01
6.453184701269876200e-01
6.461514220725972368e-01
6.455019098285095236e-01
6.480094558948652494e-01
6.486141569598082857e-01
6.479875477602462519e-01
6.476991343919827893e-01
6.476068241342990417e-01
6.474783707501980956e-01
6.480796087768234681e-01
6.501381043100875612e-01
6.508696661915703841e-01
6.511103552234251968e-01
6.568728476982477194e-01
6.586841746728792080e-01
6.595882817528807562e-01
6.610463946358901000e-01
6.657965546790800548e-01
6.667405792367208095e-01
6.666683206795078753e-01
6.664467095474878588e-01
6.673471125226752010e-01
6.703066871787808356e-01
6.701421878093367646e-01
6.687818560704805737e-01
6.686445998635721644e-01
6.685651373240739659e-01
6.691517118508638617e-01
6.681839889556928647e-01
6.660347868733962340e-01
6.651925917202503591e-01
6.657624743433221415e-01
6.656223528045945859e-01
6.655635424782795351e-01
6.653302274121580817e-01
6.653943093743664994e-01
6.655037911923890048e-01
6.655428252115783705e-01
6.657182382641146923e-01
6.657413114751639105e-01
6.660659069511347674e-01
6.669930279228790670e-01
6.670882095632848507e-01
6.678708550914265185e-01
6.678223461529059213e-01
6.684420164641508011e-01
6.644741043965066707e-01
6.646796497575011564e-01
6.646179175675736017e-01
6.642272272844814696e-01
6.640631016391301822e-01
6.638569145906849656e-01
6.632324437926020444e-01
6.632610850700759730e-01
6.631049204819230436e-01
6.656412423385134058e-01
6.666358118279953615e-01
6.673323765002932006e-01
6.685080726309214905e-01
6.686776287094499116e-01
6.683369866476769339e-01
6.686591796999212800e-01
6.697657297543917476e-01
6.710212405121518398e-01
6.707441737096667689e-01
6.704596604044296138e-01
6.708831196260411911e-01
6.711738543638673393e-01
6.708205783754722651e-01
6.697705364555964769e-01
6.695660433033581160e-01
6.694703253871024939e-01
6.694339254438022024e-01
6.694358042012026333e-01
6.693876570153370897e-01
6.697149871996233017e-01
6.682332826326704556e-01
6.706166607053003492e-01
6.696121965518495589e-01
6.680617128150911910e-01
6.678974412998401888e-01
6.677194595379785103e-01
6.675809454298318180e-01
6.675234506251435107e-01
6.673315588304269408e-01
6.672846066687850852e-01
6.672002671910394200e-01
6.672185267630758032e-01
6.671572244090500092e-01
6.670973215252049560e-01
6.652572049237097662e-01
6.666116294653946506e-01
6.647635471048158884e-01
6.655141319870200300e-01
6.663480508983377071e-01
6.654515386062838100e-01
6.664826991315907501e-01
6.665785060447290133e-01
6.651261470718792257e-01
6.634686621298151454e-01
6.634178747751631189e-01
6.626984116986925910e-01
6.632012115993989321e-01
6.625536446006472513e-01
6.625552066534300399e-01
6.640716345734994919e-01
6.632026010811471473e-01
6.643287985223418346e-01
6.640539052072760295e-01
6.637635872638242285e-01
6.620751693825225326e-01
6.627537705235422294e-01
6.624054002483763526e-01
6.623706636680567472e-01
6.624438199790981807e-01
6.628774649314239653e-01
6.628598962087335345e-01
6.626440912708236874e-01
6.626910274332853401e-01
6.625257606854754178e-01
6.625539288230728463e-01
6.625876876260750059e-01
6.626126556793969780e-01
6.626917358514708978e-01
6.627901517976166890e-01
6.628944933121199146e-01
6.630622686387585007e-01
6.630752368223272741e-01
6.630582361678976078e-01
6.630399720499055016e-01
6.628044142054575483e-01
6.624979614236561343e-01
6.631110851533053019e-01
6.632378335319354390e-01
6.633845093908817825e-01
6.635383423788414614e-01
6.631820707665757597e-01
6.635425476236079811e-01
6.634992830200100444e-01
6.634941341593721953e-01
6.620265381267550486e-01
6.625022458113442037e-01
6.631447744234603148e-01
6.625439176962213406e-01
6.625827778414047353e-01
6.631292811982792967e-01
6.631234463036644877e-01
6.627437559317548299e-01
6.628398027393777037e-01
6.627155370487166630e-01
6.634442727248909266e-01
6.639124802502350819e-01
6.641675116531122747e-01
6.646304693627065330e-01
6.647344562185621974e-01
6.652099029208831116e-01
6.655338685672773646e-01
6.658611227503795638e-01
6.659617521139215013e-01
6.670094687147538615e-01
6.671748123002314568e-01
6.673359323739622706e-01
6.671771774911108288e-01
6.675691506255259089e-01
6.677644843518011353e-01
6.678062169832232886e-01
6.678903018727415652e-01
6.677324071158383667e-01
6.679476093697429562e-01
6.680012892235079880e-01
6.677337029098335819e-01
6.678022430605168314e-01
6.670152947049274861e-01
6.677846220894410045e-01
6.666769455247788523e-01
6.665391610866566729e-01
6.662723900942316702e-01
6.673000445456590546e-01
6.670144332021209488e-01
6.654116709305434307e-01
6.654035551860356668e-01
6.653267862325045190e-01
6.648788811085815098e-01
6.648118625010697169e-01
6.656188327462642107e-01
6.655554981833259331e-01
6.653236160851029313e-01
6.651352854661022329e-01
6.653425302914101058e-01
6.655869517360905041e-01
6.651676140899851486e-01
6.649841171696629916e-01
6.648007487804131754e-01
6.644959509985678414e-01
6.640970748108120381e-01
6.640904451147494614e-01
6.638949809120116008e-01
6.638671490750571724e-01
6.635543870811539957e-01
6.660764655131549139e-01
6.638196629386922121e-01
6.639334614442340410e-01
6.638022979677298263e-01
6.637946506674469171e-01
6.642297812094721809e-01
6.644163939631819726e-01
6.645506932456113347e-01
6.646812672073767470e-01
6.641380144197754909e-01
6.629382032846540262e-01
6.634335607474353136e-01
6.634195748164467554e-01
6.629445216525226003e-01
6.633871548294180132e-01
6.634400704425693629e-01
6.638979464423787613e-01
6.655252388914896233e-01
6.650778123201595005e-01
6.675639378780117150e-01
6.683063074013724236e-01
6.685012536895580393e-01
6.708519066636963180e-01
6.709810459224997414e-01
6.714360028374495304e-01
6.721430494438732639e-01
6.726112376031398998e-01
6.743639518063035965e-01
6.748327938697532558e-01
6.747679649926542345e-01
6.752096987475544321e-01
6.754797572014560325e-01
6.757905442498755022e-01
6.766686546917564105e-01
6.768435567550351584e-01
6.784825445486477591e-01
6.781138896492572288e-01
6.786027427895494624e-01
6.813141972464887841e-01
6.816424583914260094e-01
6.823111339216392235e-01
6.805789436739320131e-01
6.802473576216833129e-01
6.823607939111944187e-01
6.824729015454223946e-01
6.829845071629654374e-01
6.829234283222106461e-01
6.828919169308169668e-01
6.832178436207873018e-01
6.828276939892968800e-01
6.828585119377522661e-01
6.825085072159388089e-01
6.824882042292735873e-01
6.820422630354870952e-01
6.824249354139010348e-01
6.824199317806421972e-01
6.816127533831002339e-01
6.825400248239583689e-01
6.817751205424470440e-01
6.824265688706465660e-01
6.811314742743642681e-01
6.804945364596302060e-01
6.805186852042873769e-01
6.807606145629370165e-01
6.817201510625690020e-01
6.807707457618312752e-01
6.814603070873052060e-01
6.811402115158583515e-01
6.815011500816542389e-01
6.810354705373112827e-01
6.795651676297661536e-01
6.790213068326994561e-01
6.789186846067165604e-01
6.786821456908033179e-01
6.785025124247916484e-01
6.778442985855174241e-01
6.776517408306518275e-01
6.782114569013063532e-01
6.780184787325571616e-01
6.785519735172270694e-01
6.783403625167119255e-01
6.778226213800591093e-01
6.774752581214755764e-01
6.777859726956859676e-01
6.778147146908336529e-01
6.778625027609944675e-01
6.775544868465881443e-01
6.776525777093104219e-01
6.777201824490770576e-01
6.779789249543218821e-01
6.779684672935306633e-01
6.773575540607477130e-01
6.774115010479582200e-01
6.775438024735763731e-01
6.775492538437706269e-01
6.775850422524591909e-01
6.776182571759603590e-01
6.776694773092040158e-01
6.777160995943299904e-01
6.778423595798050982e-01
6.772764915658751050e-01
6.772179957345929591e-01
6.772685277469699949e-01
6.771719615226550193e-01
6.766801397950504837e-01
6.767908941055308381e-01
6.766839534524720090e-01
6.764464708759385658e-01
6.761785119750721718e-01
6.759985348600840993e-01
6.750282873167461339e-01
6.753098817188420977e-01
6.751919674304260877e-01
6.748113293341658769e-01
6.745760116066973344e-01
6.741487377337465059e-01
6.739811958238488554e-01
6.743756829833794653e-01
6.742902940829588188e-01
6.742437570473751585e-01
6.742891683045448836e-01
6.740708349002587640e-01
6.741456961378339274e-01
6.744168711530974525e-01
6.738286399289047379e-01
6.742958660113895775e-01
6.742320684290615818e-01
6.738010026785965501e-01
6.739132021027615105e-01
6.746333330267706430e-01
6.740415822554437497e-01
6.738155347620031765e-01
6.730741979254628582e-01
6.730465337156119610e-01
6.739559290695151805e-01
6.727625239186425521e-01
6.736584179610163314e-01
6.729510539895068311e-01
6.736813185985974783e-01
6.730450035157873323e-01
6.730699211838926388e-01
6.724913929153060188e-01
6.723012138433928087e-01
6.722268841544201123e-01
6.721159751164539342e-01
6.720578909523963196e-01
6.720523323011716732e-01
6.715900466592167328e-01
6.716257971374219871e-01
6.716531795832904050e-01
6.707222646937793797e-01
6.704630548054162364e-01
6.708456740120796180e-01
6.717830076503176207e-01
6.718965462937862565e-01
6.719555375541113040e-01
6.720229744415605611e-01
6.718120158101260619e-01
6.708736756957874858e-01
6.716588357792683261e-01
6.716429426515391210e-01
6.710040249751634267e-01
6.711595204859547303e-01
6.711130394738805682e-01
6.709279545701450909e-01
6.710655124088625856e-01
6.709426005716473407e-01
6.710146329438146928e-01
6.709902752605414467e-01
6.709051324468815469e-01
6.708982075991202221e-01
6.709307406538023155e-01
6.708406318540560687e-01
6.706314987841019981e-01
6.706238856060605658e-01
6.705822839490673815e-01
6.707118146313334472e-01
6.715742729048468362e-01
6.716336587276600101e-01
6.715431974185697150e-01
6.705635300960947065e-01
6.713643124961120590e-01
6.714124301461236177e-01
6.702105961284968716e-01
6.701751619382892988e-01
6.708063061047373488e-01
6.702048137427391028e-01
6.710234214788495244e-01
6.701576019916617444e-01
6.713970100063112456e-01
6.703674106431690705e-01
6.695497387716513593e-01
6.675878448892265116e-01
6.692013002518562015e-01
6.690902812002217370e-01
6.697437771424201713e-01
6.697607980971713726e-01
6.695901480930129823e-01
6.692977395794271755e-01
6.685732857410403573e-01
6.685595949149905071e-01
6.686568144161809668e-01
6.687266963559829192e-01
6.686111836519910145e-01
6.675276952974699141e-01
6.683900588562234901e-01
6.685630199195065071e-01
6.678185951305060097e-01
6.678161222976310984e-01
6.678151140105411665e-01
6.677030227567650744e-01
6.674154107771044231e-01
6.673822056313269968e-01
6.663407473288883720e-01
6.669275453800902476e-01
6.668413875336896002e-01
6.668066441803253142e-01
6.668137360919410561e-01
6.665197408002717649e-01
6.668199794571617600e-01
6.655688569471663874e-01
6.663238631423676894e-01
6.661314383480344548e-01
6.663945301506972729e-01
6.663586184704995974e-01
6.666131409569288069e-01
6.666388251206896154e-01
6.659726111619755917e-01
6.657527513210959036e-01
6.657345314729726793e-01
6.646296215937854690e-01
6.661341006512138119e-01
6.687371129146909565e-01
6.688905784618266459e-01
7.271293847377156006e-01
7.333022934067130461e-01
6.677517333074329819e-01
6.728212391279799753e-01
6.693353632223022487e-01
6.840588344014367772e-01
7.180406977842684890e-01
8.275315475482375449e-01
1.002868280867824868e+00
6.676199128831804552e-01
6.676188386222808857e-01
6.675772934929716795e-01
6.675679660439667318e-01
6.675547914658113147e-01
6.670665895638648868e-01
6.674017207950786457e-01
6.677705122033719132e-01
6.663573127552864239e-01
6.667326360995963208e-01
6.667640422217598895e-01
6.667728026355654869e-01
6.673850492631914211e-01
6.674415363026444670e-01
6.675841563207994822e-01
6.671199861813421617e-01
6.675648343900691950e-01
6.670226541213312155e-01
6.668399973265023428e-01
6.666398560643232996e-01
6.666912108163620676e-01
6.668323547774814841e-01
6.669467198925250750e-01
6.669128577353257148e-01
6.668658206300788205e-01
6.665411231951726689e-01
6.663206950595867983e-01
6.665284583448083389e-01
6.664366510088227669e-01
6.664613189722423670e-01
6.660441668828931405e-01
6.660235863602634865e-01
6.660748576012713862e-01
6.659157155285599927e-01
6.659885369158745627e-01
6.656310053483999178e-01
6.664363154630105202e-01
6.659253667594580151e-01
6.660253011050980554e-01
6.660292400255407586e-01
6.658997654733216365e-01
6.656976180487548245e-01
6.659152481278695079e-01
6.661658757249651064e-01
6.662413726358171751e-01
6.662247170546354846e-01
6.663843568120586536e-01
6.662232443204388899e-01
6.651580068534501677e-01
6.661869612602498991e-01
6.661095865707447050e-01
6.651020911649739853e-01
6.651999832522839107e-01
6.659801669489935350e-01
6.662213197532569353e-01
6.660130553511912632e-01
6.661154927408470261e-01
6.661060181129661029e-01
6.652840237039868709e-01
6.643005826202281749e-01
6.641863838073507331e-01
6.650442474521295333e-01
6.650325381752590914e-01
6.650618375394106163e-01
6.649780718032723970e-01
6.651580686895776084e-01
6.642082023300677207e-01
6.632084635440416154e-01
6.641341537304741305e-01
6.634990691655594519e-01
6.641237378754718534e-01
6.641366469208260792e-01
6.636961644109268255e-01
6.630471272000604266e-01
6.648623633978893999e-01
6.637080823033714161e-01
6.627088672305747608e-01
6.644937744932389867e-01
6.645068156264122283e-01
6.655980661823657218e-01
6.648213002097345115e-01
6.650519537421291094e-01
6.650390093386512325e-01
6.651907063475959170e-01
6.658246336153988976e-01
6.657423915576794471e-01
6.657438817058322078e-01
6.658141157144664701e-01
6.656307378596035829e-01
6.655619535044708934e-01
6.658434580764971411e-01
6.658917467716094496e-01
6.660218319604097603e-01
6.660868628392671020e-01
6.660285774878007548e-01
6.659067165076386630e-01
6.664209808575084493e-01
6.659240512521186206e-01
6.643844469015554033e-01
6.657770321291999194e-01
6.657234628055617165e-01
6.656875949166988216e-01
6.639744811906994615e-01
6.647817892197530609e-01
6.655150392569263440e-01
6.654860034871770136e-01
6.654717217481325164e-01
6.629405087663754470e-01
6.629935522746249754e-01
6.633696738175837160e-01
6.635235143739685038e-01
6.632742186095021975e-01
6.638348458347188563e-01
6.633782259506756374e-01
6.641205030509160778e-01
6.645125684120185561e-01
6.628847469920081670e-01
6.631786711913356669e-01
6.617609562006181445e-01
6.620753648035251349e-01
6.617839024229854594e-01
6.621893042724356082e-01
6.619353766483764279e-01
6.617290595573359635e-01
6.620849878743173544e-01
6.622549436793994104e-01
6.631733569563286190e-01
6.634691640179912753e-01
6.629899512720136556e-01
6.627602269541987834e-01
6.634664755281818316e-01
6.641385261666576945e-01
6.636543780171925144e-01
6.635724004704539603e-01
6.619073130967633167e-01
6.632398958694485369e-01
6.630695229085584730e-01
6.612234875912096355e-01
6.620067973325215460e-01
6.621463595654718537e-01
6.622707114525420158e-01
6.623517062590299487e-01
6.623899196866701589e-01
6.624478776389394197e-01
6.625283937377972610e-01
6.621700420452634184e-01
6.623498050056599862e-01
6.614015254665147614e-01
6.614771260707237310e-01
6.621541975103421018e-01
6.612804728846288782e-01
6.618591669871830563e-01
6.618259830040577052e-01
6.617814254944247576e-01
6.618234929745103745e-01
6.617490922966255962e-01
6.621074780924864900e-01
6.603647875313984894e-01
6.605588138350787508e-01
6.598868422619321716e-01
6.606566658959034388e-01
6.614520562755368260e-01
6.606598076166269040e-01
6.627402439904779285e-01
6.620585235648240863e-01
6.619186734275275263e-01
6.613625777366538561e-01
6.607874062847869379e-01
6.608854580064018602e-01
6.607676823789194742e-01
6.620757505696752698e-01
6.614982979134944596e-01
6.616397078833970991e-01
6.797608741285399159e-01
6.622169919595350951e-01
6.624018025763582784e-01
6.622530422606706102e-01
6.622815746825491123e-01
6.600722461026875543e-01
6.606777244097590263e-01
6.604647217237324952e-01
6.602238035279155426e-01
6.600001053173166765e-01
6.596012923505083503e-01
6.598340038172676447e-01
6.598733739001998444e-01
6.614425683771579800e-01
6.602112237655596294e-01
6.601153092032083780e-01
6.600516357864794070e-01
6.601770147714520753e-01
6.596499862764956257e-01
6.630603149693232723e-01
6.602548930282565731e-01
6.601036942411900865e-01
6.605927341530752894e-01
6.598556933361280352e-01
6.595344276939691941e-01
7.240682028921920921e-01
6.736815582847552886e-01
6.715532691487872130e-01
6.742850160514336499e-01
6.650410796195833640e-01
6.639848354844503087e-01
6.594693011474765942e-01
6.595715538502564534e-01
6.595166373924805647e-01
6.589101905443948137e-01
6.586513140761054430e-01
6.588925497201076897e-01
6.593781399703541046e-01
6.586082508732700180e-01
6.589005854107047311e-01
6.586981708762060794e-01
6.585416055742360220e-01
6.583085582238976663e-01
6.577386476972231222e-01
6.573086955532267961e-01
6.569860979132433609e-01
6.570530884215276535e-01
6.567071171515055372e-01
6.568987754264496992e-01
6.560122350452113338e-01
6.557671353745178067e-01
6.555901418005389836e-01
6.555431769131709885e-01
6.555695314144346364e-01
6.545726719743258926e-01
6.545290067423594760e-01
6.541148920654686894e-01
6.541653500348638683e-01
6.541594858838204463e-01
6.541829729709462971e-01
6.547882708589816136e-01
6.546058012229970524e-01
6.542071083776315188e-01
6.538497739283264387e-01
6.531186615418388408e-01
6.516683291417860735e-01
6.524345896538472633e-01
1.117909015891582980e+00
8.209326937299115112e-01
8.105981878201081736e-01
6.705925565128975085e-01
6.643771092705321735e-01
8.095052466542557168e-01
6.605907480404958898e-01
6.587605529983154851e-01
6.598206726749755724e-01
6.592899385591088901e-01
6.584172928343895448e-01
6.581150965676976217e-01
6.580112509885800431e-01
6.572805601730671299e-01
6.575576373948968101e-01
6.574852573223187724e-01
6.575103222553304594e-01
6.572866188087858053e-01
6.574593680142822860e-01
6.577445235046076588e-01
6.573595019943566653e-01
6.569627516215973406e-01
6.581418741430773434e-01
6.582866544684110588e-01
6.576685823462404823e-01
6.586769209371188261e-01
6.586657006901124323e-01
6.564598311847220646e-01
6.567732428370112174e-01
6.566609012769450970e-01
6.564848902328634939e-01
6.561899451852684084e-01
6.568026079243305393e-01
6.562143775747328878e-01
6.561919179099804378e-01
6.569132078919608375e-01
6.571009176913618077e-01
6.562625159181318946e-01
6.548376491903598051e-01
6.545875351085796989e-01
6.545801502555990137e-01
6.547985933152775662e-01
6.549548598130935373e-01
6.548636805640941638e-01
6.551990038547517159e-01
6.545997236405775022e-01
6.550324804741833873e-01
6.549919757034292633e-01
6.544628283891459342e-01
6.544717865275937463e-01
6.542112531796377972e-01
6.540946529184390457e-01
6.537004944331823442e-01
6.525607202405098173e-01
6.533262356025422157e-01
6.529018373727502045e-01
6.533662428639406272e-01
6.532554519449871311e-01
6.527558981870947852e-01
6.523041395274083998e-01
6.528140197867473571e-01
6.527412419810322275e-01
6.526822927718595180e-01
6.523115507239447552e-01
6.522785416019283300e-01
6.527193039127688889e-01
6.528494233795522073e-01
6.524760633399384613e-01
6.525858785174556420e-01
6.525968769434487005e-01
6.526159532906495864e-01
6.525348055130287817e-01
6.529353044105618009e-01
6.528349515566727046e-01
6.524640399011075731e-01
6.530592140408939539e-01
6.531095920637555174e-01
6.530529554786301816e-01
6.516482452658312052e-01
6.520254892708203798e-01
6.512717901211244609e-01
6.512048482754793088e-01
6.518032258190749051e-01
6.524334657404748938e-01
6.514567831454775027e-01
6.513327104929546030e-01
6.513084083566188509e-01
6.509700383339276364e-01
6.503562116473454724e-01
6.501563176649473030e-01
6.515289091119519371e-01
6.516112800580466935e-01
6.511445933307888900e-01
6.509203739713838033e-01
6.506617474438761706e-01
6.504611913136177925e-01
6.515434007152216545e-01
6.510998511536298938e-01
6.505489532507311434e-01
6.505028392074740928e-01
6.507166461520601519e-01
6.504150844378780993e-01
6.521844870391135807e-01
6.505519194279758555e-01
6.507351144766480022e-01
6.503854246881690671e-01
6.506755199088436470e-01
6.506601836117028581e-01
6.506766388134934687e-01
6.505631735129708826e-01
6.502505643464240315e-01
6.503397829615538139e-01
6.503201927179533826e-01
6.502059104128794509e-01
6.502754824268084377e-01
6.502353183157327798e-01
6.502622303148142269e-01
6.504534555067045254e-01
6.503030994395828657e-01
6.503707868802853787e-01
6.502713113509419607e-01
6.503351915819599594e-01
6.504048471921841656e-01
6.502753501091144139e-01
6.505608653392070950e-01
6.506312355458130359e-01
6.502390936706208269e-01
6.499369512515069669e-01
6.499098914959446915e-01
6.500395651582975276e-01
6.500609162126931295e-01
6.502238244561810987e-01
6.501505822109028276e-01
6.503349762610811657e-01
6.500065817989545414e-01
6.500506076483405504e-01
6.500795004468308269e-01
6.497425016311382251e-01
6.490598112990471069e-01
6.494238116214532397e-01
6.492519468177606612e-01
6.491319022009783835e-01
6.487270282477302086e-01
6.491385392262142284e-01
6.494687886709490376e-01
6.493225757441023482e-01
6.493747510534866318e-01
6.495584081156378087e-01
6.490936380520346827e-01
6.491303399222534409e-01
6.488751374153228779e-01
6.488078598352366999e-01
6.486774344146003513e-01
6.487669391370084471e-01
6.488576693925883765e-01
6.488034151201304001e-01
6.487686141561789244e-01
6.486249796884391294e-01
6.481609323101055198e-01
6.485694830110042552e-01
6.482252409947708571e-01
6.482631882863655326e-01
6.484996451733658906e-01
6.487001615430154633e-01
6.486424250542135450e-01
6.482479681784580894e-01
6.482846150457639567e-01
6.483124399320090436e-01
6.477668618922907129e-01
6.478690036580578848e-01
6.470866440129019459e-01
6.470809113225074460e-01
6.462669508039740052e-01
6.470153037921813066e-01
6.491465993580457505e-01
6.499477300434308713e-01
6.485080594171337420e-01
6.486654415822735720e-01
6.483470122419379145e-01
6.469930811469868370e-01
6.472700491817020563e-01
6.466985193500239815e-01
6.467316499725200840e-01
6.472352770896140362e-01
6.466816536179841313e-01
6.466719621444438904e-01
6.482351890662536587e-01
6.483582236894990247e-01
6.461709347541613191e-01
6.468257638125063380e-01
6.460994482751168944e-01
6.460633252465375342e-01
6.475583310827914829e-01
6.466765350659297029e-01
6.473692160428949904e-01
6.477972892744141564e-01
6.474308667437482789e-01
6.474861326631513592e-01
6.464598811190434002e-01
6.478638268203780193e-01
6.473958298906710151e-01
6.475080462254390046e-01
6.455657351629984220e-01
6.475927586627723276e-01
6.475514861306490566e-01
6.476060055732379972e-01
6.477680757547085166e-01
6.477366687226567832e-01
6.477046716736316601e-01
6.472700559215645022e-01
6.478762454834732232e-01
6.483404585202068304e-01
6.473251515914664189e-01
6.474834182089239665e-01
6.476285256943881130e-01
6.474684025035022383e-01
6.485537566420681577e-01
6.433539443618171427e-01
6.454501379419947948e-01
6.425931265517043078e-01
6.439276093937871259e-01
6.432703445050418356e-01
6.418084348087723656e-01
6.426475124727824006e-01
6.418985606842708691e-01
6.425793703482388652e-01
6.425181700019575448e-01
6.431257978240100259e-01
6.413144103674475183e-01
6.414196235924859435e-01
6.415689776240274256e-01
6.413765079977906680e-01
6.414030816661395740e-01
6.416725458411153271e-01
6.414722028825898814e-01
6.412167206675771780e-01
6.412432483856285170e-01
6.403413586134827362e-01
6.403254324673858244e-01
6.403622925538463573e-01
6.408388578902829424e-01
6.405500791793170556e-01
6.404282482677221555e-01
6.403107566212010715e-01
6.397415599298372779e-01
6.401024829220791634e-01
6.403586006726111890e-01
6.407468350997721496e-01
6.396983163326468436e-01
6.399582515806505612e-01
6.405946562710037595e-01
6.406232626127668084e-01
6.395662873866729825e-01
6.398654311755322954e-01
6.398212639882205899e-01
6.398235735168720240e-01
6.398210927700918038e-01
6.395054276188799625e-01
6.395772364535079468e-01
6.391227965159508306e-01
6.392527434877683934e-01
6.391458274485706248e-01
6.391703414632755598e-01
6.390966747995305841e-01
6.394860931584559482e-01
6.395210133093092164e-01
6.395216263619042385e-01
6.394605799978884120e-01
6.390031260547220926e-01
6.386482507560730104e-01
6.389034499957292335e-01
6.387745610732979973e-01
6.387261748833722441e-01
6.388015622790464976e-01
6.389048006838269345e-01
6.385190725427107861e-01
6.390868773473258324e-01
6.381708933486019975e-01
6.382538349765082275e-01
6.383610423685894819e-01
6.372254651631912292e-01
6.377070165268536872e-01
6.382190676156973552e-01
6.383160066076416506e-01
6.378498094707415467e-01
6.378980832912093391e-01
6.383654226001841403e-01
6.371203967614935681e-01
6.369274004401208611e-01
6.374890605063918692e-01
6.375559795047233136e-01
6.376446148591528029e-01
6.370272316470448892e-01
6.376484613212035635e-01
6.374627143337334712e-01
6.375191630451773062e-01
6.369278526524859707e-01
6.375215402572746992e-01
6.360706335464896277e-01
6.358683049640233564e-01
6.367014512760659217e-01
6.376370108705152751e-01
6.378587669295805451e-01
6.375348622093490736e-01
6.375871940325283926e-01
6.378820406643916918e-01
6.371217743619946861e-01
6.365188034334589018e-01
6.361656865640659131e-01
6.356318763168531394e-01
6.357450047596617804e-01
6.361701123470646646e-01
6.361395161204954629e-01
6.358150907692731169e-01
6.355270015081367907e-01
6.356349146876859590e-01
6.356364070025913859e-01
6.355619443718429906e-01
6.359318693337243644e-01
6.357805824412811058e-01
6.357593417411754322e-01
6.357153729470769177e-01
6.357386798390384230e-01
6.357418181271211610e-01
6.351993770786620308e-01
6.348677864327753051e-01
6.352419692186379585e-01
6.347336614211444017e-01
6.343173951133164179e-01
6.339226810530945722e-01
6.330369755602884840e-01
6.330938644161101525e-01
6.325466780645631060e-01
6.330728594244628971e-01
6.329877464433003587e-01
6.326835266134424041e-01
6.321965200634691584e-01
6.314245046020285912e-01
6.312352926944000409e-01
6.315046474005473476e-01
6.324127123009382068e-01
6.330576488135124524e-01
6.331122821519575838e-01
6.335988690791497513e-01
6.337367621240681537e-01
6.343969323824787399e-01
6.346337827076535820e-01
6.340073175136506922e-01
6.354461658867380791e-01
6.344683553562606715e-01
6.344694901978064072e-01
6.353512428839608317e-01
6.352981532999198988e-01
6.352323785659345079e-01
6.353067535105030306e-01
6.352236563751307852e-01
6.352687434192385574e-01
6.351992611837806724e-01
6.332714674798151089e-01
6.337130557201681169e-01
6.332339389350876147e-01
6.328233670547082079e-01
6.330972285317776338e-01
6.330259130968698411e-01
6.330629408855166229e-01
6.330324722698347228e-01
6.331746232230162086e-01
6.327051495561285543e-01
6.325677011025773178e-01
6.324497895639709100e-01
6.325427188588956806e-01
6.324038707096074630e-01
6.324973403228074664e-01
6.319452892867009064e-01
6.319643630858435834e-01
6.321636156615989544e-01
6.322033465313879885e-01
6.313957599145867405e-01
6.310700709487626625e-01
6.313639477302633862e-01
6.314515180020519036e-01
6.315918988426802994e-01
6.317499108192843327e-01
6.319210100043785028e-01
6.325608007822621781e-01
6.330625827789191362e-01
6.332573082593697666e-01
6.333213896185507785e-01
6.330947304147049870e-01
6.332322749138104001e-01
6.336374783334466354e-01
6.336831191676483011e-01
6.337024670764626055e-01
6.338217620003691044e-01
6.338695903871404136e-01
6.339024575182337085e-01
6.339323744491951462e-01
6.339655386018273608e-01
6.333938250394581804e-01
6.334794172914984811e-01
6.334483439383405967e-01
6.337798188236553054e-01
6.338012268823152162e-01
6.337745065212985196e-01
6.340394595517045984e-01
6.342051002345387989e-01
6.341955721503529375e-01
6.341338623073916603e-01
6.334507427954363390e-01
6.334199818888982536e-01
6.334927614278497154e-01
6.338664619091206598e-01
6.339735513123894162e-01
6.340084078443305460e-01
6.335563564632062938e-01
6.334520899542325223e-01
6.336568728168985309e-01
6.326595806648697140e-01
6.339365421407545664e-01
6.342653162598401728e-01
6.336827458475152719e-01
6.337373593538171423e-01
6.337009802935807956e-01
6.326012871080247679e-01
6.325780463854110414e-01
6.336034005493059729e-01
6.337033238857056050e-01
6.315701441393575255e-01
6.317775668848145676e-01
6.318648213471793618e-01
6.319082140166484285e-01
6.323898450807178273e-01
6.329450288117579593e-01
6.329207775827478955e-01
6.328881588161053839e-01
6.327499209721055839e-01
6.330352202719681243e-01
6.328029873638744141e-01
6.328742599250173351e-01
6.324513852970848893e-01
6.324778180758565682e-01
6.325418846818121610e-01
6.323708622102108823e-01
6.322134706408467641e-01
6.321243289338770444e-01
6.313725073793119424e-01
6.306638174866456836e-01
6.302155571393739386e-01
6.298678373739972081e-01
6.296101615466305201e-01
6.297498686974001281e-01
6.298669943619469302e-01
6.299854701853931926e-01
6.300365423022111777e-01
6.303374294933111743e-01
6.307661085077768126e-01
6.309314971178705544e-01
6.302905708817742036e-01
6.304214657893107976e-01
6.305668585322539155e-01
6.307309123593872746e-01
6.308089020774302336e-01
6.307534032837182059e-01
6.309028631893390804e-01
6.309884041062755466e-01
6.311791950656954198e-01
6.316780650301846434e-01
6.321886177793725192e-01
6.322126418295622718e-01
6.328225827884292887e-01
6.331416695904985570e-01
6.342522648058063206e-01
6.352979259565418868e-01
6.356450472835899479e-01
6.366534900500410155e-01
6.367543282851144681e-01
6.363183161025648404e-01
6.366839151957957021e-01
6.361296379727408024e-01
6.361419864597026574e-01
6.359573858574580907e-01
6.361065003473544976e-01
6.361287842760371403e-01
6.361885487918136350e-01
6.362526258805053514e-01
6.361118087867263515e-01
6.349792219765397761e-01
6.348738536048791348e-01
6.342201565350278347e-01
6.341059399744570779e-01
6.340448029609906389e-01
6.341327515217145550e-01
6.339555502081122285e-01
6.350472712727849300e-01
6.347122405920516686e-01
6.343975235715038075e-01
6.341702437703525819e-01
6.342183359193874770e-01
6.333262452743750881e-01
6.333222658757661216e-01
6.333156376413838773e-01
6.333094708551360030e-01
6.334506564380216753e-01
6.334715364010343741e-01
6.334754817327925558e-01
6.334312891319368033e-01
6.333524228032345604e-01
6.335574501243307344e-01
6.331506715449338740e-01
6.330644151297395439e-01
6.333531878457762110e-01
6.338322735446506595e-01
6.338624261071581500e-01
6.339461898461649092e-01
6.336034213009199556e-01
6.338471447720863683e-01
6.336942134181035025e-01
6.334340762809241854e-01
6.333472431778262024e-01
6.333411100906325419e-01
6.332573710615757578e-01
6.332901171583499300e-01
6.331313685153342474e-01
6.330528437896116856e-01
6.330580706439801197e-01
6.330267133357777576e-01
6.331098632074549926e-01
6.328626831678653142e-01
6.329138475282302112e-01
6.327359827416164650e-01
6.329749090716778603e-01
6.328747723572140105e-01
6.328175399564949233e-01
6.327029285238888745e-01
6.323447359809667434e-01
6.322289004522866351e-01
6.322147981482546530e-01
6.318617266682143851e-01
6.313895471485402311e-01
6.317156217261300499e-01
6.311427878615395448e-01
6.310340115638209957e-01
6.310093030580956608e-01
6.309883811366019390e-01
6.313240290738231231e-01
6.312920298507795902e-01
6.308719924047399008e-01
6.317496912171571832e-01
6.300457467613779228e-01
6.299688556174445342e-01
6.302049826043565339e-01
6.298098746800504522e-01
6.302113188348460460e-01
6.322905487366450306e-01
6.329833162386695466e-01
6.351139663226406107e-01
6.356737315155647217e-01
6.358722404588037502e-01
6.360078839478495727e-01
6.362707669215361683e-01
6.359931884727035856e-01
6.358452729631161038e-01
6.359201025456506784e-01
6.359357123411792934e-01
6.360599817618024510e-01
6.360730300991762620e-01
6.360033076939985985e-01
6.359129147988742403e-01
6.356492494361143386e-01
6.359346666929894809e-01
6.360634630797107336e-01
6.356835443767574478e-01
6.361284351751788080e-01
6.361241621853588324e-01
6.361905100972643501e-01
6.361949865453521147e-01
6.360725461201665043e-01
6.360880192963329627e-01
6.348730206996545666e-01
6.357115785937310637e-01
6.347478639659084321e-01
6.358230302250938992e-01
6.345840855306817963e-01
6.354068705300659481e-01
6.356566281151878606e-01
6.356844159730505872e-01
6.353855255367557575e-01
6.337261385745014408e-01
6.334391913996169077e-01
6.325286737719137964e-01
6.324517941262101095e-01
6.341293336334685726e-01
6.343855214840503631e-01
6.344202556700635487e-01
6.342503016367903035e-01
6.341896557684325586e-01
6.331732454084434414e-01
6.340074191712444795e-01
6.323928070732121043e-01
6.329177953809899115e-01
6.338974002364494709e-01
6.330917702202707442e-01
6.323765315350211580e-01
6.320794263955936687e-01
6.317763768002377933e-01
6.316465010842253758e-01
6.319279733745259975e-01
6.323451093420456859e-01
6.320145043928904194e-01
6.317471332243386195e-01
6.312529547650015394e-01
6.309825626534968368e-01
6.332027099383552571e-01
6.324965482207491885e-01
6.324280027317827901e-01
6.315406828212014601e-01
6.313621111116343165e-01
6.317821174962409136e-01
6.302042571426076378e-01
6.298936705638732425e-01
6.296291975649072059e-01
6.300892861348226237e-01
6.299480243720394501e-01
6.303935984830937311e-01
6.309320627869763332e-01
6.307243144647467492e-01
6.304694185249091198e-01
6.301687187123253819e-01
6.300072801912816045e-01
6.298456646171618489e-01
6.289871917397731327e-01
6.288332002196319603e-01
6.289238555497825844e-01
6.287848289124201573e-01
6.288829334646129920e-01
6.296283800866996350e-01
6.295837725845931931e-01
6.302247498611138754e-01
6.314193242776545700e-01
6.319670642549959361e-01
6.334661095605187420e-01
6.342946043299968473e-01
6.362236485091913307e-01
6.362949333803815666e-01
6.361951466868650540e-01
6.367107205287105831e-01
6.368801671833114186e-01
6.370118133357257628e-01
6.361647279255832066e-01
6.364413448370788151e-01
6.366204367400268849e-01
6.365473455900234612e-01
6.365711681877173067e-01
6.367372807200400997e-01
6.360527316171966650e-01
6.357412239795080522e-01
6.360209175797568726e-01
6.360240771213171440e-01
6.357369204647081995e-01
6.357444039929088797e-01
6.357700260733520903e-01
6.356777846725550907e-01
6.356930844654429258e-01
6.358075972560364164e-01
6.359868122752058150e-01
6.358370847666408032e-01
6.355830103278430343e-01
6.355844434456981995e-01
6.353126762786435178e-01
6.354491298562154888e-01
6.354561156515530218e-01
6.352588911666142701e-01
6.352533862759710548e-01
6.352315006718095569e-01
6.351244172486648631e-01
6.350848925966442460e-01
6.349888871627760167e-01
6.348927606830497838e-01
6.347193439272695858e-01
6.343533453591521099e-01
6.341330988124472823e-01
6.339628300244883885e-01
6.339517771524149081e-01
6.340300776614472555e-01
6.339945358217611293e-01
6.339646548491801870e-01
6.339330201774503459e-01
6.339517280727704485e-01
6.338091905277429827e-01
6.337895118524040639e-01
6.339243145647087685e-01
6.339613870866291911e-01
6.339583450316697011e-01
6.340254745998541441e-01
6.342213361697478513e-01
6.342422586700265930e-01
6.339471209958984499e-01
6.340296629069936962e-01
6.337468743802553428e-01
6.337924307577066374e-01
6.339254535745221242e-01
6.340402124755297741e-01
6.338994018595949242e-01
6.335462654372925329e-01
6.339438327781253824e-01
6.340020950705882452e-01
6.340670791496920700e-01
6.341053561370842973e-01
6.333376689391332359e-01
6.339617254288960613e-01
6.338518146679594789e-01
6.337213645207685486e-01
6.337599345534508100e-01
6.331592852238467906e-01
6.328660504895974315e-01
6.331377367682921031e-01
6.327188793318407889e-01
6.324422090424123288e-01
6.323773284090613567e-01
6.323875972382759780e-01
6.326362312824282963e-01
6.326728739144571456e-01
6.327476371012320522e-01
6.330363792601428896e-01
6.333897125026124453e-01
6.333892604125975767e-01
6.348871258856644273e-01
6.349159390547649551e-01
6.332900683323461344e-01
6.333467131517401816e-01
6.333240811254987612e-01
6.340288561855540461e-01
6.340486512238008299e-01
6.346821327525190570e-01
6.348398855859651579e-01
6.349585050887316395e-01
6.351537160419511441e-01
6.347362785288127585e-01
6.344687779124642546e-01
6.345185783272536684e-01
6.346323850768847974e-01
6.345424436645122901e-01
6.344793248203699498e-01
6.344010001155822032e-01
6.342947008914676665e-01
6.337733542450981750e-01
6.342928277583858021e-01
6.336636522721678100e-01
6.336700806928422525e-01
6.336361537151977696e-01
6.336106350338049920e-01
6.330461785170850009e-01
6.336229794843383223e-01
6.336344066724788338e-01
6.334436638266147668e-01
6.336159083520408464e-01
6.336709577376558045e-01
6.327065625946599603e-01
6.326324561575190630e-01
6.326519553029693599e-01
6.323210368786399416e-01
6.323476009682315047e-01
6.327443364767226797e-01
6.327853824220517343e-01
6.323006337634518026e-01
6.327926935916095008e-01
6.328835227670918107e-01
6.313449775765894723e-01
6.310229915471832207e-01
6.317673613799521526e-01
6.328886142904145418e-01
6.317524840319405088e-01
6.319745700723328197e-01
6.328921076788845967e-01
6.328789252415458755e-01
6.324601639246922868e-01
6.334964810527634604e-01
6.318570120745591323e-01
6.314725857166336720e-01
6.316158221365781866e-01
6.309607638191623291e-01
6.312832529521053004e-01
6.316209544495970940e-01
6.320178080928688935e-01
6.323374597983549839e-01
6.327360447270234944e-01
6.327375293265785627e-01
6.324431954585761906e-01
6.322324448577847367e-01
6.323064400405929986e-01
6.323644497084752736e-01
6.323940094974704884e-01
6.324358374799617932e-01
6.325185772839524434e-01
6.325946566670563875e-01
6.326848187813791657e-01
6.327424390919293984e-01
6.327970562606721749e-01
6.318812700491754919e-01
6.325000176227874027e-01
6.325975267662743429e-01
6.340228559927714169e-01
6.348897633804292395e-01
6.350653372562709009e-01
6.349906280812047665e-01
6.366577569935744085e-01
6.372620832029642912e-01
6.380647137661610291e-01
6.381871413794631964e-01
6.388559600574338360e-01
6.395824280118743710e-01
6.397424027259417390e-01
6.397605320053714184e-01
6.397999375081657725e-01
6.396205337369530453e-01
6.396629681391424738e-01
6.396374970340443777e-01
6.393334550498914748e-01
6.393494653916301784e-01
6.393122159894500944e-01
6.394979026400395838e-01
6.393140960125416328e-01
6.400291310952751500e-01
6.399121332468966639e-01
6.396984773764191612e-01
6.401537003369249801e-01
6.399625889539721779e-01
6.395162805226259906e-01
6.389305143488512861e-01
6.390611180932096458e-01
6.390274407176760318e-01
6.397767078730215440e-01
6.392883427015080278e-01
6.386264681143541955e-01
6.382264058923726724e-01
6.389098725181763250e-01
6.390569625229325368e-01
6.390349979956752025e-01
6.374643498770437011e-01
6.376854786576093836e-01
6.368175820526222886e-01
6.372564727231180282e-01
6.373172915589253584e-01
6.373951400066877326e-01
6.376206580637722166e-01
6.378608618756537174e-01
6.388360358319433718e-01
6.392876726793497166e-01
6.401050446630479618e-01
6.413247333721051602e-01
6.428602418523411410e-01
6.429649707863768215e-01
6.430065769345886251e-01
6.430828755373374506e-01
6.429567549748598232e-01
6.428794865511007206e-01
6.429502379687532798e-01
6.429406747183125104e-01
6.427646756314021603e-01
6.427919067353285998e-01
6.427314680250960643e-01
6.426938896085601094e-01
6.426355532918679447e-01
6.426146577571141272e-01
6.428164767333918173e-01
6.427609901394455427e-01
6.426989803998521822e-01
6.425565212667526671e-01
6.425547399882011179e-01
6.421967950763850519e-01
6.423695433939177191e-01
6.424254528634951722e-01
6.424628245641578195e-01
6.424632269584563682e-01
6.424360039147529733e-01
6.424270201696861138e-01
6.418265188086241801e-01
6.418339723418778897e-01
6.416001176847476728e-01
6.416403602930248473e-01
6.416593514271226040e-01
6.417462836954317407e-01
6.413641242060414971e-01
6.420000135964936128e-01
6.421799600187488855e-01
6.422598801411967262e-01
6.424012514655293993e-01
6.436422337328057131e-01
6.431774738487019416e-01
6.434324726178535236e-01
6.432021487646395475e-01
6.430486243016968473e-01
6.429601999710117255e-01
6.429857131108887014e-01
6.442647863708244049e-01
6.438563075632888211e-01
6.441878243514599367e-01
6.434760638130543331e-01
6.435445181926877645e-01
6.439668535015546924e-01
6.431656502069638126e-01
6.431954656420786343e-01
6.432384123893685191e-01
6.432667105499265681e-01
6.432851094580682716e-01
6.432939747878368975e-01
6.431851145768266997e-01
6.431871093296107622e-01
6.430541851611648596e-01
6.430543622391514669e-01
6.429243716419669186e-01
6.430167779721933652e-01
6.432008198677062749e-01
6.432152130442825300e-01
6.432403567276316902e-01
6.433111843113968886e-01
6.433622341320034410e-01
6.436030531050764836e-01
6.424929641600609642e-01
6.428620795518165121e-01
6.428428542762441023e-01
6.428563389088784996e-01
6.428489550133911212e-01
6.428417980405564114e-01
6.425056340295065560e-01
6.422881805969345992e-01
6.422196300957965232e-01
6.421808364998036200e-01
6.423124432053338717e-01
6.422462781151717648e-01
6.427669797930088968e-01
6.429757991998752420e-01
6.431002440429322009e-01
6.429528858359139232e-01
6.428897703666263119e-01
6.441160377622852096e-01
6.446867721192117706e-01
6.447347663081808289e-01
6.442485852222278320e-01
6.439104657869262338e-01
6.443045304060607270e-01
6.443002818701996093e-01
6.442143340628555537e-01
6.442748458163199965e-01
6.438862645204180835e-01
6.441993054258358109e-01
6.443743367107696018e-01
6.443867868494986828e-01
6.432686798940755457e-01
6.433235993841589506e-01
6.435141583565170409e-01
6.433677891103802837e-01
6.435984149849458547e-01
6.435303699503290842e-01
6.430618444574653925e-01
6.430659805272475049e-01
6.431536626473017826e-01
6.431861130475539090e-01
6.422694553050546373e-01
6.429080929892669882e-01
6.428108063573944042e-01
6.427445172377943550e-01
6.420690498696370874e-01
6.426976000138343581e-01
6.419672218730505531e-01
6.425988741912198599e-01
6.417144130135173929e-01
6.419146953835334068e-01
6.415884231839834584e-01
6.415440790736162135e-01
6.417694346758595625e-01
6.415402669017311599e-01
